 109 8 8
Station_Location: N-S
 -0.4050E+06  0.3780E+06  0.1740E+06  0.9000E+05  0.4200E+05  0.3000E+05 -0.1800E+05 -0.1020E+06
 -0.9000E+05 -0.1020E+06 -0.1620E+06 -0.1740E+06 -0.2340E+06 -0.2340E+06 -0.3060E+06 -0.3060E+06
 -0.3780E+06 -0.3780E+06  0.5400E+05  0.3000E+05  0.1800E+05  0.5400E+05 -0.1800E+05 -0.3000E+05
 -0.3000E+05 -0.3000E+05 -0.3000E+05 -0.3000E+05 -0.3000E+05 -0.1800E+05 -0.9000E+05 -0.9000E+05
 -0.1020E+06 -0.9000E+05 -0.1020E+06 -0.1140E+06 -0.1020E+06 -0.1620E+06 -0.1620E+06 -0.1980E+06
 -0.1620E+06 -0.1860E+06 -0.1620E+06 -0.1860E+06 -0.1740E+06 -0.2340E+06 -0.2340E+06 -0.2580E+06
 -0.2580E+06 -0.2580E+06 -0.2460E+06 -0.2460E+06 -0.2460E+06 -0.2940E+06 -0.2940E+06 -0.3180E+06
 -0.3300E+06 -0.3180E+06 -0.3060E+06 -0.3180E+06 -0.3180E+06 -0.3180E+06 -0.3660E+06 -0.3660E+06
 -0.3780E+06 -0.3900E+06 -0.3900E+06 -0.3900E+06 -0.3780E+06 -0.3900E+06 -0.9000E+05  0.3540E+06
  0.3900E+06  0.3780E+06  0.2940E+06  0.2940E+06  0.2940E+06  0.3300E+06  0.3300E+06  0.3300E+06
  0.3060E+06  0.2460E+06  0.2580E+06  0.2580E+06  0.2580E+06  0.2460E+06  0.2460E+06  0.2460E+06
  0.2460E+06  0.1860E+06  0.1740E+06  0.1980E+06  0.1980E+06  0.1860E+06  0.1860E+06  0.1860E+06
  0.1740E+06  0.1260E+06  0.1140E+06  0.1140E+06  0.1140E+06  0.1020E+06  0.1140E+06  0.1020E+06
  0.1140E+06  0.4200E+05  0.3000E+05  0.3000E+05  0.4200E+05
Station_Location: E-W
 -0.3540E+06  0.2700E+06  0.2820E+06  0.2940E+06  0.2940E+06  0.3660E+06  0.2940E+06  0.2580E+06
  0.3180E+06  0.4050E+06  0.2460E+06  0.3180E+06  0.2580E+06  0.3300E+06  0.2460E+06  0.3300E+06
  0.2820E+06  0.3420E+06 -0.2700E+06  0.1020E+06  0.1620E+06  0.2100E+06 -0.2580E+06 -0.1980E+06
 -0.1020E+06 -0.5400E+05  0.3000E+05  0.7800E+05  0.1740E+06  0.2220E+06 -0.3180E+06 -0.1740E+06
 -0.1020E+06 -0.3000E+05  0.3000E+05  0.1020E+06  0.1740E+06 -0.3060E+06 -0.2700E+06 -0.1980E+06
 -0.1140E+06 -0.1800E+05  0.4200E+05  0.1140E+06  0.1740E+06 -0.2940E+06 -0.2460E+06 -0.1620E+06
 -0.1020E+06 -0.6000E+04  0.5400E+05  0.1260E+06  0.1740E+06 -0.3810E+06 -0.2820E+06 -0.2220E+06
 -0.1500E+06 -0.7800E+05 -0.3000E+05  0.5400E+05  0.1260E+06  0.1860E+06 -0.3060E+06 -0.2220E+06
 -0.1620E+06 -0.9000E+05 -0.1800E+05  0.5400E+05  0.1380E+06  0.1980E+06 -0.2580E+06 -0.1980E+06
 -0.1500E+06  0.1860E+06 -0.3180E+06 -0.2580E+06 -0.1500E+06 -0.1020E+06 -0.1800E+05  0.4200E+05
  0.1980E+06 -0.3180E+06 -0.2100E+06 -0.1260E+06 -0.4200E+05  0.6000E+04  0.6600E+05  0.1380E+06
  0.2100E+06 -0.3060E+06 -0.2100E+06 -0.1500E+06 -0.6600E+05  0.6000E+04  0.7800E+05  0.1500E+06
  0.2100E+06 -0.2820E+06 -0.1980E+06 -0.1380E+06 -0.6600E+05  0.6000E+04  0.6600E+05  0.1500E+06
  0.2220E+06 -0.1860E+06 -0.1140E+06 -0.5400E+05  0.6000E+04
DATA_Period:   0.1024E+03
 -0.2593E-03 -0.4709E-04  0.1089E-02 -0.1347E-02 -0.3850E-02  0.1671E-02  0.4148E-03 -0.1765E-03
 -0.2141E-06 -0.3924E-04  0.3867E-03 -0.7978E-03 -0.4676E-03  0.8608E-03 -0.1534E-03  0.5919E-04
 -0.1128E-03  0.5049E-04  0.9962E-03 -0.1506E-02 -0.2690E-02  0.2711E-02 -0.3140E-04  0.2316E-05
 -0.3496E-03 -0.3095E-03  0.2954E-02 -0.3530E-02 -0.3116E-02  0.4488E-02  0.6827E-04  0.5521E-03
  0.6187E-04 -0.3346E-04  0.1365E-02 -0.2132E-02 -0.1381E-02  0.2256E-02  0.3971E-03 -0.2493E-03
  0.1783E-02 -0.1668E-02  0.1933E-02 -0.3309E-02 -0.5669E-02  0.6273E-02 -0.1843E-03  0.1264E-02
  0.3441E-04 -0.1577E-04  0.6135E-03 -0.1116E-02 -0.7653E-03  0.1172E-02 -0.2416E-03  0.2256E-03
  0.2519E-03 -0.4182E-03  0.8988E-03 -0.1890E-02 -0.1004E-02  0.1960E-02 -0.2266E-03  0.2797E-03
  0.1660E-04 -0.6230E-04  0.5556E-03 -0.1135E-02 -0.1238E-02  0.1097E-02 -0.5716E-03  0.1960E-03
  0.2688E-04 -0.5358E-04  0.3744E-03 -0.9307E-03 -0.2994E-02  0.1406E-02 -0.4213E-03  0.1829E-03
  0.1035E-04 -0.6394E-05  0.2929E-03 -0.6870E-03 -0.4056E-03  0.8037E-03  0.5570E-05 -0.4674E-05
  0.2259E-03 -0.2337E-03  0.9219E-03 -0.1753E-02 -0.8297E-03  0.1429E-02 -0.6422E-04  0.1030E-03
 -0.3347E-04  0.4655E-04  0.5484E-03 -0.1323E-02 -0.6433E-03  0.1449E-02 -0.3181E-04  0.2716E-04
  0.2754E-03 -0.2467E-03  0.1114E-02 -0.1917E-02 -0.7468E-03  0.1439E-02 -0.1324E-03  0.1191E-03
 -0.4954E-05  0.7522E-05  0.1762E-03 -0.4951E-03 -0.2758E-03  0.5481E-03  0.1942E-04 -0.5130E-05
 -0.1373E-03  0.2085E-03  0.1701E-02 -0.3238E-02 -0.7379E-03  0.1784E-02  0.7646E-04 -0.8554E-04
  0.9293E-04  0.9301E-05  0.1558E-02 -0.3691E-02 -0.9629E-03  0.2643E-02 -0.1483E-04 -0.6046E-04
  0.4318E-04  0.1317E-04  0.1918E-02 -0.3140E-02 -0.1238E-02  0.2380E-02 -0.5993E-04  0.2167E-04
 -0.9230E-05 -0.1083E-04  0.6552E-03 -0.7905E-03 -0.1067E-02  0.8915E-03 -0.4159E-04  0.3102E-05
  0.2800E-03 -0.4216E-04  0.1037E-02 -0.1160E-02 -0.1304E-02  0.9152E-03 -0.2051E-03  0.2560E-05
 -0.3351E-04  0.6413E-04  0.5671E-03 -0.9871E-03 -0.9675E-03  0.1343E-02  0.1276E-03 -0.2193E-03
  0.3423E-04  0.7743E-04  0.7761E-03 -0.1224E-02 -0.8206E-03  0.1141E-02  0.1432E-03 -0.1323E-03
 -0.2701E-03  0.3935E-05  0.6137E-03 -0.9443E-03 -0.9003E-03  0.8364E-03  0.2366E-03 -0.1614E-03
 -0.9926E-03  0.5600E-03  0.1395E-02 -0.1697E-02 -0.1678E-02  0.1189E-02  0.9488E-04 -0.1869E-03
 -0.4622E-04 -0.5397E-05  0.5475E-03 -0.7101E-03 -0.8781E-03  0.7133E-03  0.1577E-03  0.8444E-04
 -0.2087E-03 -0.4295E-04  0.1250E-02 -0.9815E-03 -0.1029E-02  0.8381E-03  0.1656E-03  0.1091E-03
  0.5694E-04  0.1101E-03  0.1254E-02 -0.1288E-02 -0.7454E-03  0.1030E-02  0.4859E-04 -0.1427E-03
  0.1334E-02 -0.6547E-03  0.2974E-02 -0.3278E-02 -0.2485E-02  0.2593E-02 -0.1944E-02  0.1227E-02
  0.1782E-03 -0.1677E-03  0.7462E-03 -0.1547E-02 -0.5430E-03  0.1268E-02 -0.4180E-04  0.2885E-04
  0.1396E-03 -0.1276E-03  0.8532E-03 -0.1742E-02 -0.1094E-02  0.1435E-02 -0.3595E-03  0.2499E-03
  0.1460E-04  0.2340E-05  0.5130E-03 -0.7273E-03 -0.6677E-03  0.7228E-03 -0.1915E-05  0.6097E-04
  0.7812E-03 -0.6478E-03  0.5221E-03 -0.1209E-02 -0.8606E-02  0.8388E-02 -0.2677E-02  0.1790E-02
 -0.6217E-04  0.6591E-04  0.7228E-03 -0.1077E-02 -0.1130E-02  0.1355E-02  0.1769E-03 -0.9616E-04
  0.1927E-03 -0.4751E-04  0.1480E-02 -0.1817E-02 -0.1462E-02  0.2137E-02 -0.4243E-03  0.1614E-03
  0.1374E-03 -0.7997E-04  0.1517E-02 -0.1930E-02 -0.7040E-03  0.1120E-02 -0.1080E-03  0.1177E-03
 -0.4792E-04 -0.7277E-05  0.3393E-03 -0.7137E-03 -0.6844E-03  0.7805E-03 -0.7045E-04  0.2807E-04
 -0.1120E-04  0.2270E-05  0.1616E-03 -0.4751E-03 -0.3351E-03  0.5018E-03 -0.2662E-05  0.3969E-06
 -0.5290E-04 -0.4329E-05  0.7793E-03 -0.5487E-03 -0.2037E-03  0.4120E-03 -0.4424E-04  0.2788E-04
 -0.2587E-02  0.2903E-02  0.6670E-02 -0.8765E-02 -0.1281E-02  0.2465E-02  0.2160E-02 -0.1938E-02
  0.1077E-02 -0.9832E-03  0.1281E-02 -0.2468E-02 -0.7841E-02  0.9268E-02 -0.1032E-02  0.3382E-03
  0.1602E-03 -0.5450E-04  0.1284E-02 -0.1595E-02 -0.9894E-03  0.1434E-02 -0.2904E-03  0.1373E-03
 -0.1535E-03  0.6179E-04  0.1074E-02 -0.1803E-02 -0.6308E-03  0.1355E-02 -0.3494E-03  0.3416E-03
  0.6581E-03 -0.6613E-03  0.1020E-02 -0.2105E-02 -0.1945E-02  0.2998E-02 -0.7135E-03  0.9194E-03
  0.5638E-04 -0.4141E-04  0.6352E-03 -0.1194E-02 -0.8963E-03  0.1443E-02 -0.7988E-04  0.5244E-04
 -0.2808E-03  0.1850E-03  0.8846E-03 -0.1553E-02 -0.1372E-02  0.1639E-02  0.1107E-03 -0.1356E-03
 -0.8546E-04  0.3153E-03  0.1267E-02 -0.1563E-02 -0.8808E-03  0.1368E-02  0.1580E-03 -0.1771E-03
  0.3265E-02 -0.1944E-02  0.2550E-02 -0.3472E-02 -0.1675E-02  0.1999E-02 -0.7176E-03  0.5084E-03
 -0.2124E-03  0.1955E-03  0.1077E-02 -0.1806E-02 -0.8944E-03  0.1722E-02  0.2014E-03 -0.1439E-03
  0.3607E-04 -0.2384E-04  0.7996E-03 -0.1091E-02 -0.6610E-03  0.9525E-03  0.6565E-05  0.2783E-04
  0.4580E-03 -0.3359E-03  0.1855E-02 -0.2680E-02 -0.9025E-03  0.1585E-02 -0.2720E-03  0.1790E-03
  0.2634E-04 -0.9093E-04  0.8290E-03 -0.1439E-02 -0.1028E-02  0.1657E-02 -0.6583E-04  0.9105E-04
 -0.2817E-03  0.2464E-03  0.6941E-03 -0.1190E-02 -0.8069E-03  0.1241E-02  0.1022E-03 -0.7371E-04
 -0.4837E-03  0.4926E-03  0.7561E-03 -0.1474E-02 -0.1148E-02  0.1966E-02  0.1265E-03 -0.6089E-04
  0.1984E-04  0.4933E-04  0.9671E-03 -0.5383E-03 -0.1192E-02  0.1133E-02  0.6029E-04  0.2716E-04
  0.4315E-02 -0.2875E-02  0.6745E-02 -0.7946E-02 -0.3922E-02  0.4973E-02 -0.2839E-02  0.2572E-02
 -0.4118E-03  0.2547E-03  0.1044E-02 -0.1703E-02 -0.1154E-02  0.1675E-02  0.3562E-03 -0.1328E-03
 -0.6179E-04  0.6443E-04  0.1033E-02 -0.1803E-02 -0.8783E-03  0.1708E-02  0.1484E-03 -0.1455E-03
 -0.9284E-05  0.1294E-05  0.5503E-03 -0.9138E-03 -0.7968E-03  0.1131E-02  0.6298E-05 -0.2046E-04
  0.5606E-04 -0.2216E-04  0.7718E-03 -0.1395E-02 -0.7150E-03  0.1255E-02  0.6555E-04 -0.7993E-04
  0.8643E-04 -0.4410E-05  0.8292E-03 -0.1209E-02 -0.8212E-03  0.1295E-02 -0.7691E-04  0.1396E-04
  0.5672E-03 -0.9070E-03  0.1602E-02 -0.2934E-02 -0.1077E-02  0.2264E-02 -0.2806E-03  0.5416E-03
 -0.1417E-03  0.3048E-04  0.7996E-03 -0.1480E-02 -0.9408E-03  0.1533E-02  0.2802E-03 -0.2317E-03
  0.2089E-03  0.2851E-05  0.9237E-03 -0.1326E-02 -0.8389E-03  0.1078E-02 -0.1477E-03  0.3242E-04
  0.7512E-04 -0.1364E-03  0.9367E-03 -0.1699E-02 -0.8461E-03  0.1440E-02 -0.1617E-03  0.1741E-03
  0.2477E-04 -0.1879E-04  0.7382E-03 -0.1165E-02 -0.7326E-03  0.1196E-02 -0.2504E-04  0.7258E-05
 -0.1770E-04  0.1234E-05  0.9650E-03 -0.1491E-02 -0.9636E-03  0.1512E-02  0.5028E-04 -0.2002E-04
 -0.2567E-03  0.1946E-03  0.9915E-03 -0.1667E-02 -0.1047E-02  0.1914E-02  0.7478E-04 -0.8680E-04
 -0.2717E-03  0.2962E-03  0.8937E-03 -0.1433E-02 -0.1247E-02  0.1835E-02  0.3560E-03 -0.3003E-03
 -0.5705E-05  0.8016E-05  0.8125E-03 -0.1453E-02 -0.1063E-02  0.1730E-02 -0.1896E-03 -0.2885E-04
 -0.1923E-03  0.1834E-03  0.2639E-02 -0.3838E-02 -0.8086E-03  0.1836E-02 -0.1034E-03  0.1087E-03
 -0.2821E-04  0.8266E-04  0.7976E-03 -0.1068E-02 -0.1061E-02  0.1176E-02  0.3623E-03 -0.1610E-03
 -0.1350E-03  0.1252E-03  0.1533E-02 -0.1633E-02 -0.1578E-02  0.1899E-02  0.3126E-03 -0.2108E-03
 -0.7835E-03  0.4107E-03  0.1029E-02 -0.1496E-02 -0.3329E-02  0.2570E-02  0.1203E-02 -0.6028E-03
 -0.1542E-03  0.1721E-04  0.3957E-03 -0.7906E-03 -0.3080E-02  0.1557E-02  0.1245E-02  0.1577E-03
  0.5863E-05  0.8743E-04  0.1448E-02 -0.1519E-02 -0.9162E-03  0.5688E-03 -0.7829E-05  0.6140E-04
 -0.8632E-04 -0.4135E-04  0.9013E-03 -0.7595E-03 -0.1290E-02  0.1009E-02  0.2108E-03  0.1935E-03
 -0.1169E-02  0.1101E-02  0.3090E-02 -0.3599E-02 -0.1659E-02  0.2369E-02  0.2018E-02 -0.1925E-02
 -0.1733E-03  0.1214E-03  0.5448E-03 -0.1230E-02 -0.1835E-02  0.2363E-02  0.7156E-03 -0.5299E-03
 -0.5770E-04  0.2327E-04  0.5597E-03 -0.1240E-02 -0.7031E-03  0.1374E-02 -0.2041E-03  0.5770E-04
  0.2767E-05  0.2103E-03  0.2681E-02 -0.4044E-02 -0.2374E-02  0.3312E-02  0.1404E-03 -0.3984E-03
 -0.2771E-05  0.4782E-05  0.1139E-03 -0.5718E-03 -0.1104E-03  0.5530E-03  0.2652E-05 -0.3296E-05
 -0.1458E-03  0.1267E-03  0.6420E-03 -0.1018E-02 -0.5927E-03  0.9354E-03  0.1149E-03 -0.1017E-03
  0.1011E-02 -0.1958E-03  0.3534E-02 -0.2234E-02 -0.9724E-03  0.1187E-02 -0.1224E-02  0.4185E-03
  0.4478E-03 -0.3767E-03  0.3451E-02 -0.4738E-02 -0.1380E-02  0.2071E-02  0.7444E-03 -0.7173E-03
 -0.2509E-04 -0.9261E-05  0.6952E-03 -0.1030E-02 -0.5692E-03  0.1062E-02 -0.3548E-03  0.3537E-03
  0.3910E-04  0.3084E-05  0.2357E-02 -0.3158E-02 -0.1716E-02  0.2742E-02 -0.1169E-02  0.1038E-02
 -0.3585E-03  0.1147E-03  0.3250E-02 -0.4836E-02 -0.1659E-02  0.2804E-02 -0.2134E-03  0.5250E-03
 -0.3406E-02  0.2123E-02  0.5065E-02 -0.6130E-02 -0.3592E-02  0.4493E-02  0.2462E-02 -0.1576E-02
  0.1460E-03 -0.4000E-04  0.1548E-02 -0.1843E-02 -0.8975E-03  0.1499E-02  0.1555E-03 -0.2764E-03
  0.3001E-04 -0.1228E-04  0.5208E-03 -0.7939E-03 -0.7728E-03  0.7895E-03 -0.1766E-04  0.2984E-04
 -0.9863E-04  0.3955E-04  0.1076E-02 -0.9398E-03 -0.9870E-03  0.7744E-03 -0.1045E-03 -0.6317E-04
  0.4380E-03  0.2109E-03  0.6160E-03 -0.8892E-03 -0.1092E-02  0.6744E-03 -0.2822E-03  0.4573E-06
  0.3247E-03 -0.7576E-04  0.1993E-02 -0.1633E-02 -0.7379E-03  0.1126E-02 -0.4224E-03  0.1189E-03
 -0.4438E-04  0.2085E-04  0.6577E-03 -0.8152E-03 -0.9661E-03  0.9642E-03 -0.4785E-05 -0.4801E-04
  0.3378E-03 -0.3198E-03  0.6398E-03 -0.1129E-02 -0.2278E-02  0.2366E-02  0.1137E-03 -0.1146E-04
 -0.1001E-02  0.7797E-03  0.1437E-02 -0.1666E-02 -0.7116E-02  0.7938E-02  0.3206E-02 -0.1807E-02
 -0.1102E-02  0.4139E-03  0.2712E-02 -0.2956E-02 -0.4597E-02  0.5195E-02  0.1622E-02 -0.1830E-03
 -0.4274E-03  0.1967E-03  0.1579E-02 -0.1527E-02 -0.1037E-02  0.1211E-02  0.2509E-03 -0.1932E-03
  0.7002E-03 -0.1105E-03  0.9304E-03 -0.1415E-02 -0.3854E-02  0.1882E-02 -0.7794E-03  0.4097E-04
 -0.1652E-03  0.3391E-04  0.3414E-03 -0.7495E-03 -0.6217E-03  0.8999E-03  0.1175E-03 -0.2848E-04
  0.1067E-03 -0.2516E-04  0.1217E-02 -0.1437E-02 -0.1128E-02  0.1433E-02 -0.1512E-03 -0.9026E-05
 -0.1513E-03  0.4462E-05  0.9519E-03 -0.1027E-02 -0.1883E-02  0.1203E-02  0.1908E-03 -0.9623E-04
  0.4399E-04 -0.6403E-04  0.1193E-02 -0.1152E-02 -0.2006E-02  0.1462E-02  0.9710E-04  0.5168E-04
  0.3472E-03 -0.1222E-03  0.1320E-02 -0.1312E-02 -0.2890E-02  0.2687E-02 -0.1216E-03 -0.1619E-03
 -0.4036E-03  0.2779E-04  0.1960E-02 -0.1752E-02 -0.1293E-02  0.1597E-02  0.1221E-03  0.1315E-03
 -0.1354E-02  0.3357E-03  0.2127E-02 -0.2652E-02 -0.3205E-02  0.2512E-02  0.1280E-02 -0.1088E-02
  0.1223E-03  0.6520E-04  0.1388E-02 -0.9795E-03 -0.1259E-02  0.1052E-02 -0.1259E-03 -0.3197E-04
  0.2212E-03 -0.9024E-05  0.1321E-02 -0.1378E-02 -0.2145E-02  0.1521E-02 -0.1214E-03  0.9241E-04
 -0.1407E-04 -0.1330E-04  0.7074E-03 -0.6981E-03 -0.8726E-03  0.7031E-03  0.3292E-04  0.2294E-04
DATA_Period:   0.2156E+03
 -0.2792E-03 -0.2016E-04  0.7798E-03 -0.8561E-03 -0.3405E-02  0.1274E-02  0.2824E-03 -0.1495E-03
 -0.3053E-04 -0.2967E-04  0.2486E-03 -0.4655E-03 -0.3259E-03  0.4912E-03 -0.1115E-03  0.6946E-04
 -0.8286E-04  0.5489E-04  0.6734E-03 -0.9252E-03 -0.1728E-02  0.1948E-02 -0.2019E-04 -0.1051E-04
 -0.3331E-03 -0.7591E-04  0.2084E-02 -0.2277E-02 -0.1982E-02  0.2833E-02  0.1866E-03  0.2662E-03
  0.1660E-04 -0.5528E-04  0.9678E-03 -0.1274E-02 -0.9018E-03  0.1367E-02  0.3146E-03 -0.1817E-03
  0.1140E-02 -0.1193E-02  0.1202E-02 -0.1993E-02 -0.3712E-02  0.4247E-02  0.1474E-03  0.6882E-03
  0.2207E-04 -0.2183E-04  0.4002E-03 -0.6427E-03 -0.5234E-03  0.6979E-03 -0.1382E-03  0.1647E-03
  0.1754E-03 -0.2203E-03  0.7156E-03 -0.9979E-03 -0.7652E-03  0.1048E-02 -0.1658E-03  0.1562E-03
  0.1485E-04 -0.2984E-04  0.3483E-03 -0.6394E-03 -0.1056E-02  0.6872E-03 -0.5466E-03  0.1859E-03
  0.1550E-04 -0.2803E-04  0.1929E-03 -0.5241E-03 -0.2522E-02  0.1190E-02 -0.2851E-03  0.2065E-03
  0.9071E-05  0.4311E-05  0.1851E-03 -0.3584E-03 -0.2603E-03  0.4457E-03 -0.3705E-05 -0.1231E-04
  0.1759E-03 -0.1368E-03  0.6815E-03 -0.9624E-03 -0.6437E-03  0.7946E-03 -0.4940E-04  0.5269E-04
 -0.2073E-04  0.3170E-04  0.3719E-03 -0.6867E-03 -0.4446E-03  0.7614E-03 -0.2282E-04  0.1126E-04
  0.1831E-03 -0.1589E-03  0.7246E-03 -0.1094E-02 -0.4877E-03  0.8017E-03 -0.8472E-04  0.8298E-04
 -0.2539E-05  0.4422E-05  0.9462E-04 -0.2761E-03 -0.1749E-03  0.3155E-03  0.1957E-04 -0.1792E-05
 -0.6281E-04  0.1240E-03  0.9967E-03 -0.1826E-02 -0.4287E-03  0.9706E-03  0.4197E-04 -0.5356E-04
  0.7885E-04 -0.1388E-04  0.9799E-03 -0.1987E-02 -0.5890E-03  0.1404E-02 -0.2278E-04 -0.2625E-04
  0.5223E-04  0.4287E-05  0.1196E-02 -0.1839E-02 -0.7431E-03  0.1366E-02 -0.5782E-04  0.1330E-04
 -0.2573E-04 -0.1217E-04  0.4270E-03 -0.4926E-03 -0.8033E-03  0.5742E-03 -0.3686E-04  0.6095E-05
  0.2316E-03 -0.8204E-04  0.6657E-03 -0.7762E-03 -0.1019E-02  0.7254E-03 -0.1934E-03  0.2285E-04
 -0.1862E-04  0.3846E-04  0.4201E-03 -0.5538E-03 -0.6825E-03  0.8266E-03  0.6049E-04 -0.1400E-03
  0.3894E-04  0.1782E-04  0.5141E-03 -0.7166E-03 -0.5905E-03  0.7147E-03  0.1081E-03 -0.8091E-04
 -0.2449E-03  0.4535E-04  0.3672E-03 -0.5832E-03 -0.7454E-03  0.5235E-03  0.1274E-03 -0.1384E-03
 -0.6701E-03  0.4395E-03  0.8109E-03 -0.1103E-02 -0.1324E-02  0.8279E-03  0.9277E-05 -0.1286E-03
 -0.3973E-04  0.1561E-04  0.3486E-03 -0.4508E-03 -0.6249E-03  0.5613E-03  0.1881E-03  0.5085E-05
 -0.2022E-03  0.4691E-04  0.8563E-03 -0.7548E-03 -0.7219E-03  0.6472E-03  0.2052E-03  0.5581E-05
  0.9297E-04  0.3102E-04  0.8025E-03 -0.9003E-03 -0.4841E-03  0.6372E-03 -0.2821E-05 -0.7422E-04
  0.9940E-03 -0.6369E-03  0.1965E-02 -0.2193E-02 -0.1788E-02  0.1768E-02 -0.1303E-02  0.1028E-02
  0.1210E-03 -0.1212E-03  0.5658E-03 -0.8296E-03 -0.4000E-03  0.6853E-03 -0.2397E-04  0.2041E-04
  0.1263E-03 -0.8113E-04  0.5731E-03 -0.9463E-03 -0.8772E-03  0.8625E-03 -0.3170E-03  0.1515E-03
  0.2568E-04  0.1072E-04  0.3486E-03 -0.4603E-03 -0.5081E-03  0.4523E-03  0.2864E-04  0.3255E-04
  0.5428E-03 -0.4408E-03  0.3813E-03 -0.6719E-03 -0.6165E-02  0.5345E-02 -0.1924E-02  0.1377E-02
 -0.2094E-04  0.5218E-04  0.4205E-03 -0.6407E-03 -0.6368E-03  0.8943E-03  0.1006E-03 -0.9425E-04
  0.1416E-03 -0.6055E-04  0.9175E-03 -0.1168E-02 -0.8675E-03  0.1278E-02 -0.3082E-03  0.1665E-03
  0.7932E-04 -0.9773E-04  0.9604E-03 -0.1209E-02 -0.4291E-03  0.6618E-03 -0.5232E-04  0.9039E-04
 -0.4287E-04  0.7096E-05  0.1797E-03 -0.4220E-03 -0.4757E-03  0.5012E-03 -0.4584E-04  0.3665E-04
 -0.7307E-05  0.5609E-05  0.8499E-04 -0.2614E-03 -0.2462E-03  0.2926E-03  0.1383E-05  0.1056E-05
 -0.2872E-04  0.2242E-04  0.5350E-03 -0.4462E-03 -0.1155E-03  0.2144E-03 -0.2969E-04  0.2615E-04
 -0.1494E-02  0.1768E-02  0.4269E-02 -0.5595E-02 -0.8615E-03  0.1341E-02  0.1324E-02 -0.1410E-02
  0.7782E-03 -0.6209E-03  0.8712E-03 -0.1408E-02 -0.5400E-02  0.5546E-02 -0.9671E-03  0.2883E-03
  0.1337E-03 -0.4286E-04  0.8070E-03 -0.9687E-03 -0.5963E-03  0.8539E-03 -0.2006E-03  0.1230E-03
 -0.7865E-04  0.6267E-04  0.6022E-03 -0.1042E-02 -0.3742E-03  0.7429E-03 -0.2064E-03  0.2285E-03
  0.4476E-03 -0.4169E-03  0.5987E-03 -0.1180E-02 -0.1279E-02  0.1717E-02 -0.4145E-03  0.5885E-03
  0.3602E-04 -0.2691E-04  0.4004E-03 -0.6643E-03 -0.5502E-03  0.8311E-03 -0.5086E-04  0.4129E-04
 -0.1883E-03  0.1535E-03  0.5812E-03 -0.8580E-03 -0.9847E-03  0.1004E-02  0.6700E-04 -0.9642E-04
  0.1669E-04  0.1732E-03  0.7832E-03 -0.1021E-02 -0.5738E-03  0.7647E-03  0.8501E-04 -0.1210E-03
  0.2319E-02 -0.1410E-02  0.1657E-02 -0.2139E-02 -0.1161E-02  0.1192E-02 -0.4856E-03  0.3870E-03
 -0.1303E-03  0.1270E-03  0.6903E-03 -0.1030E-02 -0.5360E-03  0.9675E-03  0.1459E-03 -0.8635E-04
  0.2288E-04 -0.2198E-04  0.4601E-03 -0.6419E-03 -0.3708E-03  0.5748E-03  0.6703E-05  0.1272E-04
  0.2662E-03 -0.2541E-03  0.1132E-02 -0.1546E-02 -0.5254E-03  0.9108E-03 -0.1797E-03  0.1290E-03
 -0.1147E-04 -0.4721E-04  0.5290E-03 -0.8186E-03 -0.6445E-03  0.9525E-03 -0.2579E-04  0.5393E-04
 -0.1778E-03  0.1646E-03  0.4610E-03 -0.6731E-03 -0.5393E-03  0.7082E-03  0.6299E-04 -0.5835E-04
 -0.3391E-03  0.3058E-03  0.5127E-03 -0.8078E-03 -0.7881E-03  0.1090E-02  0.1006E-03 -0.5439E-04
  0.2155E-04  0.1796E-04  0.8221E-03 -0.4137E-03 -0.9626E-03  0.7021E-03  0.7458E-04  0.2397E-04
  0.3433E-02 -0.1874E-02  0.4578E-02 -0.5215E-02 -0.2885E-02  0.2856E-02 -0.1939E-02  0.1842E-02
 -0.3080E-03  0.1871E-03  0.6914E-03 -0.9915E-03 -0.7629E-03  0.9733E-03  0.3103E-03 -0.1242E-03
 -0.5287E-04  0.2911E-04  0.6943E-03 -0.9867E-03 -0.5007E-03  0.9643E-03  0.1053E-03 -0.7770E-04
  0.7446E-06  0.3326E-05  0.3251E-03 -0.5265E-03 -0.4419E-03  0.6908E-03 -0.1164E-04 -0.1372E-04
  0.4044E-04 -0.2243E-04  0.4575E-03 -0.7735E-03 -0.4043E-03  0.7206E-03  0.2659E-04 -0.5202E-04
  0.7128E-04 -0.1761E-04  0.5169E-03 -0.7300E-03 -0.5045E-03  0.7341E-03 -0.5480E-04  0.2553E-04
  0.3439E-03 -0.4813E-03  0.1050E-02 -0.1647E-02 -0.6988E-03  0.1190E-02 -0.1539E-03  0.2903E-03
 -0.1467E-03  0.2191E-04  0.5392E-03 -0.8293E-03 -0.6699E-03  0.8678E-03  0.1966E-03 -0.1599E-03
  0.1725E-03 -0.5318E-04  0.5941E-03 -0.8295E-03 -0.6635E-03  0.5983E-03 -0.1215E-03  0.6086E-04
  0.3151E-04 -0.7923E-04  0.5631E-03 -0.9739E-03 -0.5612E-03  0.7726E-03 -0.8830E-04  0.1271E-03
  0.1679E-04 -0.2043E-04  0.4327E-03 -0.6740E-03 -0.4030E-03  0.6824E-03 -0.2082E-04  0.1141E-04
 -0.7937E-05  0.6344E-05  0.6035E-03 -0.8637E-03 -0.5515E-03  0.8889E-03  0.3456E-04 -0.2002E-04
 -0.1641E-03  0.1500E-03  0.6297E-03 -0.9618E-03 -0.6059E-03  0.1083E-02  0.3545E-04 -0.6288E-04
 -0.1399E-03  0.1988E-03  0.5610E-03 -0.8478E-03 -0.7590E-03  0.1073E-02  0.2159E-03 -0.2307E-03
 -0.6157E-05 -0.5053E-06  0.4891E-03 -0.8505E-03 -0.6423E-03  0.1004E-02 -0.1712E-03  0.3347E-04
 -0.7894E-04  0.1298E-03  0.1596E-02 -0.2264E-02 -0.4553E-03  0.1005E-02 -0.7515E-04  0.6950E-04
  0.3058E-04  0.5842E-04  0.5445E-03 -0.6621E-03 -0.6974E-03  0.7535E-03  0.1987E-03 -0.1782E-03
 -0.1052E-03  0.4343E-04  0.1257E-02 -0.1072E-02 -0.1238E-02  0.1108E-02  0.2689E-03 -0.1229E-03
 -0.6024E-03  0.3450E-03  0.7367E-03 -0.9003E-03 -0.2603E-02  0.1825E-02  0.9411E-03 -0.4998E-03
 -0.1325E-03  0.4758E-04  0.2574E-03 -0.4386E-03 -0.2291E-02  0.1536E-02  0.1251E-02 -0.1214E-03
  0.2946E-04  0.5638E-05  0.1097E-02 -0.9579E-03 -0.8103E-03  0.3650E-03  0.3810E-04  0.6533E-04
 -0.1019E-03 -0.2372E-04  0.6850E-03 -0.5376E-03 -0.1053E-02  0.6009E-03  0.3325E-03  0.1002E-03
 -0.9508E-03  0.5758E-03  0.1987E-02 -0.2295E-02 -0.1266E-02  0.1270E-02  0.1278E-02 -0.1283E-02
 -0.1462E-03  0.7267E-04  0.3495E-03 -0.6800E-03 -0.1440E-02  0.1350E-02  0.6071E-03 -0.3291E-03
 -0.3439E-04  0.2814E-04  0.3371E-03 -0.7160E-03 -0.4632E-03  0.7852E-03 -0.1812E-03  0.7013E-04
  0.3552E-04  0.8638E-04  0.1725E-02 -0.2517E-02 -0.1714E-02  0.2004E-02  0.2218E-04 -0.2079E-03
 -0.2030E-05  0.2769E-05  0.6471E-04 -0.2937E-03 -0.6230E-04  0.2844E-03  0.2516E-05 -0.1537E-05
 -0.1142E-03  0.5963E-04  0.4735E-03 -0.5818E-03 -0.5028E-03  0.4528E-03  0.9297E-04 -0.5034E-04
  0.8329E-03 -0.2466E-03  0.2427E-02 -0.1888E-02 -0.6777E-03  0.7042E-03 -0.8240E-03  0.5281E-03
  0.3679E-03 -0.2992E-03  0.2588E-02 -0.2845E-02 -0.1100E-02  0.1116E-02  0.4167E-03 -0.4866E-03
 -0.3163E-04 -0.1197E-04  0.4669E-03 -0.6240E-03 -0.3654E-03  0.6103E-03 -0.1966E-03  0.2578E-03
  0.8226E-04 -0.6531E-05  0.1456E-02 -0.2011E-02 -0.1162E-02  0.1631E-02 -0.7179E-03  0.7827E-03
 -0.2316E-03  0.1397E-03  0.2109E-02 -0.3005E-02 -0.1105E-02  0.1664E-02 -0.1464E-03  0.2997E-03
 -0.2480E-02  0.1758E-02  0.3557E-02 -0.4008E-02 -0.2456E-02  0.2924E-02  0.1816E-02 -0.1287E-02
  0.1324E-03 -0.3461E-04  0.1118E-02 -0.1162E-02 -0.5569E-03  0.9221E-03  0.4136E-04 -0.1891E-03
  0.1315E-04 -0.2022E-04  0.4292E-03 -0.4564E-03 -0.6636E-03  0.4423E-03  0.7502E-05  0.2741E-04
 -0.7007E-04  0.2447E-04  0.6928E-03 -0.6886E-03 -0.7048E-03  0.5326E-03 -0.1230E-03  0.5430E-05
  0.5364E-03  0.1199E-03  0.4731E-03 -0.5194E-03 -0.1047E-02  0.3745E-03 -0.2502E-03  0.6115E-04
  0.2565E-03 -0.1141E-03  0.1364E-02 -0.1207E-02 -0.4535E-03  0.6801E-03 -0.2992E-03  0.1669E-03
 -0.2220E-04  0.2502E-04  0.4022E-03 -0.5438E-03 -0.6035E-03  0.6845E-03 -0.2741E-04 -0.1713E-04
  0.2016E-03 -0.2229E-03  0.4174E-03 -0.6752E-03 -0.1459E-02  0.1651E-02  0.5457E-05 -0.6333E-04
 -0.6693E-03  0.6123E-03  0.1061E-02 -0.1103E-02 -0.4597E-02  0.5443E-02  0.2266E-02 -0.1603E-02
 -0.7861E-03  0.4787E-03  0.1954E-02 -0.1962E-02 -0.2957E-02  0.3571E-02  0.1255E-02 -0.4789E-03
 -0.3931E-03  0.9257E-04  0.1258E-02 -0.9988E-03 -0.7894E-03  0.7054E-03  0.2029E-03 -0.1270E-03
  0.6285E-03 -0.1419E-03  0.6061E-03 -0.8729E-03 -0.3238E-02  0.1419E-02 -0.6870E-03  0.2321E-03
 -0.1500E-03  0.4037E-04  0.2185E-03 -0.4163E-03 -0.4341E-03  0.5420E-03  0.1245E-03  0.9900E-06
  0.8881E-04 -0.3117E-04  0.8768E-03 -0.9325E-03 -0.7915E-03  0.9308E-03 -0.1415E-03  0.2820E-04
 -0.1294E-03  0.5178E-04  0.6543E-03 -0.7303E-03 -0.1431E-02  0.1052E-02  0.8985E-04 -0.1400E-03
  0.2642E-04 -0.2682E-04  0.8114E-03 -0.8389E-03 -0.1435E-02  0.1200E-02  0.5117E-04 -0.5495E-04
  0.2853E-03 -0.1388E-03  0.1069E-02 -0.8786E-03 -0.1969E-02  0.1984E-02 -0.2901E-03 -0.1383E-03
 -0.3358E-03  0.1029E-03  0.1453E-02 -0.1213E-02 -0.8193E-03  0.1065E-02  0.1326E-03  0.3532E-04
 -0.1236E-02  0.3283E-03  0.1526E-02 -0.1596E-02 -0.2678E-02  0.1666E-02  0.8646E-03 -0.7179E-03
  0.1564E-03  0.2429E-04  0.1076E-02 -0.7142E-03 -0.9087E-03  0.7973E-03 -0.1290E-03 -0.1100E-04
  0.1990E-03 -0.4904E-04  0.9088E-03 -0.9156E-03 -0.1605E-02  0.1257E-02 -0.6799E-04  0.4250E-04
 -0.1393E-04  0.8096E-05  0.5317E-03 -0.5038E-03 -0.7008E-03  0.5459E-03  0.3639E-04 -0.1192E-04
DATA_Period:   0.5285E+03
 -0.2817E-03  0.3264E-04  0.5242E-03 -0.5325E-03 -0.2880E-02  0.1116E-02  0.2245E-03 -0.8320E-04
 -0.4078E-04 -0.2910E-05  0.1425E-03 -0.2527E-03 -0.2226E-03  0.2817E-03 -0.6616E-04  0.5455E-04
 -0.4715E-04  0.4511E-04  0.4226E-03 -0.5372E-03 -0.9598E-03  0.1235E-02 -0.4042E-04 -0.1367E-04
 -0.2589E-03  0.5701E-04  0.1372E-02 -0.1420E-02 -0.1142E-02  0.1637E-02  0.1921E-03  0.5308E-04
 -0.2834E-04 -0.3103E-04  0.6542E-03 -0.7418E-03 -0.5460E-03  0.7755E-03  0.2389E-03 -0.1452E-03
  0.6729E-03 -0.7578E-03  0.6987E-03 -0.1092E-02 -0.2233E-02  0.2628E-02  0.2551E-03  0.2330E-03
  0.4089E-05 -0.1645E-04  0.2618E-03 -0.3486E-03 -0.3477E-03  0.4081E-03 -0.6947E-04  0.1009E-03
  0.1456E-03 -0.1137E-03  0.5907E-03 -0.5400E-03 -0.6219E-03  0.5726E-03 -0.1386E-03  0.9019E-04
  0.1255E-04 -0.1426E-04  0.2265E-03 -0.3342E-03 -0.8594E-03  0.5033E-03 -0.4204E-03  0.2183E-03
  0.1083E-04 -0.1452E-04  0.9648E-04 -0.2541E-03 -0.1919E-02  0.1079E-02 -0.1366E-03  0.1920E-03
  0.1940E-04  0.7595E-05  0.1453E-03 -0.1725E-03 -0.1804E-03  0.2304E-03 -0.1599E-04 -0.1106E-04
  0.1488E-03 -0.8355E-04  0.5197E-03 -0.5301E-03 -0.4997E-03  0.4548E-03 -0.4196E-04  0.2983E-04
 -0.6645E-05  0.2459E-04  0.3024E-03 -0.3332E-03 -0.3496E-03  0.3783E-03 -0.2787E-04 -0.5172E-06
  0.1384E-03 -0.9063E-04  0.5017E-03 -0.5863E-03 -0.3438E-03  0.4127E-03 -0.5581E-04  0.4881E-04
 -0.1434E-05  0.1696E-05  0.4805E-04 -0.1301E-03 -0.1125E-03  0.1599E-03  0.2061E-04 -0.4343E-05
 -0.3388E-04  0.5447E-04  0.6470E-03 -0.9205E-03 -0.2785E-03  0.4599E-03  0.2755E-04 -0.2792E-04
  0.5330E-04 -0.3148E-04  0.6995E-03 -0.9621E-03 -0.4072E-03  0.6597E-03 -0.2038E-04 -0.4107E-05
  0.4808E-04 -0.1456E-04  0.7773E-03 -0.9732E-03 -0.4549E-03  0.6987E-03 -0.5527E-04  0.1444E-04
 -0.3140E-04 -0.6570E-06  0.2886E-03 -0.2972E-03 -0.6227E-03  0.3646E-03 -0.3412E-04  0.1561E-04
  0.1589E-03 -0.9659E-04  0.4056E-03 -0.4635E-03 -0.6691E-03  0.5680E-03 -0.1751E-03  0.4212E-04
 -0.7065E-05  0.2048E-04  0.3104E-03 -0.3176E-03 -0.4431E-03  0.5070E-03  0.1047E-04 -0.8050E-04
  0.1727E-04 -0.8527E-05  0.3458E-03 -0.4054E-03 -0.3738E-03  0.4446E-03  0.8082E-04 -0.5901E-04
 -0.1984E-03  0.5965E-04  0.2118E-03 -0.3204E-03 -0.5938E-03  0.3392E-03  0.6128E-04 -0.8020E-04
 -0.4838E-03  0.2833E-03  0.4703E-03 -0.6248E-03 -0.1019E-02  0.5652E-03 -0.3547E-04 -0.4794E-04
 -0.1797E-04  0.2158E-04  0.2205E-03 -0.2573E-03 -0.3666E-03  0.3890E-03  0.1418E-03 -0.5248E-04
 -0.1186E-03  0.8414E-04  0.5307E-03 -0.4997E-03 -0.4308E-03  0.4447E-03  0.1442E-03 -0.6139E-04
  0.6386E-04 -0.2166E-04  0.4731E-03 -0.5398E-03 -0.3077E-03  0.3666E-03 -0.1225E-04 -0.2903E-04
  0.6168E-03 -0.5105E-03  0.1223E-02 -0.1316E-02 -0.1148E-02  0.1147E-02 -0.7995E-03  0.6994E-03
  0.7027E-04 -0.8089E-04  0.4438E-03 -0.4531E-03 -0.2960E-03  0.3659E-03 -0.1886E-04  0.7868E-05
  0.9562E-04 -0.6447E-04  0.4214E-03 -0.5024E-03 -0.6533E-03  0.5557E-03 -0.2744E-03  0.1227E-03
  0.3450E-04  0.2723E-05  0.2175E-03 -0.2726E-03 -0.3916E-03  0.2574E-03  0.3180E-04  0.5079E-05
  0.3910E-03 -0.2674E-03  0.2675E-03 -0.3624E-03 -0.4577E-02  0.3165E-02 -0.1351E-02  0.1015E-02
  0.8126E-06  0.2532E-04  0.2720E-03 -0.3359E-03 -0.3570E-03  0.4855E-03  0.4841E-04 -0.5984E-04
  0.9743E-04 -0.5768E-04  0.5724E-03 -0.6510E-03 -0.5534E-03  0.6848E-03 -0.2094E-03  0.1320E-03
  0.4274E-06 -0.7948E-04  0.6144E-03 -0.6768E-03 -0.2784E-03  0.3485E-03 -0.9921E-05  0.5232E-04
 -0.3171E-04  0.1411E-04  0.8664E-04 -0.2073E-03 -0.3350E-03  0.2912E-03 -0.1485E-04  0.2600E-04
 -0.2273E-05  0.4298E-05  0.4590E-04 -0.1221E-03 -0.1884E-03  0.1635E-03  0.1341E-06 -0.6483E-05
 -0.6474E-05  0.1792E-04  0.3244E-03 -0.3192E-03 -0.9028E-04  0.9660E-04 -0.1344E-04  0.2108E-04
 -0.1073E-02  0.8966E-03  0.2557E-02 -0.3326E-02 -0.6774E-03  0.6487E-03  0.7541E-03 -0.8935E-03
  0.6024E-03 -0.3672E-03  0.5877E-03 -0.7727E-03 -0.4087E-02  0.3043E-02 -0.8041E-03  0.3678E-03
  0.1133E-03 -0.3941E-04  0.5635E-03 -0.5404E-03 -0.3942E-03  0.4491E-03 -0.1356E-03  0.9455E-04
 -0.5132E-04  0.3201E-04  0.3886E-03 -0.5123E-03 -0.2511E-03  0.3656E-03 -0.1265E-03  0.1332E-03
  0.3224E-03 -0.2469E-03  0.3754E-03 -0.5823E-03 -0.9264E-03  0.9108E-03 -0.2229E-03  0.3195E-03
  0.2890E-04 -0.9789E-05  0.2810E-03 -0.3380E-03 -0.3757E-03  0.4285E-03 -0.3138E-04  0.2094E-04
 -0.1108E-03  0.1180E-03  0.4363E-03 -0.4486E-03 -0.7251E-03  0.5915E-03  0.2240E-04 -0.7857E-04
  0.5333E-04  0.7921E-04  0.4518E-03 -0.6078E-03 -0.4335E-03  0.3929E-03  0.3745E-04 -0.7293E-04
  0.1794E-02 -0.8955E-03  0.1064E-02 -0.1260E-02 -0.8887E-03  0.6501E-03 -0.3156E-03  0.2740E-03
 -0.8739E-04  0.7171E-04  0.4840E-03 -0.5492E-03 -0.3521E-03  0.4824E-03  0.1251E-03 -0.5646E-04
  0.9213E-05 -0.1674E-04  0.3240E-03 -0.3269E-03 -0.2258E-03  0.2982E-03  0.1173E-04  0.8961E-05
  0.1571E-03 -0.1527E-03  0.8114E-03 -0.7974E-03 -0.3346E-03  0.4582E-03 -0.1304E-03  0.8180E-04
 -0.1629E-04 -0.1189E-04  0.3653E-03 -0.4256E-03 -0.4470E-03  0.4906E-03 -0.1258E-04  0.2012E-04
 -0.1206E-03  0.1030E-03  0.3248E-03 -0.3602E-03 -0.3933E-03  0.3749E-03  0.3405E-04 -0.4572E-04
 -0.2492E-03  0.1916E-03  0.3809E-03 -0.4224E-03 -0.5908E-03  0.5708E-03  0.6802E-04 -0.5788E-04
  0.1364E-04  0.9935E-05  0.6452E-03 -0.3387E-03 -0.7749E-03  0.4607E-03  0.8956E-04  0.8349E-05
  0.2858E-02 -0.1292E-02  0.2862E-02 -0.3251E-02 -0.2316E-02  0.1601E-02 -0.1207E-02  0.1239E-02
 -0.2357E-03  0.1216E-03  0.4610E-03 -0.5587E-03 -0.5636E-03  0.5068E-03  0.2324E-03 -0.1211E-03
 -0.4621E-04  0.1730E-04  0.5345E-03 -0.5267E-03 -0.3275E-03  0.4654E-03  0.9183E-04 -0.4747E-04
  0.1144E-05 -0.1929E-05  0.2246E-03 -0.2643E-03 -0.2758E-03  0.3467E-03 -0.1371E-04 -0.1686E-05
  0.2368E-04 -0.1993E-04  0.3257E-03 -0.3821E-03 -0.2609E-03  0.3537E-03  0.1213E-04 -0.2472E-04
  0.5572E-04 -0.1511E-04  0.3305E-03 -0.3965E-03 -0.3681E-03  0.3651E-03 -0.3618E-04  0.1659E-04
  0.2806E-03 -0.2182E-03  0.7255E-03 -0.8666E-03 -0.5541E-03  0.5684E-03 -0.1117E-03  0.1325E-03
 -0.1343E-03  0.3825E-04  0.3864E-03 -0.4369E-03 -0.5090E-03  0.4537E-03  0.1384E-03 -0.1085E-03
  0.1122E-03 -0.6248E-04  0.3536E-03 -0.4817E-03 -0.5554E-03  0.3456E-03 -0.6676E-04  0.6698E-04
  0.1178E-04 -0.4254E-04  0.3489E-03 -0.5238E-03 -0.4442E-03  0.3942E-03 -0.3159E-04  0.8370E-04
  0.1147E-05 -0.1952E-04  0.2849E-03 -0.3590E-03 -0.2680E-03  0.3358E-03 -0.8771E-05  0.1567E-04
 -0.2683E-05 -0.1815E-05  0.4148E-03 -0.4659E-03 -0.3554E-03  0.4492E-03  0.2331E-04 -0.1190E-04
 -0.9769E-04  0.9116E-04  0.4232E-03 -0.5118E-03 -0.4018E-03  0.5339E-03  0.7059E-05 -0.3674E-04
 -0.7324E-04  0.1046E-03  0.3556E-03 -0.4567E-03 -0.5271E-03  0.5495E-03  0.1115E-03 -0.1461E-03
 -0.1167E-04 -0.2082E-05  0.2959E-03 -0.4425E-03 -0.4347E-03  0.5003E-03 -0.1178E-03  0.5431E-04
 -0.3575E-04  0.5720E-04  0.1077E-02 -0.1181E-02 -0.2978E-03  0.4729E-03 -0.5004E-04  0.4674E-04
  0.4824E-04  0.1912E-04  0.3558E-03 -0.4025E-03 -0.4858E-03  0.4144E-03  0.9000E-04 -0.1184E-03
 -0.1293E-03 -0.4897E-05  0.8837E-03 -0.7740E-03 -0.9884E-03  0.6695E-03  0.2391E-03 -0.9068E-04
 -0.4304E-03  0.2637E-03  0.4996E-03 -0.5466E-03 -0.1897E-02  0.1294E-02  0.6931E-03 -0.4135E-03
 -0.8520E-04  0.5764E-04  0.1808E-03 -0.2337E-03 -0.1371E-02  0.1235E-02  0.1010E-02 -0.3773E-03
 -0.1585E-04 -0.5834E-04  0.8030E-03 -0.6673E-03 -0.7014E-03  0.2704E-03  0.8109E-04  0.5206E-04
 -0.1126E-03 -0.1130E-04  0.4747E-03 -0.3944E-03 -0.9100E-03  0.3863E-03  0.3330E-03 -0.1885E-04
 -0.8759E-03  0.3601E-03  0.1289E-02 -0.1377E-02 -0.1076E-02  0.7136E-03  0.8423E-03 -0.7901E-03
 -0.1277E-03  0.5383E-04  0.2298E-03 -0.3532E-03 -0.1155E-02  0.8311E-03  0.5091E-03 -0.2523E-03
 -0.1788E-04  0.1550E-04  0.1856E-03 -0.3676E-03 -0.3019E-03  0.4281E-03 -0.1269E-03  0.8511E-04
  0.1968E-04  0.9530E-05  0.1012E-02 -0.1435E-02 -0.1187E-02  0.1227E-02  0.6665E-05 -0.6070E-04
 -0.1308E-05  0.1504E-05  0.3644E-04 -0.1339E-03 -0.3439E-04  0.1302E-03  0.2509E-05 -0.4867E-06
 -0.1173E-03  0.1954E-04  0.3520E-03 -0.3472E-03 -0.4877E-03  0.2285E-03  0.8909E-04 -0.2279E-04
  0.6691E-03 -0.2638E-03  0.1490E-02 -0.1412E-02 -0.5078E-03  0.4050E-03 -0.4678E-03  0.4371E-03
  0.2291E-03 -0.2222E-03  0.1854E-02 -0.1786E-02 -0.9435E-03  0.6292E-03  0.2576E-03 -0.2623E-03
 -0.3976E-04 -0.2084E-05  0.3045E-03 -0.3606E-03 -0.2302E-03  0.3343E-03 -0.9007E-04  0.1530E-03
  0.6905E-04 -0.3689E-04  0.8398E-03 -0.1156E-02 -0.7514E-03  0.9445E-03 -0.3704E-03  0.5028E-03
 -0.1387E-03  0.1017E-03  0.1246E-02 -0.1730E-02 -0.6978E-03  0.9428E-03 -0.7304E-04  0.1729E-03
 -0.1615E-02  0.1335E-02  0.2262E-02 -0.2483E-02 -0.1527E-02  0.1789E-02  0.1199E-02 -0.9575E-03
  0.1189E-03 -0.3983E-04  0.7832E-03 -0.7202E-03 -0.3100E-03  0.5096E-03 -0.2689E-04 -0.8881E-04
  0.6343E-07 -0.1355E-04  0.3302E-03 -0.2956E-03 -0.6021E-03  0.2465E-03  0.1660E-04  0.2293E-04
 -0.6870E-04  0.1072E-04  0.4150E-03 -0.4508E-03 -0.5248E-03  0.3364E-03 -0.7923E-04  0.5375E-04
  0.5745E-03  0.1262E-04  0.3540E-03 -0.3364E-03 -0.9993E-03  0.2650E-03 -0.1811E-03  0.1117E-03
  0.1682E-03 -0.1107E-03  0.8730E-03 -0.8105E-03 -0.2785E-03  0.3747E-03 -0.1776E-03  0.1441E-03
 -0.5634E-05  0.1506E-04  0.2199E-03 -0.3154E-03 -0.3430E-03  0.4238E-03 -0.1815E-04  0.6499E-05
  0.1152E-03 -0.1396E-03  0.2448E-03 -0.3780E-03 -0.8349E-03  0.1032E-02 -0.4190E-04 -0.1362E-04
 -0.3895E-03  0.4166E-03  0.6920E-03 -0.7128E-03 -0.2624E-02  0.3355E-02  0.1421E-02 -0.1194E-02
 -0.4682E-03  0.3975E-03  0.1290E-02 -0.1271E-02 -0.1670E-02  0.2185E-02  0.8177E-03 -0.5116E-03
 -0.3942E-03  0.6613E-04  0.9240E-03 -0.7196E-03 -0.6386E-03  0.4012E-03  0.1544E-03 -0.9122E-04
  0.5293E-03 -0.1619E-03  0.3635E-03 -0.5173E-03 -0.2647E-02  0.1112E-02 -0.4445E-03  0.3386E-03
 -0.1184E-03  0.4647E-04  0.1476E-03 -0.2113E-03 -0.2983E-03  0.3054E-03  0.1431E-03 -0.1081E-04
  0.6516E-04 -0.3827E-04  0.5797E-03 -0.5822E-03 -0.4861E-03  0.5760E-03 -0.1040E-03  0.4871E-04
 -0.6680E-04  0.6387E-04  0.3734E-03 -0.4586E-03 -0.8621E-03  0.8268E-03 -0.1932E-04 -0.9500E-04
  0.3193E-04 -0.1240E-04  0.4736E-03 -0.5400E-03 -0.8380E-03  0.8790E-03 -0.3549E-04 -0.4850E-04
  0.1863E-03 -0.1393E-03  0.7602E-03 -0.6238E-03 -0.1123E-02  0.1331E-02 -0.3467E-03  0.1659E-04
 -0.2355E-03  0.1266E-03  0.9942E-03 -0.8436E-03 -0.4572E-03  0.6360E-03  0.1044E-03 -0.2094E-04
 -0.1040E-02  0.3433E-03  0.1128E-02 -0.9661E-03 -0.2118E-02  0.1158E-02  0.6323E-03 -0.4444E-03
  0.1453E-03 -0.2236E-04  0.7965E-03 -0.5246E-03 -0.5542E-03  0.5480E-03 -0.1326E-03  0.1873E-04
  0.1464E-03 -0.7313E-04  0.6059E-03 -0.5663E-03 -0.9587E-03  0.9486E-03 -0.7903E-04  0.1267E-04
  0.4472E-05  0.1119E-04  0.3294E-03 -0.3370E-03 -0.4410E-03  0.4223E-03  0.5023E-05 -0.2776E-04
DATA_Period:   0.1092E+04
 -0.2476E-03  0.7380E-04  0.3662E-03 -0.3763E-03 -0.2395E-02  0.1086E-02  0.1998E-03 -0.6469E-04
 -0.3215E-04  0.1057E-04  0.8907E-04 -0.1531E-03 -0.1501E-03  0.1923E-03 -0.4588E-04  0.4000E-04
 -0.2886E-04  0.3237E-04  0.2869E-03 -0.3539E-03 -0.5874E-03  0.8149E-03 -0.4656E-04  0.2193E-05
 -0.1840E-03  0.9395E-04  0.9539E-03 -0.9942E-03 -0.7323E-03  0.1044E-02  0.1470E-03 -0.2433E-04
 -0.3195E-04 -0.3405E-05  0.4641E-03 -0.5057E-03 -0.3591E-03  0.4979E-03  0.1779E-03 -0.1259E-03
  0.4405E-03 -0.5131E-03  0.4599E-03 -0.6767E-03 -0.1465E-02  0.1771E-02  0.2164E-03  0.3636E-04
 -0.9239E-06 -0.6977E-05  0.1870E-03 -0.2255E-03 -0.2398E-03  0.2766E-03 -0.4094E-04  0.6205E-04
  0.1247E-03 -0.7943E-04  0.4762E-03 -0.3874E-03 -0.4924E-03  0.4122E-03 -0.1150E-03  0.7019E-04
  0.1113E-04 -0.8471E-05  0.1614E-03 -0.2119E-03 -0.6676E-03  0.4320E-03 -0.3042E-03  0.1983E-03
  0.7887E-05 -0.9268E-05  0.6053E-04 -0.1424E-03 -0.1413E-02  0.9621E-03 -0.4028E-04  0.1327E-03
  0.2404E-04  0.2848E-05  0.1209E-03 -0.1117E-03 -0.1379E-03  0.1472E-03 -0.2139E-04 -0.5092E-05
  0.1244E-03 -0.7065E-04  0.4008E-03 -0.3708E-03 -0.3876E-03  0.3241E-03 -0.3485E-04  0.2120E-04
  0.3862E-05  0.1641E-04  0.2539E-03 -0.2220E-03 -0.2915E-03  0.2463E-03 -0.3228E-04  0.2034E-05
  0.1162E-03 -0.6908E-04  0.3801E-03 -0.3893E-03 -0.2703E-03  0.2633E-03 -0.4333E-04  0.3380E-04
 -0.1760E-05  0.4290E-06  0.3366E-04 -0.7089E-04 -0.8723E-04  0.9588E-04  0.1695E-04 -0.6876E-05
 -0.3067E-04  0.2730E-04  0.4908E-03 -0.5748E-03 -0.2239E-03  0.2677E-03  0.2182E-04 -0.1806E-04
  0.3200E-04 -0.2787E-04  0.5679E-03 -0.5949E-03 -0.3342E-03  0.3864E-03 -0.1528E-04  0.3478E-05
  0.3340E-04 -0.2059E-04  0.5889E-03 -0.6191E-03 -0.3359E-03  0.4189E-03 -0.4784E-04  0.1957E-04
 -0.2767E-04  0.4664E-05  0.2008E-03 -0.2126E-03 -0.5171E-03  0.2745E-03 -0.2154E-04  0.2680E-04
  0.1061E-03 -0.8377E-04  0.2821E-03 -0.3067E-03 -0.4438E-03  0.4283E-03 -0.1471E-03  0.5780E-04
 -0.3392E-05  0.1191E-04  0.2311E-03 -0.2218E-03 -0.2985E-03  0.3459E-03 -0.9617E-05 -0.4257E-04
  0.5799E-05 -0.7136E-05  0.2464E-03 -0.2727E-03 -0.2450E-03  0.3007E-03  0.5813E-04 -0.4715E-04
 -0.1672E-03  0.5888E-04  0.1385E-03 -0.2008E-03 -0.4948E-03  0.2564E-03  0.4028E-04 -0.4308E-04
 -0.3970E-03  0.2121E-03  0.3145E-03 -0.4012E-03 -0.8397E-03  0.4352E-03 -0.3040E-04  0.4897E-06
 -0.5878E-05  0.1563E-04  0.1576E-03 -0.1703E-03 -0.2374E-03  0.2627E-03  0.9957E-04 -0.5643E-04
 -0.6925E-04  0.6684E-04  0.3746E-03 -0.3480E-03 -0.2838E-03  0.3035E-03  0.9625E-04 -0.6095E-04
  0.3814E-04 -0.2500E-04  0.3330E-03 -0.3518E-03 -0.2165E-03  0.2424E-03 -0.1383E-04 -0.1260E-04
  0.4139E-03 -0.3769E-03  0.8771E-03 -0.8771E-03 -0.7955E-03  0.8000E-03 -0.5744E-03  0.4920E-03
  0.4406E-04 -0.5306E-04  0.3435E-03 -0.3157E-03 -0.2207E-03  0.2430E-03 -0.1970E-04  0.5229E-05
  0.7034E-04 -0.5061E-04  0.3159E-03 -0.3373E-03 -0.4797E-03  0.4159E-03 -0.2225E-03  0.1181E-03
  0.3323E-04 -0.2903E-05  0.1445E-03 -0.1830E-03 -0.3347E-03  0.1790E-03  0.2394E-04 -0.1427E-05
  0.3205E-03 -0.1904E-03  0.1910E-03 -0.2405E-03 -0.3786E-02  0.2239E-02 -0.9522E-03  0.8515E-03
  0.4728E-05  0.1141E-04  0.2054E-03 -0.2168E-03 -0.2535E-03  0.2987E-03  0.3102E-04 -0.3701E-04
  0.7057E-04 -0.4709E-04  0.4266E-03 -0.4247E-03 -0.4091E-03  0.4395E-03 -0.1583E-03  0.1038E-03
 -0.2943E-04 -0.3942E-04  0.4635E-03 -0.4423E-03 -0.2098E-03  0.2230E-03  0.1773E-05  0.2551E-04
 -0.2221E-04  0.1466E-04  0.5728E-04 -0.1158E-03 -0.2631E-03  0.2052E-03 -0.9762E-05  0.1022E-04
 -0.9899E-06  0.2584E-05  0.3176E-04 -0.6841E-04 -0.1506E-03  0.1170E-03 -0.7067E-05 -0.7329E-05
  0.1179E-05  0.1274E-04  0.2071E-03 -0.2319E-03 -0.8135E-04  0.5814E-04 -0.5061E-05  0.1517E-04
 -0.9046E-03  0.6053E-03  0.1642E-02 -0.2197E-02 -0.5887E-03  0.4160E-03  0.4750E-03 -0.5974E-03
  0.5092E-03 -0.2734E-03  0.4147E-03 -0.5129E-03 -0.3434E-02  0.2120E-02 -0.5917E-03  0.4015E-03
  0.9608E-04 -0.4024E-04  0.4344E-03 -0.3777E-03 -0.3066E-03  0.2880E-03 -0.9790E-04  0.7522E-04
 -0.4414E-04  0.2461E-04  0.3126E-03 -0.3160E-03 -0.1960E-03  0.2231E-03 -0.9277E-04  0.8797E-04
  0.2593E-03 -0.1775E-03  0.2929E-03 -0.3464E-03 -0.7472E-03  0.6134E-03 -0.1641E-03  0.1844E-03
  0.3154E-04 -0.4914E-05  0.2236E-03 -0.2176E-03 -0.2991E-03  0.2763E-03 -0.3122E-04  0.9813E-05
 -0.6135E-04  0.8905E-04  0.3480E-03 -0.3091E-03 -0.5722E-03  0.4299E-03 -0.1562E-04 -0.5719E-04
  0.6555E-04  0.3600E-04  0.2851E-03 -0.3996E-03 -0.3619E-03  0.2603E-03  0.1530E-04 -0.4258E-04
  0.1531E-02 -0.7098E-03  0.7260E-03 -0.8693E-03 -0.7511E-03  0.4550E-03 -0.2169E-03  0.2103E-03
 -0.7206E-04  0.4510E-04  0.3689E-03 -0.3683E-03 -0.2772E-03  0.2924E-03  0.1055E-03 -0.5220E-04
  0.3202E-05 -0.1102E-04  0.2633E-03 -0.2211E-03 -0.1705E-03  0.1842E-03  0.1472E-04  0.2862E-05
  0.1183E-03 -0.9652E-04  0.6659E-03 -0.5358E-03 -0.2609E-03  0.2805E-03 -0.1067E-03  0.6210E-04
 -0.1029E-04  0.1269E-05  0.2886E-03 -0.2753E-03 -0.3617E-03  0.3170E-03 -0.1597E-04  0.6435E-05
 -0.8878E-04  0.7661E-04  0.2525E-03 -0.2392E-03 -0.3224E-03  0.2513E-03  0.1339E-04 -0.3454E-04
 -0.1916E-03  0.1448E-03  0.2999E-03 -0.2842E-03 -0.4868E-03  0.3826E-03  0.3527E-04 -0.5067E-04
  0.1858E-04  0.1576E-04  0.5048E-03 -0.2990E-03 -0.6294E-03  0.3722E-03  0.8667E-04 -0.6666E-05
  0.2419E-02 -0.1127E-02  0.1905E-02 -0.2243E-02 -0.1945E-02  0.1183E-02 -0.7945E-03  0.8920E-03
 -0.2009E-03  0.9547E-04  0.3255E-03 -0.3739E-03 -0.4701E-03  0.3393E-03  0.1753E-03 -0.1060E-03
 -0.4440E-04  0.1023E-04  0.4207E-03 -0.3728E-03 -0.2627E-03  0.2813E-03  0.7706E-04 -0.4144E-04
 -0.1402E-05 -0.2548E-05  0.1791E-03 -0.1728E-03 -0.2181E-03  0.2155E-03 -0.1144E-04  0.2102E-05
  0.1600E-04 -0.1314E-04  0.2657E-03 -0.2469E-03 -0.2085E-03  0.2160E-03  0.7923E-05 -0.1524E-04
  0.5163E-04 -0.1303E-04  0.2491E-03 -0.2534E-03 -0.3120E-03  0.2375E-03 -0.3320E-04  0.1068E-04
  0.2630E-03 -0.1445E-03  0.5635E-03 -0.5595E-03 -0.4834E-03  0.3677E-03 -0.9933E-04  0.8144E-04
 -0.1104E-03  0.4485E-04  0.3033E-03 -0.2875E-03 -0.4303E-03  0.3040E-03  0.1010E-03 -0.8198E-04
  0.8055E-04 -0.4924E-04  0.2308E-03 -0.3136E-03 -0.4706E-03  0.2642E-03 -0.3345E-04  0.5268E-04
  0.1062E-05 -0.2599E-04  0.2351E-03 -0.3343E-03 -0.3732E-03  0.2683E-03 -0.4281E-05  0.5193E-04
 -0.8609E-05 -0.1318E-04  0.2075E-03 -0.2371E-03 -0.2141E-03  0.2094E-03  0.3562E-06  0.1194E-04
 -0.8342E-05 -0.5393E-05  0.3136E-03 -0.3133E-03 -0.2780E-03  0.2817E-03  0.2123E-04 -0.8219E-05
 -0.7500E-04  0.5879E-04  0.3204E-03 -0.3326E-03 -0.3196E-03  0.3310E-03 -0.1288E-05 -0.1800E-04
 -0.5315E-04  0.6197E-04  0.2632E-03 -0.2897E-03 -0.4310E-03  0.3579E-03  0.6933E-04 -0.9329E-04
 -0.1296E-04  0.7491E-06  0.2160E-03 -0.2699E-03 -0.3590E-03  0.3111E-03 -0.8786E-04  0.4833E-04
 -0.3100E-04  0.3012E-04  0.8551E-03 -0.7671E-03 -0.2427E-03  0.2781E-03 -0.3545E-04  0.3272E-04
  0.4694E-04  0.2900E-05  0.2395E-03 -0.2791E-03 -0.3979E-03  0.2735E-03  0.5075E-04 -0.7058E-04
 -0.1511E-03  0.7673E-06  0.5981E-03 -0.5862E-03 -0.8057E-03  0.5065E-03  0.2045E-03 -0.8327E-04
 -0.3305E-03  0.2085E-03  0.3443E-03 -0.3781E-03 -0.1443E-02  0.1003E-02  0.5144E-03 -0.3443E-03
 -0.5439E-04  0.4672E-04  0.1309E-03 -0.1550E-03 -0.8780E-03  0.8979E-03  0.7348E-03 -0.4233E-03
 -0.7214E-04 -0.6125E-04  0.5532E-03 -0.5222E-03 -0.6037E-03  0.2434E-03  0.1075E-03  0.3073E-04
 -0.1168E-03  0.2329E-05  0.3224E-03 -0.3055E-03 -0.7940E-03  0.3302E-03  0.2887E-03 -0.6370E-04
 -0.7636E-03  0.3323E-03  0.8992E-03 -0.9463E-03 -0.9021E-03  0.5472E-03  0.6050E-03 -0.5568E-03
 -0.1067E-03  0.5053E-04  0.1627E-03 -0.2208E-03 -0.9102E-03  0.6417E-03  0.4066E-03 -0.2259E-03
 -0.1525E-04  0.8677E-05  0.1218E-03 -0.2148E-03 -0.2067E-03  0.2770E-03 -0.7867E-04  0.7553E-04
 -0.1473E-05 -0.7754E-05  0.6677E-03 -0.9076E-03 -0.8301E-03  0.8716E-03  0.2563E-04 -0.1766E-04
 -0.1069E-05  0.6486E-06  0.2402E-04 -0.7275E-04 -0.2160E-04  0.7116E-04  0.2826E-05 -0.1106E-06
 -0.1226E-03  0.1601E-04  0.2523E-03 -0.2520E-03 -0.4506E-03  0.1814E-03  0.8876E-04 -0.1530E-04
  0.5311E-03 -0.2702E-03  0.9330E-03 -0.1058E-02 -0.4067E-03  0.2918E-03 -0.2785E-03  0.3315E-03
  0.1499E-03 -0.1627E-03  0.1309E-02 -0.1306E-02 -0.7911E-03  0.4846E-03  0.2006E-03 -0.1643E-03
 -0.3654E-04  0.6773E-05  0.2127E-03 -0.2412E-03 -0.1554E-03  0.2136E-03 -0.5025E-04  0.9238E-04
  0.4024E-04 -0.4154E-04  0.5535E-03 -0.7335E-03 -0.5091E-03  0.6292E-03 -0.2186E-03  0.3224E-03
 -0.1026E-03  0.7196E-04  0.8210E-03 -0.1098E-02 -0.4694E-03  0.6138E-03 -0.3120E-04  0.1029E-03
 -0.1091E-02  0.1014E-02  0.1550E-02 -0.1693E-02 -0.1021E-02  0.1204E-02  0.8372E-03 -0.7295E-03
  0.9542E-04 -0.4950E-04  0.5734E-03 -0.5239E-03 -0.1971E-03  0.3134E-03 -0.3597E-04 -0.3189E-04
 -0.4275E-05 -0.1027E-04  0.2319E-03 -0.2274E-03 -0.5505E-03  0.2026E-03  0.3096E-04  0.2646E-04
 -0.6725E-04  0.1368E-04  0.2667E-03 -0.3132E-03 -0.4250E-03  0.2569E-03 -0.3584E-04  0.5661E-04
  0.5533E-03 -0.7028E-04  0.2422E-03 -0.2644E-03 -0.9136E-03  0.2765E-03 -0.1048E-03  0.1228E-03
  0.1166E-03 -0.9182E-04  0.6019E-03 -0.5858E-03 -0.1937E-03  0.2395E-03 -0.1155E-03  0.1100E-03
 -0.2208E-05  0.6758E-05  0.1418E-03 -0.1968E-03 -0.2200E-03  0.2795E-03 -0.8665E-05  0.8601E-05
  0.7246E-04 -0.9409E-04  0.1586E-03 -0.2351E-03 -0.5320E-03  0.6818E-03 -0.3043E-04  0.9986E-05
 -0.2497E-03  0.2868E-03  0.4722E-03 -0.4993E-03 -0.1668E-02  0.2195E-02  0.9716E-03 -0.8859E-03
 -0.3016E-03  0.2964E-03  0.8929E-03 -0.9034E-03 -0.1057E-02  0.1421E-02  0.5590E-03 -0.4263E-03
 -0.3720E-03  0.8245E-04  0.6494E-03 -0.5681E-03 -0.5456E-03  0.2954E-03  0.1218E-03 -0.6689E-04
  0.4485E-03 -0.1675E-03  0.2215E-03 -0.3449E-03 -0.2225E-02  0.9800E-03 -0.2344E-03  0.3257E-03
 -0.9526E-04  0.4257E-04  0.1108E-03 -0.1314E-03 -0.2285E-03  0.2002E-03  0.1312E-03 -0.3219E-04
  0.4305E-04 -0.3645E-04  0.4122E-03 -0.4034E-03 -0.3244E-03  0.3795E-03 -0.7431E-04  0.4945E-04
 -0.3459E-04  0.4409E-04  0.2451E-03 -0.2957E-03 -0.5383E-03  0.5933E-03 -0.4675E-04 -0.3777E-04
  0.2806E-04 -0.1502E-04  0.3126E-03 -0.3574E-03 -0.5182E-03  0.6129E-03 -0.5059E-04 -0.1067E-04
  0.1180E-03 -0.1113E-03  0.5381E-03 -0.4726E-03 -0.6913E-03  0.8927E-03 -0.2796E-03  0.9823E-04
 -0.1652E-03  0.1169E-03  0.6986E-03 -0.6315E-03 -0.2876E-03  0.4067E-03  0.7599E-04 -0.3450E-04
 -0.8762E-03  0.3381E-03  0.8487E-03 -0.7104E-03 -0.1740E-02  0.9170E-03  0.4969E-03 -0.3246E-03
  0.1215E-03 -0.3738E-04  0.5996E-03 -0.4274E-03 -0.3767E-03  0.3705E-03 -0.1099E-03  0.4441E-04
  0.1024E-03 -0.6990E-04  0.4452E-03 -0.3969E-03 -0.6079E-03  0.6619E-03 -0.7991E-04  0.2417E-04
  0.8719E-05  0.2831E-05  0.2256E-03 -0.2290E-03 -0.2785E-03  0.3043E-03 -0.1267E-04 -0.1581E-04
DATA_Period:   0.2260E+04
 -0.1924E-03  0.9318E-04  0.2472E-03 -0.2604E-03 -0.1877E-02  0.1031E-02  0.1753E-03 -0.4334E-04
 -0.2104E-04  0.1313E-04  0.5791E-04 -0.9234E-04 -0.9439E-04  0.1287E-03 -0.3163E-04  0.3005E-04
 -0.1799E-04  0.2179E-04  0.1919E-03 -0.2348E-03 -0.3644E-03  0.5197E-03 -0.3802E-04  0.1423E-04
 -0.1188E-03  0.8969E-04  0.6467E-03 -0.6939E-03 -0.4751E-03  0.6607E-03  0.9965E-04 -0.4783E-04
 -0.2124E-04  0.8713E-05  0.3178E-03 -0.3498E-03 -0.2348E-03  0.3190E-03  0.1230E-03 -0.1028E-03
  0.2922E-03 -0.3408E-03  0.3084E-03 -0.4250E-03 -0.9603E-03  0.1173E-02  0.1445E-03 -0.4335E-04
  0.1502E-07 -0.1721E-05  0.1297E-03 -0.1513E-03 -0.1614E-03  0.1867E-03 -0.2740E-04  0.3740E-04
  0.1020E-03 -0.6380E-04  0.3540E-03 -0.2987E-03 -0.3617E-03  0.3115E-03 -0.9012E-04  0.5924E-04
  0.9741E-05 -0.6015E-05  0.1108E-03 -0.1396E-03 -0.4866E-03  0.3574E-03 -0.2164E-03  0.1617E-03
  0.5718E-05 -0.6071E-05  0.3971E-04 -0.8170E-04 -0.9864E-03  0.7806E-03 -0.3261E-05  0.6551E-04
  0.2394E-04 -0.2700E-05  0.9319E-04 -0.8150E-04 -0.1025E-03  0.1010E-03 -0.2183E-04  0.1422E-05
  0.9527E-04 -0.6235E-04  0.2884E-03 -0.2742E-03 -0.2874E-03  0.2416E-03 -0.2899E-04  0.1697E-04
  0.8638E-05  0.7657E-05  0.1944E-03 -0.1670E-03 -0.2301E-03  0.1820E-03 -0.3056E-04  0.7668E-05
  0.9132E-04 -0.5915E-04  0.2742E-03 -0.2769E-03 -0.2076E-03  0.1846E-03 -0.3319E-04  0.2590E-04
 -0.2123E-05  0.4022E-06  0.2493E-04 -0.4139E-04 -0.6866E-04  0.6396E-04  0.1259E-04 -0.7117E-05
 -0.2924E-04  0.1730E-04  0.3587E-03 -0.3908E-03 -0.1778E-03  0.1761E-03  0.1724E-04 -0.1283E-04
  0.2049E-04 -0.2056E-04  0.4388E-03 -0.4150E-03 -0.2666E-03  0.2579E-03 -0.1012E-04  0.6346E-05
  0.2114E-04 -0.1855E-04  0.4387E-03 -0.4300E-03 -0.2536E-03  0.2724E-03 -0.3556E-04  0.2223E-04
 -0.2362E-04  0.6066E-05  0.1321E-03 -0.1476E-03 -0.4252E-03  0.2269E-03 -0.7516E-06  0.2764E-04
  0.7054E-04 -0.6375E-04  0.1986E-03 -0.2091E-03 -0.2927E-03  0.3043E-03 -0.1118E-03  0.6282E-04
 -0.6325E-06  0.6822E-05  0.1647E-03 -0.1592E-03 -0.1985E-03  0.2331E-03 -0.1423E-04 -0.1697E-04
  0.3236E-05 -0.3454E-05  0.1703E-03 -0.1870E-03 -0.1596E-03  0.1989E-03  0.3989E-04 -0.3568E-04
 -0.1395E-03  0.5739E-04  0.9163E-04 -0.1244E-03 -0.4094E-03  0.2115E-03  0.3635E-04 -0.2015E-04
 -0.3249E-03  0.1741E-03  0.2131E-03 -0.2577E-03 -0.6881E-03  0.3643E-03 -0.6875E-05  0.2100E-04
 -0.3586E-06  0.8520E-05  0.1114E-03 -0.1173E-03 -0.1626E-03  0.1741E-03  0.6980E-04 -0.4772E-04
 -0.4282E-04  0.4541E-04  0.2670E-03 -0.2493E-03 -0.1949E-03  0.2046E-03  0.6600E-04 -0.4852E-04
  0.2510E-04 -0.1993E-04  0.2395E-03 -0.2419E-03 -0.1510E-03  0.1645E-03 -0.1307E-04 -0.2387E-05
  0.2855E-03 -0.2707E-03  0.6334E-03 -0.6158E-03 -0.5515E-03  0.5600E-03 -0.4186E-03  0.3637E-03
  0.3081E-04 -0.3374E-04  0.2500E-03 -0.2311E-03 -0.1560E-03  0.1675E-03 -0.1845E-04  0.6796E-05
  0.5219E-04 -0.3892E-04  0.2233E-03 -0.2359E-03 -0.3367E-03  0.3085E-03 -0.1667E-03  0.1085E-03
  0.3032E-04 -0.6790E-05  0.9251E-04 -0.1209E-03 -0.2844E-03  0.1436E-03  0.2182E-04  0.1055E-05
  0.2618E-03 -0.1525E-03  0.1260E-03 -0.1644E-03 -0.3113E-02  0.1785E-02 -0.5908E-03  0.6804E-03
  0.4702E-05  0.3389E-05  0.1500E-03 -0.1515E-03 -0.1867E-03  0.1953E-03  0.2174E-04 -0.2284E-04
  0.5249E-04 -0.3829E-04  0.3137E-03 -0.3006E-03 -0.2997E-03  0.3000E-03 -0.1194E-03  0.8599E-04
 -0.3101E-04 -0.1150E-04  0.3460E-03 -0.3161E-03 -0.1545E-03  0.1536E-03  0.2397E-05  0.1109E-04
 -0.1452E-04  0.1227E-04  0.3996E-04 -0.6840E-04 -0.1989E-03  0.1570E-03 -0.1182E-04  0.5746E-05
 -0.2364E-06  0.1695E-05  0.2186E-04 -0.4017E-04 -0.1136E-03  0.9004E-04 -0.1130E-04 -0.2747E-05
  0.6403E-05  0.7154E-05  0.1284E-03 -0.1579E-03 -0.7074E-04  0.4237E-04  0.3613E-06  0.1017E-04
 -0.7354E-03  0.4617E-03  0.1047E-02 -0.1403E-02 -0.4918E-03  0.3095E-03  0.3066E-03 -0.3795E-03
  0.4186E-03 -0.2296E-03  0.2750E-03 -0.3494E-03 -0.2816E-02  0.1677E-02 -0.3739E-03  0.3763E-03
  0.7606E-04 -0.4116E-04  0.3180E-03 -0.2828E-03 -0.2354E-03  0.2027E-03 -0.6927E-04  0.5991E-04
 -0.3417E-04  0.2102E-04  0.2416E-03 -0.2234E-03 -0.1494E-03  0.1504E-03 -0.6898E-04  0.6339E-04
  0.2021E-03 -0.1422E-03  0.2255E-03 -0.2335E-03 -0.5751E-03  0.4611E-03 -0.1324E-03  0.1238E-03
  0.3175E-04 -0.7965E-05  0.1690E-03 -0.1566E-03 -0.2291E-03  0.1996E-03 -0.3158E-04  0.1056E-04
 -0.2884E-04  0.5814E-04  0.2562E-03 -0.2319E-03 -0.4303E-03  0.3353E-03 -0.3566E-04 -0.2627E-04
  0.6560E-04  0.5538E-05  0.1766E-03 -0.2564E-03 -0.2950E-03  0.1936E-03  0.7742E-05 -0.1776E-04
  0.1270E-02 -0.6312E-03  0.4619E-03 -0.6075E-03 -0.6178E-03  0.3622E-03 -0.1382E-03  0.1609E-03
 -0.6171E-04  0.3409E-04  0.2656E-03 -0.2627E-03 -0.2177E-03  0.1967E-03  0.8089E-04 -0.4786E-04
  0.1193E-06 -0.7055E-05  0.1994E-03 -0.1681E-03 -0.1291E-03  0.1247E-03  0.1296E-04 -0.1677E-05
  0.9578E-04 -0.7060E-04  0.5146E-03 -0.4119E-03 -0.2002E-03  0.1922E-03 -0.8485E-04  0.5399E-04
 -0.3206E-05  0.3774E-05  0.2181E-03 -0.1995E-03 -0.2808E-03  0.2330E-03 -0.1938E-04  0.5938E-05
 -0.6143E-04  0.5778E-04  0.1871E-03 -0.1741E-03 -0.2526E-03  0.1919E-03  0.4972E-06 -0.2049E-04
 -0.1399E-03  0.1132E-03  0.2205E-03 -0.2080E-03 -0.3814E-03  0.2917E-03  0.1268E-04 -0.3390E-04
  0.3232E-04  0.1379E-04  0.3722E-03 -0.2551E-03 -0.4869E-03  0.3124E-03  0.7729E-04 -0.1185E-04
  0.1949E-02 -0.1035E-02  0.1227E-02 -0.1534E-02 -0.1558E-02  0.9677E-03 -0.4972E-03  0.6328E-03
 -0.1653E-03  0.8584E-04  0.2210E-03 -0.2529E-03 -0.3778E-03  0.2586E-03  0.1282E-03 -0.8574E-04
 -0.4319E-04  0.1109E-04  0.3036E-03 -0.2801E-03 -0.2055E-03  0.1903E-03  0.5874E-04 -0.3646E-04
 -0.2840E-05 -0.1676E-05  0.1335E-03 -0.1253E-03 -0.1684E-03  0.1508E-03 -0.9189E-05  0.4253E-05
  0.1273E-04 -0.9731E-05  0.2030E-03 -0.1810E-03 -0.1622E-03  0.1492E-03  0.3805E-05 -0.9326E-05
  0.4647E-04 -0.1632E-04  0.1862E-03 -0.1784E-03 -0.2513E-03  0.1817E-03 -0.3091E-04  0.1159E-04
  0.2250E-03 -0.1268E-03  0.4223E-03 -0.4002E-03 -0.3923E-03  0.2835E-03 -0.8191E-04  0.6259E-04
 -0.8589E-04  0.4490E-04  0.2274E-03 -0.2085E-03 -0.3475E-03  0.2386E-03  0.7195E-04 -0.6180E-04
  0.6260E-04 -0.3694E-04  0.1482E-03 -0.2036E-03 -0.3791E-03  0.2219E-03 -0.1323E-04  0.3854E-04
 -0.4574E-05 -0.1322E-04  0.1525E-03 -0.2157E-03 -0.2985E-03  0.2050E-03  0.7283E-05  0.2892E-04
 -0.1264E-04 -0.5323E-05  0.1429E-03 -0.1635E-03 -0.1667E-03  0.1453E-03  0.4414E-05  0.7062E-05
 -0.1248E-04 -0.2406E-05  0.2251E-03 -0.2246E-03 -0.2122E-03  0.1954E-03  0.1815E-04 -0.7832E-05
 -0.5942E-04  0.4304E-04  0.2347E-03 -0.2339E-03 -0.2456E-03  0.2297E-03 -0.2529E-05 -0.7326E-05
 -0.4049E-04  0.4043E-04  0.1929E-03 -0.1991E-03 -0.3380E-03  0.2672E-03  0.4473E-04 -0.6028E-04
 -0.1126E-04  0.3165E-05  0.1586E-03 -0.1783E-03 -0.2894E-03  0.2253E-03 -0.6644E-04  0.4265E-04
 -0.2679E-04  0.1941E-04  0.6581E-03 -0.5602E-03 -0.1920E-03  0.1869E-03 -0.2552E-04  0.2405E-04
  0.4237E-04 -0.7276E-05  0.1553E-03 -0.1881E-03 -0.3271E-03  0.2046E-03  0.3679E-04 -0.3757E-04
 -0.1505E-03  0.2354E-04  0.3913E-03 -0.4158E-03 -0.6311E-03  0.4059E-03  0.1692E-03 -0.7730E-04
 -0.2516E-03  0.1666E-03  0.2325E-03 -0.2572E-03 -0.1076E-02  0.7818E-03  0.3760E-03 -0.2709E-03
 -0.3605E-04  0.3341E-04  0.8910E-04 -0.1048E-03 -0.5755E-03  0.6190E-03  0.5038E-03 -0.3696E-03
 -0.1071E-03 -0.3113E-04  0.3598E-03 -0.3736E-03 -0.4999E-03  0.2265E-03  0.1160E-03  0.6293E-06
 -0.1115E-03  0.1784E-04  0.2097E-03 -0.2190E-03 -0.6611E-03  0.3050E-03  0.2411E-03 -0.8236E-04
 -0.6161E-03  0.3143E-03  0.6206E-03 -0.6486E-03 -0.7105E-03  0.4490E-03  0.4323E-03 -0.3939E-03
 -0.8353E-04  0.4615E-04  0.1128E-03 -0.1419E-03 -0.6798E-03  0.5031E-03  0.3084E-03 -0.1930E-03
 -0.1378E-04  0.6422E-05  0.8350E-04 -0.1289E-03 -0.1368E-03  0.1806E-03 -0.4533E-04  0.5558E-04
 -0.1350E-04 -0.6845E-05  0.4506E-03 -0.5793E-03 -0.5556E-03  0.6090E-03  0.3625E-04 -0.8325E-05
 -0.1222E-05  0.3681E-06  0.1567E-04 -0.4068E-04 -0.1307E-04  0.3946E-04  0.3017E-05 -0.4561E-06
 -0.1186E-03  0.2459E-04  0.1704E-03 -0.1771E-03 -0.3871E-03  0.1690E-03  0.8707E-04 -0.1863E-04
  0.3925E-03 -0.2504E-03  0.5551E-03 -0.7278E-03 -0.3131E-03  0.2257E-03 -0.1551E-03  0.2275E-03
  0.9433E-04 -0.1174E-03  0.8737E-03 -0.9332E-03 -0.6201E-03  0.3985E-03  0.1638E-03 -0.1124E-03
 -0.2948E-04  0.1048E-04  0.1461E-03 -0.1629E-03 -0.1033E-03  0.1376E-03 -0.3026E-04  0.5554E-04
  0.1776E-04 -0.3332E-04  0.3761E-03 -0.4701E-03 -0.3373E-03  0.4177E-03 -0.1361E-03  0.2031E-03
 -0.7892E-04  0.5243E-04  0.5580E-03 -0.7003E-03 -0.3113E-03  0.4000E-03 -0.1194E-04  0.5746E-04
 -0.7241E-03  0.7269E-03  0.1056E-02 -0.1152E-02 -0.6807E-03  0.8019E-03  0.5708E-03 -0.5353E-03
  0.6599E-04 -0.4884E-04  0.3978E-03 -0.3864E-03 -0.1279E-03  0.1936E-03 -0.2644E-04 -0.3088E-05
 -0.8982E-05 -0.7889E-05  0.1500E-03 -0.1627E-03 -0.4752E-03  0.1942E-03  0.4897E-04  0.1787E-04
 -0.5978E-04  0.1798E-04  0.1712E-03 -0.2080E-03 -0.3336E-03  0.2098E-03 -0.4837E-05  0.4090E-04
  0.4872E-03 -0.1341E-03  0.1405E-03 -0.1971E-03 -0.7799E-03  0.3021E-03 -0.3433E-04  0.1023E-03
  0.7864E-04 -0.7265E-04  0.4079E-03 -0.4172E-03 -0.1348E-03  0.1573E-03 -0.7450E-04  0.8012E-04
 -0.2338E-05  0.2537E-05  0.9608E-04 -0.1243E-03 -0.1437E-03  0.1821E-03 -0.3346E-05  0.7282E-05
  0.4540E-04 -0.6187E-04  0.1058E-03 -0.1471E-03 -0.3456E-03  0.4432E-03 -0.1670E-04  0.1481E-04
 -0.1629E-03  0.1908E-03  0.3185E-03 -0.3440E-03 -0.1083E-02  0.1414E-02  0.6604E-03 -0.6363E-03
 -0.1958E-03  0.2072E-03  0.6050E-03 -0.6344E-03 -0.6836E-03  0.9103E-03  0.3809E-03 -0.3252E-03
 -0.3289E-03  0.1021E-03  0.4363E-03 -0.4131E-03 -0.4507E-03  0.2447E-03  0.1019E-03 -0.4951E-04
  0.3653E-03 -0.1685E-03  0.1256E-03 -0.2214E-03 -0.1811E-02  0.9005E-03 -0.6883E-04  0.2460E-03
 -0.7630E-04  0.3790E-04  0.8194E-04 -0.8625E-04 -0.1772E-03  0.1394E-03  0.1069E-03 -0.4212E-04
  0.2595E-04 -0.2974E-04  0.2915E-03 -0.2846E-03 -0.2240E-03  0.2498E-03 -0.4862E-04  0.4385E-04
 -0.2115E-04  0.2645E-04  0.1696E-03 -0.1933E-03 -0.3461E-03  0.3997E-03 -0.4106E-04 -0.2012E-05
  0.1979E-04 -0.1517E-04  0.2153E-03 -0.2375E-03 -0.3296E-03  0.4056E-03 -0.4046E-04  0.1081E-04
  0.7569E-04 -0.7967E-04  0.3719E-03 -0.3470E-03 -0.4393E-03  0.5776E-03 -0.1974E-03  0.1159E-03
 -0.1096E-03  0.9392E-04  0.4779E-03 -0.4606E-03 -0.1857E-03  0.2573E-03  0.5230E-04 -0.3379E-04
 -0.7166E-03  0.3258E-03  0.6112E-03 -0.5254E-03 -0.1405E-02  0.7727E-03  0.3925E-03 -0.2429E-03
  0.9796E-04 -0.4453E-04  0.4296E-03 -0.3432E-03 -0.2722E-03  0.2522E-03 -0.7607E-04  0.5163E-04
  0.6965E-04 -0.5798E-04  0.3226E-03 -0.2897E-03 -0.4063E-03  0.4429E-03 -0.6220E-04  0.3543E-04
  0.6890E-05 -0.1863E-05  0.1596E-03 -0.1582E-03 -0.1804E-03  0.2055E-03 -0.1517E-04 -0.2596E-05
DATA_Period:   0.3121E+04
 -0.1670E-03  0.9358E-04  0.2084E-03 -0.2182E-03 -0.1654E-02  0.9863E-03  0.1728E-03 -0.3424E-04
 -0.1724E-04  0.1232E-04  0.4843E-04 -0.7408E-04 -0.7636E-04  0.1063E-03 -0.2635E-04  0.2626E-04
 -0.1474E-04  0.1795E-04  0.1602E-03 -0.1954E-03 -0.2986E-03  0.4228E-03 -0.3252E-04  0.1659E-04
 -0.9687E-04  0.8086E-04  0.5420E-03 -0.5884E-03 -0.3954E-03  0.5390E-03  0.8237E-04 -0.4833E-04
 -0.1646E-04  0.9707E-05  0.2665E-03 -0.2963E-03 -0.1954E-03  0.2614E-03  0.1028E-03 -0.9128E-04
  0.2456E-03 -0.2837E-03  0.2592E-03 -0.3477E-03 -0.8009E-03  0.9723E-03  0.1158E-03 -0.5382E-04
  0.7828E-06 -0.9096E-06  0.1092E-03 -0.1272E-03 -0.1353E-03  0.1563E-03 -0.2352E-04  0.3042E-04
  0.9130E-04 -0.5943E-04  0.3029E-03 -0.2661E-03 -0.3099E-03  0.2745E-03 -0.7893E-04  0.5538E-04
  0.9025E-05 -0.5508E-05  0.9268E-04 -0.1164E-03 -0.4179E-03  0.3230E-03 -0.1850E-03  0.1458E-03
  0.4983E-05 -0.5102E-05  0.3305E-04 -0.6442E-04 -0.8361E-03  0.6947E-03  0.3789E-07  0.4478E-04
  0.2269E-04 -0.4799E-05  0.8086E-04 -0.7198E-04 -0.8864E-04  0.8672E-04 -0.2062E-04  0.3823E-05
  0.8275E-04 -0.5816E-04  0.2437E-03 -0.2397E-03 -0.2482E-03  0.2129E-03 -0.2615E-04  0.1608E-04
  0.9151E-05  0.4379E-05  0.1676E-03 -0.1487E-03 -0.2023E-03  0.1623E-03 -0.2814E-04  0.9782E-05
  0.8001E-04 -0.5531E-04  0.2324E-03 -0.2396E-03 -0.1816E-03  0.1609E-03 -0.2881E-04  0.2344E-04
 -0.2072E-05  0.5225E-06  0.2151E-04 -0.3341E-04 -0.6071E-04  0.5516E-04  0.1086E-04 -0.6799E-05
 -0.2762E-04  0.1535E-04  0.3056E-03 -0.3338E-03 -0.1569E-03  0.1508E-03  0.1542E-04 -0.1127E-04
  0.1708E-04 -0.1832E-04  0.3812E-03 -0.3616E-03 -0.2350E-03  0.2224E-03 -0.7882E-05  0.6691E-05
  0.1716E-04 -0.1711E-04  0.3776E-03 -0.3720E-03 -0.2210E-03  0.2306E-03 -0.2973E-04  0.2183E-04
 -0.2219E-04  0.6293E-05  0.1100E-03 -0.1236E-03 -0.3857E-03  0.2130E-03  0.7220E-05  0.2391E-04
  0.5907E-04 -0.5578E-04  0.1691E-03 -0.1780E-03 -0.2442E-03  0.2590E-03 -0.9615E-04  0.6179E-04
  0.8775E-07  0.4833E-05  0.1400E-03 -0.1376E-03 -0.1658E-03  0.1950E-03 -0.1341E-04 -0.9536E-05
  0.3071E-05 -0.2796E-05  0.1436E-03 -0.1582E-03 -0.1326E-03  0.1648E-03  0.3363E-04 -0.3088E-04
 -0.1276E-03  0.5667E-04  0.7781E-04 -0.1003E-03 -0.3729E-03  0.1987E-03  0.3701E-04 -0.1502E-04
 -0.2947E-03  0.1626E-03  0.1812E-03 -0.2117E-03 -0.6232E-03  0.3435E-03  0.3759E-05  0.2230E-04
  0.5412E-06  0.5832E-05  0.9447E-04 -0.1000E-03 -0.1390E-03  0.1459E-03  0.5989E-04 -0.4289E-04
 -0.3569E-04  0.3724E-04  0.2278E-03 -0.2162E-03 -0.1662E-03  0.1725E-03  0.5653E-04 -0.4272E-04
  0.2116E-04 -0.1823E-04  0.2048E-03 -0.2074E-03 -0.1282E-03  0.1390E-03 -0.1162E-04  0.7478E-06
  0.2422E-03 -0.2347E-03  0.5417E-03 -0.5324E-03 -0.4673E-03  0.4790E-03 -0.3587E-03  0.3217E-03
  0.2687E-04 -0.2840E-04  0.2135E-03 -0.2017E-03 -0.1323E-03  0.1423E-03 -0.1683E-04  0.7730E-05
  0.4555E-04 -0.3503E-04  0.1887E-03 -0.2017E-03 -0.2856E-03  0.2682E-03 -0.1433E-03  0.1021E-03
  0.2843E-04 -0.8360E-05  0.7611E-04 -0.9954E-04 -0.2613E-03  0.1353E-03  0.2307E-04  0.1600E-05
  0.2361E-03 -0.1419E-03  0.1023E-03 -0.1384E-03 -0.2817E-02  0.1660E-02 -0.4568E-03  0.5982E-03
  0.3927E-05  0.1078E-05  0.1279E-03 -0.1305E-03 -0.1625E-03  0.1647E-03  0.1917E-04 -0.1821E-04
  0.4533E-04 -0.3559E-04  0.2687E-03 -0.2610E-03 -0.2587E-03  0.2566E-03 -0.1028E-03  0.7996E-04
 -0.2860E-04 -0.4966E-05  0.2981E-03 -0.2763E-03 -0.1331E-03  0.1317E-03  0.2072E-05  0.8044E-05
 -0.1195E-04  0.1081E-04  0.3373E-04 -0.5501E-04 -0.1724E-03  0.1403E-03 -0.1168E-04  0.6066E-05
  0.4219E-07  0.1332E-05  0.1837E-04 -0.3208E-04 -0.9837E-04  0.8043E-04 -0.1144E-04 -0.3861E-06
  0.7426E-05  0.4395E-05  0.1048E-03 -0.1305E-03 -0.6514E-04  0.3873E-04  0.2090E-05  0.8134E-05
 -0.6635E-03  0.4172E-03  0.8721E-03 -0.1138E-02 -0.4472E-03  0.2804E-03  0.2599E-03 -0.3073E-03
  0.3776E-03 -0.2168E-03  0.2248E-03 -0.2937E-03 -0.2541E-02  0.1550E-02 -0.2839E-03  0.3489E-03
  0.6661E-04 -0.4073E-04  0.2710E-03 -0.2494E-03 -0.2067E-03  0.1767E-03 -0.5802E-04  0.5434E-04
 -0.3004E-04  0.1890E-04  0.2093E-03 -0.1954E-03 -0.1300E-03  0.1289E-03 -0.5917E-04  0.5606E-04
  0.1768E-03 -0.1305E-03  0.1951E-03 -0.2013E-03 -0.5007E-03  0.4112E-03 -0.1167E-03  0.1096E-03
  0.2992E-04 -0.1004E-04  0.1454E-03 -0.1373E-03 -0.1990E-03  0.1755E-03 -0.2954E-04  0.1234E-04
 -0.2027E-04  0.4580E-04  0.2180E-03 -0.2045E-03 -0.3719E-03  0.3008E-03 -0.3718E-04 -0.1371E-04
  0.6182E-04 -0.4374E-05  0.1437E-03 -0.2084E-03 -0.2664E-03  0.1747E-03  0.8750E-05 -0.1020E-04
  0.1151E-02 -0.6090E-03  0.3675E-03 -0.5135E-03 -0.5581E-03  0.3360E-03 -0.1084E-03  0.1408E-03
 -0.5659E-04  0.3150E-04  0.2254E-03 -0.2262E-03 -0.1930E-03  0.1694E-03  0.7063E-04 -0.4427E-04
 -0.8775E-06 -0.5884E-05  0.1713E-03 -0.1498E-03 -0.1126E-03  0.1069E-03  0.1171E-04 -0.2430E-05
  0.8519E-04 -0.6487E-04  0.4453E-03 -0.3710E-03 -0.1743E-03  0.1661E-03 -0.7420E-04  0.5153E-04
 -0.1371E-05  0.2833E-05  0.1874E-03 -0.1754E-03 -0.2449E-03  0.2067E-03 -0.1868E-04  0.7618E-05
 -0.5135E-04  0.5007E-04  0.1599E-03 -0.1525E-03 -0.2211E-03  0.1728E-03 -0.2171E-05 -0.1458E-04
 -0.1196E-03  0.1007E-03  0.1876E-03 -0.1820E-03 -0.3337E-03  0.2625E-03  0.7069E-05 -0.2605E-04
  0.3693E-04  0.8621E-05  0.3207E-03 -0.2319E-03 -0.4284E-03  0.2886E-03  0.7463E-04 -0.1219E-04
  0.1740E-02 -0.9951E-03  0.9985E-03 -0.1286E-02 -0.1387E-02  0.8971E-03 -0.3940E-03  0.5370E-03
 -0.1484E-03  0.8238E-04  0.1855E-03 -0.2111E-03 -0.3368E-03  0.2340E-03  0.1119E-03 -0.7566E-04
 -0.4113E-04  0.1239E-04  0.2566E-03 -0.2452E-03 -0.1812E-03  0.1638E-03  0.5124E-04 -0.3320E-04
 -0.3179E-05 -0.1316E-05  0.1141E-03 -0.1095E-03 -0.1473E-03  0.1313E-03 -0.7820E-05  0.5117E-05
  0.1122E-04 -0.9228E-05  0.1748E-03 -0.1599E-03 -0.1420E-03  0.1295E-03  0.2652E-05 -0.6845E-05
  0.4258E-04 -0.1809E-04  0.1600E-03 -0.1554E-03 -0.2220E-03  0.1650E-03 -0.2849E-04  0.1296E-04
  0.2015E-03 -0.1228E-03  0.3621E-03 -0.3502E-03 -0.3465E-03  0.2582E-03 -0.7192E-04  0.5776E-04
 -0.7548E-04  0.4336E-04  0.1953E-03 -0.1830E-03 -0.3075E-03  0.2189E-03  0.6128E-04 -0.5418E-04
  0.5672E-04 -0.3345E-04  0.1216E-03 -0.1671E-03 -0.3386E-03  0.2071E-03 -0.5969E-05  0.3334E-04
 -0.5357E-05 -0.9060E-05  0.1252E-03 -0.1768E-03 -0.2658E-03  0.1851E-03  0.1005E-04  0.2226E-04
 -0.1273E-04 -0.2474E-05  0.1191E-03 -0.1383E-03 -0.1469E-03  0.1261E-03  0.5353E-05  0.5572E-05
 -0.1284E-04 -0.7183E-06  0.1902E-03 -0.1943E-03 -0.1851E-03  0.1692E-03  0.1645E-04 -0.7366E-05
 -0.5274E-04  0.3832E-04  0.2001E-03 -0.2021E-03 -0.2138E-03  0.1992E-03 -0.2261E-05 -0.4244E-05
 -0.3548E-04  0.3413E-04  0.1649E-03 -0.1711E-03 -0.2958E-03  0.2390E-03  0.3670E-04 -0.4938E-04
 -0.1006E-04  0.3558E-05  0.1358E-03 -0.1513E-03 -0.2565E-03  0.2013E-03 -0.5753E-04  0.4043E-04
 -0.2442E-04  0.1609E-04  0.5718E-03 -0.4969E-03 -0.1685E-03  0.1613E-03 -0.2157E-04  0.2132E-04
  0.3917E-04 -0.1062E-04  0.1286E-03 -0.1561E-03 -0.2966E-03  0.1860E-03  0.3486E-04 -0.2851E-04
 -0.1436E-03  0.3328E-04  0.3253E-03 -0.3515E-03 -0.5604E-03  0.3698E-03  0.1539E-03 -0.7518E-04
 -0.2219E-03  0.1510E-03  0.1959E-03 -0.2159E-03 -0.9398E-03  0.6986E-03  0.3273E-03 -0.2418E-03
 -0.3055E-04  0.2848E-04  0.7462E-04 -0.8768E-04 -0.4813E-03  0.5210E-03  0.4244E-03 -0.3329E-03
 -0.1124E-03 -0.1507E-04  0.2998E-03 -0.3150E-03 -0.4548E-03  0.2191E-03  0.1126E-03 -0.1172E-04
 -0.1061E-03  0.2389E-04  0.1740E-03 -0.1852E-03 -0.6011E-03  0.2950E-03  0.2197E-03 -0.8636E-04
 -0.5512E-03  0.3018E-03  0.5274E-03 -0.5481E-03 -0.6304E-03  0.4120E-03  0.3728E-03 -0.3386E-03
 -0.7404E-04  0.4346E-04  0.9577E-04 -0.1172E-03 -0.5921E-03  0.4491E-03  0.2706E-03 -0.1774E-03
 -0.1292E-04  0.6029E-05  0.7094E-04 -0.1039E-03 -0.1137E-03  0.1490E-03 -0.3535E-04  0.4683E-04
 -0.1609E-04 -0.4736E-05  0.3803E-03 -0.4771E-03 -0.4636E-03  0.5146E-03  0.3782E-04 -0.8221E-05
 -0.1214E-05  0.3965E-06  0.1288E-04 -0.3164E-04 -0.1044E-04  0.3039E-04  0.2899E-05 -0.6878E-06
 -0.1134E-03  0.2936E-04  0.1436E-03 -0.1494E-03 -0.3550E-03  0.1656E-03  0.8367E-04 -0.2217E-04
  0.3378E-03 -0.2337E-03  0.4419E-03 -0.6017E-03 -0.2753E-03  0.2028E-03 -0.1189E-03  0.1867E-03
  0.7480E-04 -0.1009E-03  0.7256E-03 -0.7935E-03 -0.5485E-03  0.3654E-03  0.1497E-03 -0.9891E-04
 -0.2646E-04  0.1081E-04  0.1235E-03 -0.1370E-03 -0.8628E-04  0.1133E-03 -0.2430E-04  0.4455E-04
  0.1067E-04 -0.2856E-04  0.3183E-03 -0.3887E-03 -0.2810E-03  0.3473E-03 -0.1110E-03  0.1659E-03
 -0.7085E-04  0.4573E-04  0.4733E-03 -0.5778E-03 -0.2600E-03  0.3303E-03 -0.7128E-05  0.4413E-04
 -0.6066E-03  0.6179E-03  0.8925E-03 -0.9693E-03 -0.5712E-03  0.6672E-03  0.4815E-03 -0.4604E-03
  0.5429E-04 -0.4552E-04  0.3338E-03 -0.3342E-03 -0.1064E-03  0.1566E-03 -0.2110E-04  0.2664E-05
 -0.1085E-04 -0.6293E-05  0.1240E-03 -0.1369E-03 -0.4373E-03  0.1925E-03  0.5336E-04  0.1056E-04
 -0.5560E-04  0.1932E-04  0.1423E-03 -0.1720E-03 -0.2961E-03  0.1931E-03  0.3360E-05  0.3201E-04
  0.4485E-03 -0.1525E-03  0.1053E-03 -0.1670E-03 -0.7123E-03  0.3078E-03 -0.1084E-04  0.8626E-04
  0.6490E-04 -0.6479E-04  0.3419E-03 -0.3567E-03 -0.1147E-03  0.1314E-03 -0.6081E-04  0.6874E-04
 -0.2647E-05  0.1589E-05  0.8135E-04 -0.1023E-03 -0.1199E-03  0.1504E-03 -0.1578E-05  0.6448E-05
  0.3698E-04 -0.5113E-04  0.8891E-04 -0.1202E-03 -0.2877E-03  0.3655E-03 -0.1178E-04  0.1448E-04
 -0.1363E-03  0.1582E-03  0.2679E-03 -0.2903E-03 -0.9024E-03  0.1161E-02  0.5577E-03 -0.5438E-03
 -0.1632E-03  0.1741E-03  0.5079E-03 -0.5388E-03 -0.5692E-03  0.7455E-03  0.3222E-03 -0.2833E-03
 -0.3056E-03  0.1090E-03  0.3688E-03 -0.3520E-03 -0.4083E-03  0.2296E-03  0.9499E-04 -0.4543E-04
  0.3283E-03 -0.1662E-03  0.9655E-04 -0.1790E-03 -0.1630E-02  0.8672E-03 -0.1856E-04  0.2010E-03
 -0.6880E-04  0.3587E-04  0.7131E-04 -0.7254E-04 -0.1581E-03  0.1211E-03  0.9568E-04 -0.4317E-04
  0.1989E-04 -0.2660E-04  0.2484E-03 -0.2449E-03 -0.1914E-03  0.2091E-03 -0.3881E-04  0.3991E-04
 -0.1810E-04  0.2087E-04  0.1445E-03 -0.1618E-03 -0.2882E-03  0.3337E-03 -0.3467E-04  0.6420E-05
  0.1621E-04 -0.1449E-04  0.1831E-03 -0.1998E-03 -0.2731E-03  0.3360E-03 -0.3385E-04  0.1511E-04
  0.6259E-04 -0.6827E-04  0.3146E-03 -0.3006E-03 -0.3636E-03  0.4749E-03 -0.1658E-03  0.1124E-03
 -0.9116E-04  0.8194E-04  0.4022E-03 -0.3968E-03 -0.1546E-03  0.2099E-03  0.4403E-04 -0.3118E-04
 -0.6485E-03  0.3175E-03  0.5255E-03 -0.4569E-03 -0.1264E-02  0.7246E-03  0.3548E-03 -0.2165E-03
  0.8661E-04 -0.4637E-04  0.3650E-03 -0.3075E-03 -0.2371E-03  0.2161E-03 -0.6195E-04  0.4987E-04
  0.5800E-04 -0.5260E-04  0.2762E-03 -0.2534E-03 -0.3442E-03  0.3717E-03 -0.5172E-04  0.3700E-04
  0.5613E-05 -0.2972E-05  0.1364E-03 -0.1355E-03 -0.1506E-03  0.1718E-03 -0.1353E-04  0.1292E-05
DATA_Period:   0.4681E+04
 -0.1379E-03  0.8927E-04  0.1707E-03 -0.1740E-03 -0.1393E-02  0.9177E-03  0.1755E-03 -0.3202E-04
 -0.1360E-04  0.1082E-04  0.3905E-04 -0.5653E-04 -0.5886E-04  0.8286E-04 -0.2076E-04  0.2183E-04
 -0.1179E-04  0.1395E-04  0.1280E-03 -0.1550E-03 -0.2357E-03  0.3265E-03 -0.2559E-04  0.1738E-04
 -0.7600E-04  0.6823E-04  0.4341E-03 -0.4766E-03 -0.3168E-03  0.4189E-03  0.6506E-04 -0.4487E-04
 -0.1205E-04  0.8965E-05  0.2129E-03 -0.2397E-03 -0.1562E-03  0.2040E-03  0.8193E-04 -0.7702E-04
  0.1986E-03 -0.2265E-03  0.2088E-03 -0.2716E-03 -0.6422E-03  0.7696E-03  0.8694E-04 -0.5520E-04
  0.1354E-05 -0.7030E-06  0.8744E-04 -0.1023E-03 -0.1088E-03  0.1252E-03 -0.1935E-04  0.2392E-04
  0.7746E-04 -0.5465E-04  0.2448E-03 -0.2278E-03 -0.2528E-03  0.2328E-03 -0.6514E-04  0.5031E-04
  0.7930E-05 -0.5155E-05  0.7360E-04 -0.9258E-04 -0.3427E-03  0.2812E-03 -0.1507E-03  0.1267E-03
  0.4165E-05 -0.4188E-05  0.2626E-04 -0.4809E-04 -0.6786E-03  0.5931E-03 -0.1979E-06  0.2736E-04
  0.2031E-04 -0.6851E-05  0.6626E-04 -0.6145E-04 -0.7305E-04  0.7195E-04 -0.1823E-04  0.6007E-05
  0.6811E-04 -0.5255E-04  0.1945E-03 -0.2004E-03 -0.2044E-03  0.1814E-03 -0.2225E-04  0.1510E-04
  0.8646E-05  0.1019E-05  0.1360E-03 -0.1275E-03 -0.1689E-03  0.1408E-03 -0.2417E-04  0.1150E-04
  0.6632E-04 -0.5033E-04  0.1857E-03 -0.1987E-03 -0.1512E-03  0.1362E-03 -0.2353E-04  0.2058E-04
 -0.1906E-05  0.6222E-06  0.1753E-04 -0.2586E-04 -0.5108E-04  0.4641E-04  0.8947E-05 -0.6198E-05
 -0.2522E-04  0.1353E-04  0.2456E-03 -0.2736E-03 -0.1316E-03  0.1257E-03  0.1328E-04 -0.9696E-05
  0.1287E-04 -0.1629E-04  0.3124E-03 -0.3047E-03 -0.1964E-03  0.1865E-03 -0.5277E-05  0.6423E-05
  0.1255E-04 -0.1548E-04  0.3074E-03 -0.3103E-03 -0.1832E-03  0.1893E-03 -0.2299E-04  0.2006E-04
 -0.2059E-04  0.6722E-05  0.8831E-04 -0.9848E-04 -0.3367E-03  0.1995E-03  0.1448E-04  0.1722E-04
  0.4699E-04 -0.4701E-04  0.1369E-03 -0.1458E-03 -0.1950E-03  0.2110E-03 -0.7754E-04  0.5799E-04
  0.2608E-06  0.2744E-05  0.1133E-03 -0.1142E-03 -0.1326E-03  0.1559E-03 -0.1110E-04 -0.3253E-05
  0.2680E-05 -0.2530E-05  0.1154E-03 -0.1282E-03 -0.1058E-03  0.1302E-03  0.2735E-04 -0.2549E-04
 -0.1128E-03  0.5582E-04  0.6463E-04 -0.7725E-04 -0.3276E-03  0.1865E-03  0.3798E-04 -0.1239E-04
 -0.2578E-03  0.1514E-03  0.1497E-03 -0.1665E-03 -0.5426E-03  0.3225E-03  0.1506E-04  0.1888E-04
  0.6826E-06  0.3224E-05  0.7614E-04 -0.8186E-04 -0.1148E-03  0.1181E-03  0.4975E-04 -0.3710E-04
 -0.2965E-04  0.2893E-04  0.1850E-03 -0.1804E-03 -0.1365E-03  0.1403E-03  0.4713E-04 -0.3623E-04
  0.1647E-04 -0.1637E-04  0.1663E-03 -0.1714E-03 -0.1040E-03  0.1129E-03 -0.9106E-05  0.3232E-05
  0.1950E-03 -0.1968E-03  0.4391E-03 -0.4436E-03 -0.3778E-03  0.3944E-03 -0.2901E-03  0.2749E-03
  0.2220E-04 -0.2360E-04  0.1729E-03 -0.1693E-03 -0.1070E-03  0.1159E-03 -0.1410E-04  0.8403E-05
  0.3776E-04 -0.3090E-04  0.1514E-03 -0.1651E-03 -0.2313E-03  0.2241E-03 -0.1163E-03  0.9214E-04
  0.2540E-04 -0.1001E-04  0.6020E-04 -0.7765E-04 -0.2314E-03  0.1282E-03  0.2508E-04  0.5107E-06
  0.2039E-03 -0.1310E-03  0.7733E-04 -0.1101E-03 -0.2445E-02  0.1536E-02 -0.3146E-03  0.4913E-03
  0.2445E-05 -0.7454E-06  0.1033E-03 -0.1078E-03 -0.1359E-03  0.1347E-03  0.1712E-04 -0.1389E-04
  0.3633E-04 -0.3232E-04  0.2178E-03 -0.2182E-03 -0.2131E-03  0.2122E-03 -0.8249E-04  0.7181E-04
 -0.2580E-04 -0.6677E-07  0.2432E-03 -0.2329E-03 -0.1094E-03  0.1089E-03  0.2137E-05  0.5700E-05
 -0.9462E-05  0.8991E-05  0.2700E-04 -0.4215E-04 -0.1422E-03  0.1212E-03 -0.1017E-04  0.6722E-05
  0.2535E-06  0.8826E-06  0.1466E-04 -0.2436E-04 -0.8103E-04  0.6941E-04 -0.1043E-04  0.1961E-05
  0.7394E-05  0.1327E-05  0.8263E-04 -0.1020E-03 -0.5754E-04  0.3559E-04  0.3669E-05  0.5655E-05
 -0.5790E-03  0.3735E-03  0.7087E-03 -0.8774E-03 -0.3915E-03  0.2531E-03  0.2170E-03 -0.2380E-03
  0.3260E-03 -0.2030E-03  0.1724E-03 -0.2336E-03 -0.2198E-02  0.1422E-02 -0.1825E-03  0.2986E-03
  0.5462E-04 -0.3898E-04  0.2182E-03 -0.2108E-03 -0.1734E-03  0.1502E-03 -0.4477E-04  0.4727E-04
 -0.2600E-04  0.1625E-04  0.1712E-03 -0.1648E-03 -0.1074E-03  0.1070E-03 -0.4737E-04  0.4794E-04
  0.1464E-03 -0.1164E-03  0.1586E-03 -0.1676E-03 -0.4142E-03  0.3552E-03 -0.9499E-04  0.9507E-04
  0.2616E-04 -0.1207E-04  0.1179E-03 -0.1159E-03 -0.1642E-03  0.1494E-03 -0.2527E-04  0.1394E-04
 -0.1371E-04  0.3283E-04  0.1750E-03 -0.1726E-03 -0.3055E-03  0.2607E-03 -0.3432E-04 -0.1621E-05
  0.5468E-04 -0.1339E-04  0.1125E-03 -0.1599E-03 -0.2313E-03  0.1567E-03  0.1186E-04 -0.4908E-05
  0.9982E-03 -0.5838E-03  0.2692E-03 -0.4079E-03 -0.4834E-03  0.3097E-03 -0.7610E-04  0.1154E-03
 -0.5014E-04  0.2908E-04  0.1821E-03 -0.1861E-03 -0.1639E-03  0.1426E-03  0.5974E-04 -0.3916E-04
 -0.2181E-05 -0.4572E-05  0.1389E-03 -0.1280E-03 -0.9389E-04  0.8897E-04  0.1052E-04 -0.2769E-05
  0.7045E-04 -0.5894E-04  0.3629E-03 -0.3219E-03 -0.1441E-03  0.1391E-03 -0.6049E-04  0.4762E-04
 -0.6324E-06  0.1286E-05  0.1518E-03 -0.1482E-03 -0.2026E-03  0.1776E-03 -0.1590E-04  0.9366E-05
 -0.4116E-04  0.4111E-04  0.1289E-03 -0.1282E-03 -0.1838E-03  0.1511E-03 -0.3212E-05 -0.8500E-05
 -0.9766E-04  0.8580E-04  0.1506E-03 -0.1525E-03 -0.2771E-03  0.2292E-03  0.3409E-05 -0.1752E-04
  0.3867E-04  0.4857E-06  0.2650E-03 -0.2020E-03 -0.3603E-03  0.2607E-03  0.7274E-04 -0.1385E-04
  0.1482E-02 -0.9412E-03  0.7666E-03 -0.1018E-02 -0.1180E-02  0.8188E-03 -0.2874E-03  0.4280E-03
 -0.1276E-03  0.7762E-04  0.1500E-03 -0.1675E-03 -0.2874E-03  0.2078E-03  0.9595E-04 -0.6421E-04
 -0.3781E-04  0.1394E-04  0.2056E-03 -0.2045E-03 -0.1527E-03  0.1374E-03  0.4349E-04 -0.2885E-04
 -0.3614E-05 -0.8465E-06  0.9208E-04 -0.9175E-04 -0.1227E-03  0.1110E-03 -0.5553E-05  0.5692E-05
  0.8794E-05 -0.8717E-05  0.1418E-03 -0.1357E-03 -0.1182E-03  0.1091E-03  0.2201E-05 -0.4227E-05
  0.3649E-04 -0.1952E-04  0.1296E-03 -0.1305E-03 -0.1860E-03  0.1460E-03 -0.2412E-04  0.1418E-04
  0.1696E-03 -0.1163E-03  0.2921E-03 -0.2949E-03 -0.2897E-03  0.2290E-03 -0.5852E-04  0.5185E-04
 -0.6354E-04  0.4029E-04  0.1582E-03 -0.1546E-03 -0.2580E-03  0.1957E-03  0.4988E-04 -0.4545E-04
  0.4967E-04 -0.3046E-04  0.9544E-04 -0.1297E-03 -0.2897E-03  0.1900E-03  0.2287E-05  0.2639E-04
 -0.5576E-05 -0.5143E-05  0.9811E-04 -0.1368E-03 -0.2268E-03  0.1638E-03  0.1307E-04  0.1559E-04
 -0.1208E-04  0.2613E-06  0.9416E-04 -0.1111E-03 -0.1239E-03  0.1068E-03  0.6465E-05  0.3980E-05
 -0.1267E-04  0.1108E-05  0.1520E-03 -0.1604E-03 -0.1541E-03  0.1420E-03  0.1477E-04 -0.6590E-05
 -0.4512E-04  0.3325E-04  0.1614E-03 -0.1674E-03 -0.1770E-03  0.1672E-03 -0.1239E-05 -0.1535E-05
 -0.3007E-04  0.2779E-04  0.1331E-03 -0.1412E-03 -0.2455E-03  0.2074E-03  0.2904E-04 -0.3802E-04
 -0.8791E-05  0.3544E-05  0.1098E-03 -0.1234E-03 -0.2156E-03  0.1757E-03 -0.4667E-04  0.3708E-04
 -0.2250E-04  0.1235E-04  0.4688E-03 -0.4265E-03 -0.1400E-03  0.1352E-03 -0.1694E-04  0.1820E-04
  0.3419E-04 -0.1366E-04  0.1025E-03 -0.1232E-03 -0.2584E-03  0.1686E-03  0.3378E-04 -0.2166E-04
 -0.1308E-03  0.4349E-04  0.2599E-03 -0.2830E-03 -0.4788E-03  0.3306E-03  0.1346E-03 -0.7259E-04
 -0.1884E-03  0.1341E-03  0.1587E-03 -0.1734E-03 -0.7898E-03  0.6082E-03  0.2746E-03 -0.2099E-03
 -0.2512E-04  0.2338E-04  0.5988E-04 -0.6992E-04 -0.3876E-03  0.4193E-03  0.3434E-03 -0.2861E-03
 -0.1118E-03  0.3749E-05  0.2417E-03 -0.2529E-03 -0.3998E-03  0.2106E-03  0.1038E-03 -0.2393E-04
 -0.9731E-04  0.3041E-04  0.1393E-03 -0.1489E-03 -0.5272E-03  0.2832E-03  0.1930E-03 -0.8848E-04
 -0.4739E-03  0.2848E-03  0.4308E-03 -0.4448E-03 -0.5374E-03  0.3710E-03  0.3094E-03 -0.2815E-03
 -0.6322E-04  0.3999E-04  0.7803E-04 -0.9261E-04 -0.4959E-03  0.3892E-03  0.2284E-03 -0.1584E-03
 -0.1173E-04  0.5773E-05  0.5783E-04 -0.8007E-04 -0.9046E-04  0.1171E-03 -0.2595E-04  0.3701E-04
 -0.1772E-04 -0.1597E-05  0.3079E-03 -0.3761E-03 -0.3707E-03  0.4148E-03  0.3783E-04 -0.9595E-05
 -0.1129E-05  0.4452E-06  0.1005E-04 -0.2316E-04 -0.7928E-05  0.2191E-04  0.2616E-05 -0.9149E-06
 -0.1044E-03  0.3507E-04  0.1169E-03 -0.1204E-03 -0.3135E-03  0.1619E-03  0.7696E-04 -0.2648E-04
  0.2773E-03 -0.2100E-03  0.3365E-03 -0.4676E-03 -0.2320E-03  0.1780E-03 -0.8614E-04  0.1427E-03
  0.5388E-04 -0.8214E-04  0.5754E-03 -0.6418E-03 -0.4657E-03  0.3281E-03  0.1321E-03 -0.8703E-04
 -0.2315E-04  0.1077E-04  0.9992E-04 -0.1103E-03 -0.6904E-04  0.8901E-04 -0.1833E-04  0.3380E-04
  0.3707E-05 -0.2235E-04  0.2582E-03 -0.3081E-03 -0.2241E-03  0.2757E-03 -0.8573E-04  0.1287E-03
 -0.6263E-04  0.3939E-04  0.3853E-03 -0.4573E-03 -0.2083E-03  0.2604E-03 -0.2681E-05  0.3141E-04
 -0.4902E-03  0.5023E-03  0.7241E-03 -0.7815E-03 -0.4615E-03  0.5308E-03  0.3907E-03 -0.3792E-03
  0.4169E-04 -0.3991E-04  0.2667E-03 -0.2760E-03 -0.8505E-04  0.1206E-03 -0.1520E-04  0.6058E-05
 -0.1254E-04 -0.3801E-05  0.9895E-04 -0.1094E-03 -0.3880E-03  0.1906E-03  0.5478E-04  0.9835E-06
 -0.5001E-04  0.2078E-04  0.1140E-03 -0.1356E-03 -0.2520E-03  0.1747E-03  0.9475E-05  0.2138E-04
  0.3963E-03 -0.1676E-03  0.7104E-04 -0.1312E-03 -0.6255E-03  0.3096E-03  0.1020E-04  0.6398E-04
  0.4978E-04 -0.5530E-04  0.2734E-03 -0.2917E-03 -0.9351E-04  0.1057E-03 -0.4678E-04  0.5598E-04
 -0.3085E-05  0.9869E-06  0.6598E-04 -0.8072E-04 -0.9604E-04  0.1188E-03  0.2635E-06  0.5167E-05
  0.2857E-04 -0.4018E-04  0.7152E-04 -0.9395E-04 -0.2301E-03  0.2879E-03 -0.6532E-05  0.1283E-04
 -0.1104E-03  0.1253E-03  0.2161E-03 -0.2344E-03 -0.7247E-03  0.9096E-03  0.4538E-03 -0.4452E-03
 -0.1319E-03  0.1396E-03  0.4083E-03 -0.4376E-03 -0.4568E-03  0.5822E-03  0.2625E-03 -0.2365E-03
 -0.2739E-03  0.1163E-03  0.3019E-03 -0.2875E-03 -0.3557E-03  0.2144E-03  0.8614E-04 -0.4271E-04
  0.2828E-03 -0.1612E-03  0.6927E-04 -0.1351E-03 -0.1409E-02  0.8254E-03  0.2459E-04  0.1444E-03
 -0.6009E-04  0.3359E-04  0.5962E-04 -0.5895E-04 -0.1364E-03  0.1035E-03  0.8231E-04 -0.4262E-04
  0.1315E-04 -0.2245E-04  0.2016E-03 -0.2027E-03 -0.1572E-03  0.1690E-03 -0.2827E-04  0.3405E-04
 -0.1567E-04  0.1577E-04  0.1178E-03 -0.1303E-03 -0.2308E-03  0.2668E-03 -0.2607E-04  0.1187E-04
  0.1195E-04 -0.1310E-04  0.1488E-03 -0.1617E-03 -0.2176E-03  0.2659E-03 -0.2557E-04  0.1710E-04
  0.4889E-04 -0.5619E-04  0.2540E-03 -0.2500E-03 -0.2889E-03  0.3727E-03 -0.1313E-03  0.1030E-03
 -0.7335E-04  0.6778E-04  0.3235E-03 -0.3272E-03 -0.1238E-03  0.1632E-03  0.3570E-04 -0.2729E-04
 -0.5662E-03  0.3068E-03  0.4346E-03 -0.3827E-03 -0.1094E-02  0.6735E-03  0.3125E-03 -0.1914E-03
  0.7157E-04 -0.4670E-04  0.2943E-03 -0.2640E-03 -0.1985E-03  0.1807E-03 -0.4639E-04  0.4482E-04
  0.4495E-04 -0.4585E-04  0.2245E-03 -0.2134E-03 -0.2805E-03  0.3008E-03 -0.3857E-04  0.3557E-04
  0.3757E-05 -0.3652E-05  0.1112E-03 -0.1120E-03 -0.1210E-03  0.1377E-03 -0.1048E-04  0.4151E-05
DATA_Period:   0.7282E+04
 -0.1103E-03  0.8135E-04  0.1393E-03 -0.1374E-03 -0.1131E-02  0.8307E-03  0.1739E-03 -0.4386E-04
 -0.1063E-04  0.9159E-05  0.3106E-04 -0.4258E-04 -0.4481E-04  0.6286E-04 -0.1594E-04  0.1754E-04
 -0.9524E-05  0.1079E-04  0.1004E-03 -0.1207E-03 -0.1840E-03  0.2479E-03 -0.1889E-04  0.1613E-04
 -0.5963E-04  0.5598E-04  0.3408E-03 -0.3777E-03 -0.2498E-03  0.3210E-03  0.5087E-04 -0.3928E-04
 -0.9121E-05  0.7643E-05  0.1664E-03 -0.1894E-03 -0.1228E-03  0.1567E-03  0.6408E-04 -0.6296E-04
  0.1572E-03 -0.1783E-03  0.1647E-03 -0.2087E-03 -0.5063E-03  0.5998E-03  0.6439E-04 -0.4979E-04
  0.1386E-05 -0.7409E-06  0.6834E-04 -0.8032E-04 -0.8557E-04  0.9861E-04 -0.1541E-04  0.1862E-04
  0.6253E-04 -0.4891E-04  0.1914E-03 -0.1886E-03 -0.2002E-03  0.1929E-03 -0.5137E-04  0.4387E-04
  0.6506E-05 -0.4742E-05  0.5704E-04 -0.7181E-04 -0.2732E-03  0.2388E-03 -0.1191E-03  0.1068E-03
  0.3340E-05 -0.3412E-05  0.2046E-04 -0.3520E-04 -0.5384E-03  0.4947E-03 -0.1778E-05  0.1654E-04
  0.1705E-04 -0.8054E-05  0.5229E-04 -0.5103E-04 -0.5832E-04  0.5879E-04 -0.1512E-04  0.7160E-05
  0.5376E-04 -0.4579E-04  0.1504E-03 -0.1621E-03 -0.1632E-03  0.1515E-03 -0.1793E-04  0.1367E-04
  0.7062E-05 -0.1243E-05  0.1062E-03 -0.1057E-03 -0.1359E-03  0.1198E-03 -0.1944E-04  0.1191E-04
  0.5252E-04 -0.4424E-04  0.1437E-03 -0.1597E-03 -0.1216E-03  0.1136E-03 -0.1836E-04  0.1743E-04
 -0.1704E-05  0.6826E-06  0.1375E-04 -0.1968E-04 -0.4145E-04  0.3863E-04  0.7212E-05 -0.5430E-05
 -0.2264E-04  0.1233E-04  0.1909E-03 -0.2183E-03 -0.1064E-03  0.1035E-03  0.1115E-04 -0.8310E-05
  0.8136E-05 -0.1366E-04  0.2466E-03 -0.2501E-03 -0.1579E-03  0.1540E-03 -0.2961E-05  0.5443E-05
  0.7728E-05 -0.1302E-04  0.2418E-03 -0.2523E-03 -0.1466E-03  0.1533E-03 -0.1696E-04  0.1714E-04
 -0.1856E-04  0.7532E-05  0.7021E-04 -0.7710E-04 -0.2825E-03  0.1865E-03  0.1837E-04  0.8947E-05
  0.3605E-04 -0.3851E-04  0.1076E-03 -0.1169E-03 -0.1523E-03  0.1687E-03 -0.5976E-04  0.5115E-04
 -0.1497E-06  0.1418E-05  0.8904E-04 -0.9256E-04 -0.1038E-03  0.1225E-03 -0.8173E-05  0.3542E-06
  0.1938E-05 -0.2213E-05  0.9054E-04 -0.1017E-03 -0.8295E-04  0.1012E-03  0.2200E-04 -0.2071E-04
 -0.9617E-04  0.5478E-04  0.5343E-04 -0.5942E-04 -0.2771E-03  0.1755E-03  0.3741E-04 -0.1316E-04
 -0.2173E-03  0.1414E-03  0.1224E-03 -0.1304E-03 -0.4537E-03  0.3014E-03  0.2259E-04  0.1067E-04
  0.1902E-06  0.1579E-05  0.5969E-04 -0.6534E-04 -0.9259E-04  0.9529E-04  0.4077E-04 -0.3163E-04
 -0.2512E-04  0.2285E-04  0.1460E-03 -0.1469E-03 -0.1094E-03  0.1133E-03  0.3891E-04 -0.3055E-04
  0.1171E-04 -0.1388E-04  0.1309E-03 -0.1383E-03 -0.8218E-04  0.9040E-04 -0.6280E-05  0.4108E-05
  0.1512E-03 -0.1611E-03  0.3442E-03 -0.3602E-03 -0.2966E-03  0.3188E-03 -0.2255E-03  0.2273E-03
  0.1722E-04 -0.1931E-04  0.1358E-03 -0.1384E-03 -0.8428E-04  0.9273E-04 -0.1092E-04  0.8175E-05
  0.2989E-04 -0.2656E-04  0.1181E-03 -0.1317E-03 -0.1825E-03  0.1833E-03 -0.9081E-04  0.7953E-04
  0.2140E-04 -0.1102E-04  0.4717E-04 -0.5926E-04 -0.1965E-03  0.1222E-03  0.2599E-04 -0.2746E-05
  0.1688E-03 -0.1200E-03  0.5647E-04 -0.8376E-04 -0.2035E-02  0.1415E-02 -0.1994E-03  0.3722E-03
  0.7891E-06 -0.1295E-05  0.8096E-04 -0.8669E-04 -0.1102E-03  0.1099E-03  0.1550E-04 -0.1114E-04
  0.2712E-04 -0.2781E-04  0.1708E-03 -0.1773E-03 -0.1700E-03  0.1734E-03 -0.6279E-04  0.6115E-04
 -0.2333E-04  0.3627E-05  0.1919E-03 -0.1911E-03 -0.8726E-04  0.8882E-04  0.2612E-05  0.3785E-05
 -0.7460E-05  0.7314E-05  0.2102E-04 -0.3165E-04 -0.1135E-03  0.1025E-03 -0.7680E-05  0.6653E-05
  0.3054E-06  0.4987E-06  0.1139E-04 -0.1813E-04 -0.6465E-04  0.5856E-04 -0.8569E-05  0.3346E-05
  0.6208E-05 -0.8758E-06  0.6502E-04 -0.7805E-04 -0.4856E-04  0.3294E-04  0.4514E-05  0.3099E-05
 -0.4887E-03  0.3380E-03  0.5746E-03 -0.6708E-03 -0.3294E-03  0.2301E-03  0.1811E-03 -0.1854E-03
  0.2697E-03 -0.1875E-03  0.1286E-03 -0.1784E-03 -0.1825E-02  0.1297E-02 -0.9930E-04  0.2271E-03
  0.4236E-04 -0.3509E-04  0.1704E-03 -0.1723E-03 -0.1406E-03  0.1266E-03 -0.3245E-04  0.3874E-04
 -0.2260E-04  0.1438E-04  0.1352E-03 -0.1352E-03 -0.8575E-04  0.8751E-04 -0.3606E-04  0.3939E-04
  0.1163E-03 -0.1006E-03  0.1236E-03 -0.1356E-03 -0.3309E-03  0.3004E-03 -0.7223E-04  0.7923E-04
  0.2116E-04 -0.1272E-04  0.9222E-04 -0.9487E-04 -0.1308E-03  0.1245E-03 -0.1985E-04  0.1395E-04
 -0.1010E-04  0.2271E-04  0.1361E-03 -0.1410E-03 -0.2429E-03  0.2203E-03 -0.2821E-04  0.6017E-05
  0.4523E-04 -0.1892E-04  0.8767E-04 -0.1198E-03 -0.1928E-03  0.1410E-03  0.1470E-04 -0.3965E-05
  0.8282E-03 -0.5516E-03  0.1898E-03 -0.3065E-03 -0.4011E-03  0.2840E-03 -0.4972E-04  0.8737E-04
 -0.4289E-04  0.2738E-04  0.1440E-03 -0.1490E-03 -0.1344E-03  0.1200E-03  0.5007E-04 -0.3421E-04
 -0.3327E-05 -0.2780E-05  0.1091E-03 -0.1057E-03 -0.7579E-04  0.7336E-04  0.9588E-05 -0.3115E-05
  0.5433E-04 -0.5114E-04  0.2850E-03 -0.2694E-03 -0.1149E-03  0.1146E-03 -0.4672E-04  0.4160E-04
 -0.1047E-05  0.4529E-06  0.1188E-03 -0.1212E-03 -0.1618E-03  0.1495E-03 -0.1183E-04  0.9581E-05
 -0.3276E-04  0.3311E-04  0.1007E-03 -0.1044E-03 -0.1473E-03  0.1290E-03 -0.2615E-05 -0.4221E-05
 -0.7799E-04  0.7151E-04  0.1172E-03 -0.1238E-03 -0.2220E-03  0.1954E-03  0.2211E-05 -0.1097E-04
  0.3549E-04 -0.7117E-05  0.2151E-03 -0.1711E-03 -0.2911E-03  0.2317E-03  0.6957E-04 -0.1851E-04
  0.1207E-02 -0.8688E-03  0.5773E-03 -0.7748E-03 -0.9614E-03  0.7359E-03 -0.2019E-03  0.3215E-03
 -0.1058E-03  0.7204E-04  0.1205E-03 -0.1305E-03 -0.2365E-03  0.1831E-03  0.8219E-04 -0.5513E-04
 -0.3327E-04  0.1563E-04  0.1610E-03 -0.1650E-03 -0.1245E-03  0.1145E-03  0.3678E-04 -0.2496E-04
 -0.3915E-05 -0.2010E-07  0.7212E-04 -0.7445E-04 -0.9876E-04  0.9257E-04 -0.3004E-05  0.5171E-05
  0.5989E-05 -0.7465E-05  0.1111E-03 -0.1115E-03 -0.9508E-04  0.9061E-04  0.2477E-05 -0.2573E-05
  0.2929E-04 -0.1930E-04  0.1012E-03 -0.1062E-03 -0.1500E-03  0.1263E-03 -0.1871E-04  0.1392E-04
  0.1356E-03 -0.1053E-03  0.2269E-03 -0.2403E-03 -0.2328E-03  0.1979E-03 -0.4478E-04  0.4429E-04
 -0.5222E-04  0.3644E-04  0.1237E-03 -0.1266E-03 -0.2084E-03  0.1706E-03  0.3991E-04 -0.3719E-04
  0.4175E-04 -0.2787E-04  0.7421E-04 -0.9798E-04 -0.2388E-03  0.1718E-03  0.8674E-05  0.1759E-04
 -0.5191E-05 -0.2040E-05  0.7622E-04 -0.1032E-03 -0.1870E-03  0.1436E-03  0.1527E-04  0.8880E-05
 -0.1076E-04  0.2477E-05  0.7311E-04 -0.8654E-04 -0.1012E-03  0.8970E-04  0.7347E-05  0.2001E-05
 -0.1183E-04  0.3026E-05  0.1184E-03 -0.1283E-03 -0.1242E-03  0.1177E-03  0.1339E-04 -0.6194E-05
 -0.3771E-04  0.2900E-04  0.1264E-03 -0.1346E-03 -0.1416E-03  0.1381E-03  0.2048E-06 -0.2473E-06
 -0.2512E-04  0.2280E-04  0.1041E-03 -0.1133E-03 -0.1967E-03  0.1759E-03  0.2322E-04 -0.2870E-04
 -0.7796E-05  0.3525E-05  0.8579E-04 -0.9818E-04 -0.1742E-03  0.1504E-03 -0.3601E-04  0.3231E-04
 -0.2167E-04  0.1045E-04  0.3702E-03 -0.3554E-03 -0.1120E-03  0.1113E-03 -0.1259E-04  0.1486E-04
  0.2801E-04 -0.1515E-04  0.8066E-04 -0.9524E-04 -0.2161E-03  0.1535E-03  0.3211E-04 -0.1870E-04
 -0.1128E-03  0.5107E-04  0.2052E-03 -0.2232E-03 -0.3959E-03  0.2939E-03  0.1136E-03 -0.6929E-04
 -0.1549E-03  0.1184E-03  0.1264E-03 -0.1372E-03 -0.6444E-03  0.5252E-03  0.2247E-03 -0.1805E-03
 -0.2034E-04  0.1908E-04  0.4721E-04 -0.5474E-04 -0.3074E-03  0.3324E-03  0.2733E-03 -0.2398E-03
 -0.1036E-03  0.2082E-04  0.1936E-03 -0.1999E-03 -0.3397E-03  0.2017E-03  0.9089E-04 -0.3276E-04
 -0.8524E-04  0.3575E-04  0.1107E-03 -0.1174E-03 -0.4463E-03  0.2703E-03  0.1644E-03 -0.8795E-04
 -0.3929E-03  0.2653E-03  0.3452E-03 -0.3560E-03 -0.4424E-03  0.3315E-03  0.2510E-03 -0.2318E-03
 -0.5237E-04  0.3642E-04  0.6236E-04 -0.7220E-04 -0.4042E-03  0.3342E-03  0.1879E-03 -0.1392E-03
 -0.1023E-04  0.5665E-05  0.4612E-04 -0.6092E-04 -0.7064E-04  0.9043E-04 -0.1869E-04  0.2804E-04
 -0.1752E-04  0.1918E-05  0.2442E-03 -0.2921E-03 -0.2911E-03  0.3284E-03  0.3559E-04 -0.1199E-04
 -0.9876E-06  0.4810E-06  0.7693E-05 -0.1657E-04 -0.5952E-05  0.1539E-04  0.2226E-05 -0.1043E-05
 -0.9164E-04  0.4013E-04  0.9415E-04 -0.9573E-04 -0.2663E-03  0.1572E-03  0.6743E-04 -0.2990E-04
  0.2205E-03 -0.1833E-03  0.2553E-03 -0.3523E-03 -0.1888E-03  0.1548E-03 -0.6233E-04  0.1045E-03
  0.3596E-04 -0.6310E-04  0.4485E-03 -0.5057E-03 -0.3817E-03  0.2916E-03  0.1126E-03 -0.7778E-04
 -0.1982E-04  0.1066E-04  0.7920E-04 -0.8726E-04 -0.5406E-04  0.6892E-04 -0.1339E-04  0.2485E-04
 -0.1311E-05 -0.1544E-04  0.2046E-03 -0.2405E-03 -0.1749E-03  0.2151E-03 -0.6446E-04  0.9712E-04
 -0.5437E-04  0.3531E-04  0.3067E-03 -0.3572E-03 -0.1636E-03  0.2021E-03  0.5224E-06  0.2092E-04
 -0.3904E-03  0.4032E-03  0.5762E-03 -0.6205E-03 -0.3666E-03  0.4170E-03  0.3117E-03 -0.3071E-03
  0.3088E-04 -0.3297E-04  0.2082E-03 -0.2221E-03 -0.6687E-04  0.9147E-04 -0.1029E-04  0.6855E-05
 -0.1309E-04 -0.7528E-06  0.7834E-04 -0.8569E-04 -0.3314E-03  0.1875E-03  0.5192E-04 -0.8247E-05
 -0.4306E-04  0.2208E-04  0.9035E-04 -0.1052E-03 -0.2065E-03  0.1565E-03  0.1192E-04  0.1154E-04
  0.3361E-03 -0.1751E-03  0.4526E-04 -0.9666E-04 -0.5288E-03  0.3049E-03  0.2286E-04  0.4036E-04
  0.3607E-04 -0.4505E-04  0.2137E-03 -0.2327E-03 -0.7414E-04  0.8408E-04 -0.3500E-04  0.4389E-04
 -0.3379E-05  0.9608E-06  0.5227E-04 -0.6275E-04 -0.7542E-04  0.9251E-04  0.1624E-05  0.3500E-05
  0.2149E-04 -0.3078E-04  0.5623E-04 -0.7219E-04 -0.1805E-03  0.2234E-03 -0.2316E-05  0.9836E-05
 -0.8840E-04  0.9839E-04  0.1711E-03 -0.1860E-03 -0.5727E-03  0.7036E-03  0.3636E-03 -0.3593E-03
 -0.1057E-03  0.1109E-03  0.3217E-03 -0.3484E-03 -0.3611E-03  0.4488E-03  0.2106E-03 -0.1941E-03
 -0.2352E-03  0.1219E-03  0.2444E-03 -0.2321E-03 -0.2977E-03  0.1997E-03  0.7542E-04 -0.4144E-04
  0.2340E-03 -0.1530E-03  0.4886E-04 -0.9756E-04 -0.1171E-02  0.7756E-03  0.4858E-04  0.8794E-04
 -0.5093E-04  0.3154E-04  0.4869E-04 -0.4747E-04 -0.1143E-03  0.8929E-04  0.6893E-04 -0.4052E-04
  0.7323E-05 -0.1736E-04  0.1591E-03 -0.1640E-03 -0.1256E-03  0.1357E-03 -0.1944E-04  0.2703E-04
 -0.1374E-04  0.1238E-04  0.9346E-04 -0.1033E-03 -0.1811E-03  0.2104E-03 -0.1786E-04  0.1290E-04
  0.8000E-05 -0.1083E-04  0.1179E-03 -0.1287E-03 -0.1701E-03  0.2074E-03 -0.1786E-04  0.1600E-04
  0.3667E-04 -0.4474E-04  0.1999E-03 -0.2031E-03 -0.2252E-03  0.2877E-03 -0.1005E-03  0.8904E-04
 -0.5878E-04  0.5529E-04  0.2547E-03 -0.2637E-03 -0.9759E-04  0.1252E-03  0.2861E-04 -0.2322E-04
 -0.4762E-03  0.2945E-03  0.3525E-03 -0.3158E-03 -0.9106E-03  0.6229E-03  0.2687E-03 -0.1725E-03
  0.5547E-04 -0.4379E-04  0.2305E-03 -0.2189E-03 -0.1607E-03  0.1507E-03 -0.3306E-04  0.3706E-04
  0.3286E-04 -0.3801E-04  0.1770E-03 -0.1750E-03 -0.2228E-03  0.2414E-03 -0.2642E-04  0.3045E-04
  0.1834E-05 -0.3376E-05  0.8798E-04 -0.9063E-04 -0.9515E-04  0.1090E-03 -0.7131E-05  0.5005E-05
#Iteration No.   1  RMS =       5.5971                                          
