 -99999.000 99999.0000
    120.000    40.6000
    120.000    42.0000
 -99999.000 99999.0000
    124.231    42.0000
    116.000    42.0000
  99999.000 99999.0000
    124.000    40.0000
    124.223    40.1818
    124.380    40.3636
    124.404    40.5455
    124.282    40.7273
    124.192    40.9091
    124.181    41.0909
    124.171    41.2727
    124.114    41.4545
    124.126    41.6364
    124.253    41.8182
    124.231    42.0000
    124.301    42.1818
    124.418    42.3636
    124.431    42.5455
    124.468    42.7273
    124.505    42.9091
    124.460    43.0909
    124.414    43.2727
    124.297    43.4545
    124.238    43.6364
    124.191    43.8182
    124.156    44.0000
    124.132    44.1818
    124.133    44.3636
    124.109    44.5455
    124.068    44.7273
    124.029    44.9091
    124.019    45.0909
    124.007    45.2727
   123.961    45.463
   123.970    45.475
   123.972    45.483
   123.971    45.498
   123.964    45.510
   123.962    45.518
   123.958    45.525
   123.947    45.525
   123.938    45.524
   123.927    45.520
   123.917    45.514
   123.908    45.504
   123.904    45.495
   123.896    45.488
   123.886    45.486
   123.881    45.492
   123.878    45.498
   123.876    45.503
   123.872    45.509
   123.865    45.517
   123.860    45.520
   123.866    45.523
   123.877    45.524
   123.884    45.529
   123.893    45.533
   123.896    45.541
   123.898    45.547
   123.897    45.553
   123.893    45.562
   123.890    45.570
   123.892    45.570
   123.908    45.573
   123.919    45.576
   123.935    45.580
   123.945    45.589
   123.947    45.594
   123.947    45.604
   123.945    45.611
   123.944    45.618
   123.942    45.625
   123.941    45.635
   123.940    45.641
   123.937    45.645
   123.931    45.655
   123.921    45.667
   123.918    45.674
   123.915    45.679
   123.913    45.684
   123.912    45.690
   123.906    45.692
   123.897    45.692
   123.888    45.698
   123.884    45.701
   123.876    45.708
   123.881    45.707
   123.887    45.708
   123.892    45.711
   123.902    45.711
   123.914    45.709
   123.919    45.705
   123.923    45.699
   123.924    45.694
   123.928    45.692
   123.930    45.697
   123.932    45.712
   123.937    45.712
   123.941    45.718
   123.949    45.727
   123.952    45.739
   123.955    45.749
   123.963    45.756
   123.972    45.766
   123.981    45.769
   123.991    45.776
   123.987    45.780
   123.982    45.785
   123.970    45.791
   123.967    45.801
   123.963    45.811
   123.962    45.815
   123.960    45.825
   123.964    45.830
   123.963    45.840
   123.964    45.851
   123.966    45.860
   123.956    45.867
   123.953    45.876
   123.951    45.881
   123.953    45.888
   123.957    45.898
   123.962    45.905
   123.968    45.913
   123.973    45.922
   123.977    45.929
   123.981    45.936
   123.989    45.944
   123.992    45.952
   123.988    45.958
   123.974    45.963
   123.950    45.973
   123.935    45.978
   123.936    45.984
   123.932    45.995
   123.932    46.002
   123.926    46.043
   123.929    46.076
   123.932    46.095
   123.933    46.114
   123.947    46.139
   123.956    46.158
   123.969    46.178
   123.984    46.200
   124.000    46.215
   123.999    46.228
   123.986    46.235
   123.981    46.234
   123.984    46.229
   123.978    46.225
   123.963    46.220
   123.954    46.220
   123.942    46.210
   123.925    46.194
   123.898    46.182
   123.883    46.173
   123.866    46.165
   123.862    46.163
   123.846    46.164
   123.833    46.167
   123.822    46.161
   123.820    46.146
   123.820    46.135
   123.819    46.126
   123.811    46.121
   123.810    46.124
   123.805    46.130
   123.804    46.139
   123.798    46.145
   123.787    46.146
   123.789    46.153
   123.799    46.160
   123.805    46.170
   123.814    46.176
   123.827    46.178
   123.839    46.185
   123.848    46.188
   123.848    46.195
   123.835    46.197
   123.823    46.196
   123.812    46.200
   123.800    46.203
   123.785    46.208
   123.775    46.213
   123.760    46.208
   123.754    46.195
   123.744    46.187
   123.738    46.184
   123.712    46.180
   123.702    46.179
   123.685    46.182
   123.664    46.189
   123.641    46.192
   123.619    46.190
   123.603    46.196
   123.609    46.204
   123.618    46.213
   123.607    46.217
   123.593    46.212
   123.582    46.208
   123.573    46.211
   123.565    46.224
   123.552    46.230
   123.534    46.239
   123.513    46.239
   123.502    46.239
   123.491    46.236
   123.475    46.228
   123.465    46.221
   123.452    46.210
   123.440    46.198
   123.439    46.188
   123.433    46.176
   123.412    46.164
   123.398    46.160
   123.385    46.152
   123.373    46.152
   123.358    46.153
   123.343    46.152
   123.325    46.152
   123.312    46.149
   123.303    46.145
   123.300    46.145
   123.288    46.137
   123.271    46.133
   123.255    46.131
   123.241    46.136
   123.227    46.144
   123.216    46.155
   123.204    46.169
   123.189    46.179
   123.175    46.182
   123.150    46.177
 -99999.000 99999.000
   123.128    46.169
   123.118    46.174
   123.093    46.173
   123.080    46.167
   123.066    46.158
   123.055    46.147
   123.039    46.132
   123.023    46.126
   123.007    46.123
   122.986    46.117
   122.967    46.112
   122.945    46.104
   122.929    46.091
   122.907    46.079
   122.886    46.056
   122.881    46.035
   122.869    46.013
   122.864    45.994
   122.841    45.981
   122.823    45.968
   122.812    45.947
   122.805    45.919
   122.795    45.882
   122.797    45.877
   122.789    45.849
   122.797    45.820
   122.789    45.800
   122.775    45.777
   122.773    45.754
   122.776    45.733
   122.772    45.707
   122.771    45.679
   122.767    45.662
   122.754    45.647
   122.735    45.637
   122.704    45.614
   122.670    45.603
   122.639    45.600
   122.608    45.601
   122.588    45.604
   122.557    45.602
   122.534    45.602
   122.506    45.589
   122.473    45.581
   122.437    45.567
   122.382    45.573
   122.432    45.576
   122.388    45.582
   122.351    45.573
   122.307    45.560
   122.262    45.556
   122.234    45.563
   122.198    45.573
   122.164    45.583
   122.127    45.590
   122.084    45.604
   122.064    45.609
   122.033    45.616
   121.969    45.634
   121.933    45.652
   121.901    45.672
   121.854    45.701
   121.813    45.708
   121.782    45.710
   121.755    45.702
   121.723    45.699
   121.667    45.704
   121.677    45.705
   121.631    45.716
   121.574    45.720
   121.542    45.729
   121.502    45.728
   121.480    45.723
   121.456    45.715
   121.427    45.705
   121.401    45.705
   121.369    45.706
   121.345    45.714
   121.310    45.712
   121.288    45.707
   121.266    45.700
   121.240    45.691
   121.225    45.687
   121.208    45.678
   121.196    45.663
   121.189    45.641
   121.181    45.626
   121.172    45.614
   121.148    45.615
   121.121    45.626
   121.111    45.639
   121.084    45.655
   121.063    45.661
   121.033    45.662
   120.994    45.664
   120.967    45.666
   120.946    45.662
   120.925    45.662
   120.902    45.657
   120.885    45.671
   120.864    45.675
   120.834    45.688
   120.793    45.708
   120.756    45.707
   120.715    45.718
   120.677    45.743
   120.632    45.754
   120.604    45.759
   120.566    45.764
    120.533    45.7818
    120.267    45.8000
    120.000    45.8727
    119.733    45.8727
    119.467    45.9545
    119.200    46.0000
    118.933    46.0091
    118.667    46.0000
    118.400    46.0000
    118.133    46.0000
    117.867    46.0000
    117.600    46.0000
    117.333    46.0000
    117.067    46.0000
    116.900    46.0000
  99999.000 99999.000
   123.135    46.176
   123.152    46.179
   123.180    46.182
   123.204    46.183
   123.225    46.174
   123.251    46.168
   123.267    46.160
   123.295    46.161
   123.306    46.163
   123.323    46.168
   123.339    46.176
   123.348    46.184
   123.366    46.194
   123.386    46.204
   123.398    46.217
   123.409    46.227
   123.422    46.239
   123.431    46.252
   123.441    46.260
   123.457    46.271
   123.476    46.275
   123.495    46.276
   123.521    46.272
   123.546    46.269
   123.569    46.267
   123.591    46.264
   123.606    46.266
   123.628    46.270
   123.654    46.273
   123.662    46.277
   123.673    46.282
   123.679    46.289
   123.686    46.298
   123.688    46.309
   123.692    46.312
   123.706    46.313
   123.709    46.310
   123.710    46.306
   123.713    46.295
   123.716    46.294
   123.728    46.293
   123.737    46.295
   123.748    46.293
   123.756    46.289
   123.763    46.283
   123.770    46.285
   123.777    46.287
   123.795    46.288
   123.810    46.285
   123.829    46.276
   123.847    46.262
   123.866    46.256
   123.881    46.253
   123.899    46.255
   123.917    46.256
   123.931    46.267
   123.944    46.283
   123.954    46.295
   123.971    46.308
   123.975    46.313
   124.000    46.324
   124.018    46.314
   124.029    46.309
   124.036    46.307
   124.032    46.294
   124.027    46.282
   124.031    46.273
   124.039    46.277
   124.046    46.278
   124.052    46.279
   124.063    46.277
   124.071    46.276
   124.084    46.282
   124.086    46.285
   124.079    46.294
   124.076    46.301
   124.078    46.307
   124.073    46.318
   124.063    46.325
   124.060    46.330
   124.057    46.342
   124.056    46.353
   124.057    46.360
   124.055    46.370
   124.053    46.384
   124.052    46.394
   124.053    46.403
   124.053    46.414
   124.053    46.424
   124.054    46.434
   124.056    46.448
   124.055    46.464
   124.055    46.476
   124.054    46.487
   124.054    46.497
   124.054    46.509
   124.052    46.521
   124.055    46.532
   124.058    46.546
   124.055    46.568
   124.061    46.582
   124.058    46.599
   124.058    46.611
   124.063    46.623
   124.059    46.637
   124.054    46.648
   124.049    46.653
   124.038    46.654
   124.035    46.648
   124.043    46.637
   124.047    46.627
   124.038    46.618
   124.035    46.609
   124.032    46.595
   124.025    46.585
   124.024    46.572
   124.024    46.559
   124.028    46.540
   124.030    46.528
   124.029    46.513
   124.029    46.493
   124.026    46.478
   124.023    46.460
   124.021    46.442
   123.997    46.430
   123.990    46.410
   123.991    46.394
   123.979    46.393
   123.958    46.389
   123.951    46.395
   123.942    46.407
   123.932    46.419
   123.928    46.425
   123.928    46.433
   123.928    46.438
   123.924    46.454
   123.922    46.449
   123.917    46.439
   123.912    46.438
   123.904    46.439
   123.901    46.438
   123.885    46.432
   123.877    46.427
   123.859    46.413
   123.851    46.411
   123.843    46.414
   123.843    46.420
   123.847    46.432
   123.856    46.440
   123.866    46.442
   123.877    46.445
   123.889    46.449
   123.904    46.459
   123.900    46.467
   123.907    46.471
   123.918    46.475
   123.934    46.486
   123.937    46.492
   123.934    46.503
   123.927    46.511
   123.914    46.519
   123.902    46.523
   123.899    46.533
   123.899    46.538
   123.897    46.553
   123.900    46.563
   123.901    46.571
   123.906    46.573
   123.916    46.590
   123.923    46.599
   123.933    46.614
   123.942    46.624
   123.947    46.634
   123.938    46.631
   123.927    46.624
   123.915    46.614
   123.904    46.617
   123.913    46.626
   123.917    46.633
   123.922    46.642
   123.927    46.651
   123.924    46.662
   123.919    46.674
   123.914    46.684
   123.903    46.697
   123.887    46.703
   123.876    46.706
   123.864    46.706
   123.852    46.708
   123.843    46.705
   123.835    46.698
   123.827    46.691
   123.815    46.679
   123.800    46.671
   123.788    46.673
   123.776    46.678
   123.765    46.685
   123.782    46.688
   123.789    46.691
   123.804    46.706
   123.816    46.708
   123.823    46.716
   123.833    46.726
   123.842    46.739
   123.851    46.741
   123.860    46.746
   123.868    46.747
   123.875    46.749
   123.887    46.750
   123.890    46.750
   123.891    46.749
   123.896    46.741
   123.902    46.736
   123.919    46.729
   123.935    46.729
   123.949    46.734
   123.963    46.739
   123.974    46.734
   123.971    46.730
   123.964    46.719
   123.977    46.716
   123.993    46.719
   123.996    46.725
   124.002    46.729
   124.011    46.731
   124.015    46.733
   124.032    46.731
   124.044    46.728
   124.068    46.736
   124.075    46.739
   124.081    46.742
   124.099    46.752
   124.098    46.754
   124.095    46.760
   124.093    46.767
   124.093    46.776
   124.091    46.784
   124.094    46.795
   124.095    46.806
   124.097    46.817
   124.107    46.833
   124.105    46.843
   124.107    46.855
   124.115    46.868
   124.121    46.886
   124.124    46.891
   124.127    46.900
   124.117    46.919
   124.113    46.919
   124.104    46.923
   124.095    46.917
   124.089    46.902
   124.092    46.895
   124.086    46.891
   124.076    46.880
   124.072    46.870
   124.069    46.859
   124.056    46.857
   124.049    46.856
   124.039    46.851
   124.030    46.846
   124.022    46.844
   124.016    46.845
   124.009    46.849
   124.009    46.852
   124.013    46.859
   124.017    46.869
   124.018    46.876
   124.027    46.874
   124.036    46.874
   124.048    46.876
   124.045    46.884
   124.043    46.893
   124.028    46.896
   124.019    46.895
   124.003    46.897
   123.998    46.901
   123.994    46.907
   123.992    46.916
   123.986    46.927
   123.982    46.934
   123.962    46.934
   123.918    46.941
   123.883    46.946
   123.857    46.954
   123.839    46.962
   123.817    46.971
   123.813    46.976
   123.837    46.976
   123.862    46.976
   123.895    46.979
   123.920    46.978
   123.918    46.990
   123.945    46.989
   123.969    46.984
   123.986    46.985
   124.001    46.993
   124.009    46.999
   124.010    47.009
   124.011    47.019
   124.019    47.029
   124.030    47.038
   124.036    47.045
   124.064    47.060
   124.073    47.059
   124.097    47.061
   124.116    47.059
   124.131    47.053
   124.142    47.042
   124.146    47.031
   124.142    47.023
   124.140    47.013
   124.136    47.000
   124.133    46.990
   124.126    46.983
   124.124    46.969
   124.134    46.964
   124.142    46.954
   124.150    46.941
   124.157    46.936
   124.171    46.936
   124.172    46.943
   124.169    46.962
   124.167    46.965
   124.167    46.970
   124.166    46.981
   124.162    46.992
   124.160    47.000
   124.159    47.017
   124.158    47.027
   124.162    47.042
   124.165    47.065
   124.166    47.084
   124.172    47.104
   124.168    47.108
   124.174    47.142
   124.179    47.161
   124.186    47.181
   124.185    47.200
   124.186    47.219
   124.197    47.239
   124.214    47.263
   124.222    47.293
   124.229    47.309
   124.244    47.316
   124.256    47.318
   124.262    47.324
   124.261    47.329
   124.267    47.335
   124.271    47.343
   124.265    47.347
   124.258    47.350
   124.263    47.353
   124.270    47.356
   124.287    47.360
   124.294    47.364
   124.303    47.370
   124.302    47.389
   124.302    47.402
   124.307    47.420
   124.317    47.438
   124.321    47.454
   124.323    47.467
   124.321    47.484
   124.324    47.503
   124.331    47.528
   124.337    47.551
   124.338    47.569
   124.346    47.586
   124.352    47.606
   124.355    47.625
   124.355    47.644
   124.360    47.660
   124.366    47.677
   124.382    47.693
   124.391    47.711
   124.398    47.737
   124.400    47.749
   124.407    47.754
   124.427    47.759
   124.437    47.764
   124.443    47.772
   124.449    47.783
   124.456    47.790
   124.455    47.799
   124.454    47.814
   124.462    47.826
   124.475    47.828
   124.487    47.840
   124.497    47.849
   124.513    47.859
   124.525    47.868
   124.538    47.877
   124.557    47.880
   124.575    47.880
   124.585    47.887
   124.588    47.898
   124.599    47.911
   124.615    47.922
   124.621    47.927
   124.634    47.938
   124.647    47.956
   124.657    47.977
   124.656    47.990
   124.657    47.997
   124.664    48.011
   124.666    48.029
   124.668    48.046
   124.670    48.060
   124.675    48.079
   124.675    48.092
   124.675    48.110
   124.683    48.125
   124.690    48.144
   124.700    48.154
   124.703    48.162
   124.685    48.172
   124.681    48.191
   124.676    48.200
   124.672    48.211
   124.672    48.224
   124.676    48.235
   124.676    48.245
   124.668    48.249
   124.665    48.259
   124.665    48.263
   124.667    48.274
   124.670    48.284
   124.656    48.299
   124.655    48.303
   124.658    48.314
   124.668    48.322
   124.664    48.343
   124.687    48.357
   124.701    48.373
   124.702    48.386
   124.705    48.392
   124.683    48.391
   124.662    48.393
   124.648    48.393
   124.637    48.392
   124.619    48.381
   124.606    48.375
   124.592    48.376
   124.581    48.377
   124.555    48.370
   124.530    48.358
   124.508    48.347
   124.488    48.338
   124.466    48.329
   124.444    48.323
   124.423    48.313
   124.406    48.303
   124.389    48.296
   124.367    48.293
   124.344    48.289
   124.328    48.284
   124.311    48.276
   124.296    48.270
   124.270    48.264
   124.249    48.261
   124.230    48.262
   124.207    48.260
   124.195    48.253
   124.171    48.247
   124.139    48.237
   124.124    48.230
   124.105    48.229
   124.094    48.220
   124.095    48.208
   124.077    48.196
   124.062    48.189
   124.046    48.181
   124.014    48.174
   124.002    48.173
   123.970    48.170
   123.942    48.165
   123.904    48.153
   123.879    48.151
   123.857    48.152
   123.834    48.152
   123.822    48.155
   123.804    48.147
   123.780    48.148
   123.751    48.151
   123.735    48.152
   123.716    48.154
   123.682    48.154
   123.669    48.152
   123.646    48.139
   123.626    48.130
   123.601    48.132
   123.585    48.132
   123.569    48.132
   123.557    48.135
   123.543    48.142
   123.524    48.135
   123.506    48.130
   123.486    48.127
   123.473    48.127
   123.451    48.131
   123.438    48.134
   123.424    48.133
   123.415    48.132
   123.416    48.129
   123.421    48.126
   123.420    48.120
   123.406    48.117
   123.375    48.111
   123.345    48.112
   123.326    48.113
   123.304    48.116
   123.285    48.114
   123.268    48.111
   123.256    48.107
   123.240    48.111
   123.223    48.117
   123.211    48.124
   123.196    48.142
   123.184    48.146
   123.167    48.157
   123.153    48.161
   123.141    48.163
   123.126    48.167
   123.115    48.166
   123.116    48.158
   123.132    48.155
   123.134    48.149
   123.147    48.145
   123.149    48.140
   123.141    48.140
   123.130    48.139
   123.122    48.136
   123.108    48.134
   123.094    48.131
   123.080    48.125
   123.067    48.116
   123.059    48.110
   123.046    48.091
   123.038    48.083
   123.038    48.073
   123.039    48.063
   123.035    48.053
   123.029    48.039
   123.014    48.030
   123.000    48.030
   122.993    48.034
   122.996    48.040
   122.995    48.049
   123.001    48.060
   123.000    48.069
   122.996    48.078
   122.986    48.086
   122.983    48.088
   122.968    48.088
   122.959    48.091
   122.950    48.091
   122.942    48.089
   122.928    48.085
   122.918    48.081
   122.918    48.076
   122.914    48.068
   122.900    48.060
   122.885    48.055
   122.871    48.045
   122.863    48.039
   122.853    48.031
   122.853    48.018
   122.848    48.010
   122.852    48.001
   122.859    47.995
   122.857    47.986
   122.846    47.991
   122.843    47.999
   122.837    47.996
   122.823    48.013
   122.814    48.033
   122.821    48.046
   122.831    48.055
   122.843    48.062
   122.858    48.072
   122.872    48.078
   122.878    48.090
   122.864    48.102
   122.853    48.114
   122.838    48.122
   122.820    48.129
   122.804    48.136
   122.793    48.137
   122.775    48.142
   122.759    48.140
   122.750    48.128
   122.746    48.119
   122.750    48.108
   122.758    48.104
   122.776    48.097
   122.783    48.089
   122.785    48.075
   122.782    48.066
   122.771    48.059
   122.766    48.053
   122.761    48.044
   122.753    48.041
   122.739    48.032
   122.734    48.026
   122.732    48.018
   122.724    47.998
   122.717    47.988
   122.699    47.974
   122.682    47.970
   122.673    47.964
   122.672    47.956
   122.669    47.942
   122.668    47.932
   122.661    47.923
   122.655    47.916
   122.652    47.914
   122.644    47.906
   122.634    47.896
   122.621    47.887
   122.615    47.883
   122.613    47.882
   122.619    47.876
   122.634    47.869
   122.646    47.864
   122.660    47.862
   122.670    47.856
   122.671    47.844
   122.678    47.830
   122.692    47.822
   122.708    47.812
   122.721    47.799
   122.726    47.790
   122.739    47.771
   122.751    47.755
   122.758    47.737
   122.767    47.727
   122.778    47.715
   122.779    47.706
   122.773    47.697
   122.772    47.690
   122.786    47.678
   122.803    47.674
   122.821    47.678
   122.810    47.707
   122.805    47.715
   122.795    47.723
   122.794    47.732
   122.789    47.744
   122.790    47.760
   122.785    47.776
   122.782    47.785
   122.783    47.802
   122.790    47.817
   122.795    47.828
   122.796    47.833
   122.808    47.829
   122.812    47.818
   122.810    47.804
   122.806    47.792
   122.812    47.783
   122.821    47.778
   122.828    47.777
   122.824    47.788
   122.827    47.798
   122.829    47.806
   122.833    47.813
   122.843    47.815
   122.851    47.806
   122.851    47.793
   122.849    47.773
   122.844    47.757
   122.844    47.739
   122.849    47.729
   122.863    47.714
   122.872    47.706
   122.874    47.688
   122.882    47.676
   122.891    47.656
   122.893    47.642
   122.901    47.638
   122.920    47.632
   122.934    47.622
   122.955    47.615
   122.972    47.600
   122.984    47.585
   123.000    47.575
   123.016    47.551
   123.028    47.535
   123.036    47.527
   123.040    47.512
   123.051    47.493
   123.068    47.474
   123.077    47.464
   123.104    47.455
   123.122    47.427
   123.131    47.395
   123.140    47.365
   123.145    47.349
   123.132    47.339
   123.114    47.343
   123.087    47.347
   123.064    47.350
   123.040    47.349
   123.004    47.355
   122.979    47.365
   122.958    47.376
   122.916    47.384
   122.878    47.400
   122.858    47.411
   122.841    47.421
   122.838    47.428
   122.840    47.434
   122.849    47.434
   122.887    47.419
   122.937    47.405
   122.973    47.388
   123.003    47.372
   123.017    47.368
   123.040    47.370
   123.070    47.369
   123.090    47.372
   123.105    47.382
   123.100    47.400
   123.090    47.422
   123.084    47.434
   123.059    47.452
   123.044    47.465
   123.042    47.479
   123.032    47.496
   123.028    47.506
   123.021    47.514
   123.005    47.527
   122.996    47.534
   122.986    47.549
   122.973    47.563
   122.963    47.574
   122.955    47.585
   122.948    47.590
   122.937    47.596
   122.928    47.600
   122.920    47.608
   122.910    47.614
   122.889    47.626
   122.864    47.630
   122.843    47.635
   122.828    47.637
   122.815    47.635
   122.798    47.645
   122.789    47.655
   122.772    47.656
   122.755    47.654
   122.747    47.668
   122.742    47.683
   122.741    47.704
   122.740    47.719
   122.722    47.740
   122.708    47.758
   122.692    47.774
   122.665    47.798
   122.647    47.813
   122.631    47.825
   122.620    47.836
   122.604    47.841
   122.599    47.841
   122.588    47.846
   122.579    47.831
   122.582    47.821
   122.571    47.813
   122.561    47.816
   122.560    47.822
   122.566    47.834
   122.572    47.847
   122.576    47.858
   122.577    47.870
   122.571    47.886
   122.579    47.899
   122.583    47.907
   122.591    47.914
   122.601    47.924
   122.597    47.932
   122.587    47.923
   122.577    47.914
   122.562    47.913
   122.544    47.912
   122.527    47.904
   122.511    47.896
   122.504    47.880
   122.508    47.869
   122.508    47.847
   122.503    47.829
   122.492    47.814
   122.484    47.803
   122.487    47.794
   122.495    47.786
   122.489    47.777
   122.479    47.775
   122.466    47.766
   122.464    47.755
   122.467    47.745
   122.471    47.737
   122.478    47.730
   122.487    47.727
   122.500    47.729
   122.508    47.729
   122.519    47.734
   122.533    47.736
   122.542    47.737
   122.545    47.728
   122.548    47.718
   122.553    47.709
   122.527    47.698
   122.511    47.697
   122.511    47.687
   122.512    47.678
   122.503    47.668
   122.502    47.652
   122.501    47.641
   122.492    47.631
   122.498    47.623
   122.505    47.619
   122.502    47.611
   122.499    47.604
   122.504    47.599
   122.498    47.591
   122.493    47.584
   122.495    47.580
   122.501    47.576
   122.509    47.577
   122.516    47.576
   122.522    47.583
   122.525    47.589
   122.535    47.591
   122.539    47.594
   122.548    47.599
   122.557    47.597
   122.564    47.599
   122.570    47.603
   122.569    47.605
   122.568    47.611
   122.568    47.620
   122.572    47.625
   122.579    47.630
   122.584    47.643
   122.585    47.643
   122.590    47.658
   122.585    47.660
   122.578    47.664
   122.571    47.671
   122.562    47.676
   122.563    47.700
   122.562    47.699
   122.559    47.705
   122.555    47.713
   122.572    47.694
   122.583    47.693
   122.589    47.692
   122.607    47.698
   122.621    47.718
   122.630    47.725
   122.642    47.727
   122.647    47.719
   122.644    47.707
   122.636    47.704
   122.620    47.689
   122.608    47.673
   122.613    47.658
   122.604    47.645
   122.598    47.637
   122.595    47.617
   122.590    47.600
   122.587    47.581
   122.592    47.569
   122.601    47.565
   122.608    47.572
   122.616    47.586
   122.633    47.589
   122.642    47.601
   122.653    47.612
   122.657    47.623
   122.662    47.632
   122.667    47.640
   122.677    47.643
   122.682    47.627
   122.684    47.614
   122.684    47.599
   122.679    47.586
   122.677    47.581
   122.671    47.577
   122.659    47.581
   122.647    47.581
   122.639    47.580
   122.631    47.569
   122.626    47.560
   122.637    47.556
   122.649    47.543
   122.657    47.529
   122.662    47.530
   122.638    47.534
   122.608    47.543
   122.601    47.545
   122.582    47.561
   122.571    47.572
   122.554    47.578
   122.541    47.578
   122.533    47.573
   122.533    47.563
   122.533    47.549
   122.533    47.541
   122.532    47.525
   122.514    47.516
   122.496    47.507
   122.503    47.493
   122.519    47.480
   122.524    47.465
   122.529    47.442
   122.527    47.429
   122.533    47.421
   122.544    47.413
   122.547    47.388
   122.542    47.380
   122.534    47.369
   122.534    47.360
   122.537    47.344
   122.554    47.336
   122.570    47.334
   122.560    47.310
   122.551    47.288
   122.552    47.272
   122.556    47.268
   122.566    47.261
   122.578    47.260
   122.592    47.262
   122.598    47.272
   122.619    47.274
   122.646    47.277
   122.656    47.278
   122.660    47.273
   122.648    47.253
   122.634    47.233
   122.614    47.221
   122.602    47.225
   122.595    47.231
   122.595    47.237
   122.602    47.245
   122.610    47.251
   122.618    47.257
   122.632    47.264
   122.649    47.273
   122.657    47.277
   122.648    47.279
   122.666    47.287
   122.678    47.296
   122.675    47.300
   122.668    47.309
   122.685    47.301
   122.684    47.313
   122.680    47.319
   122.671    47.326
   122.664    47.333
   122.655    47.336
   122.648    47.337
   122.649    47.348
   122.641    47.354
   122.632    47.361
   122.626    47.369
   122.622    47.379
   122.623    47.386
   122.624    47.397
   122.624    47.404
   122.633    47.383
   122.657    47.370
   122.682    47.362
   122.696    47.356
   122.708    47.349
   122.717    47.343
   122.727    47.327
   122.734    47.308
   122.743    47.291
   122.749    47.282
   122.743    47.271
   122.736    47.257
   122.729    47.248
   122.730    47.242
   122.725    47.231
   122.729    47.225
   122.737    47.224
   122.743    47.221
   122.740    47.216
   122.736    47.207
   122.739    47.198
   122.744    47.192
   122.746    47.182
   122.749    47.172
   122.764    47.175
   122.771    47.181
   122.780    47.188
   122.790    47.199
   122.797    47.210
   122.800    47.222
   122.796    47.229
   122.800    47.236
   122.810    47.243
   122.817    47.252
   122.814    47.259
   122.808    47.270
   122.797    47.280
   122.791    47.286
   122.786    47.291
   122.777    47.299
   122.773    47.307
   122.776    47.313
   122.779    47.317
   122.782    47.323
   122.778    47.332
   122.776    47.340
   122.771    47.345
   122.773    47.350
   122.775    47.355
   122.787    47.363
   122.792    47.367
   122.799    47.371
   122.805    47.376
   122.799    47.388
   122.799    47.396
   122.806    47.395
   122.814    47.379
   122.819    47.364
   122.819    47.353
   122.821    47.347
   122.827    47.329
   122.832    47.322
   122.841    47.314
   122.848    47.310
   122.862    47.298
   122.861    47.297
   122.871    47.287
   122.883    47.286
   122.901    47.285
   122.921    47.276
   122.922    47.267
   122.923    47.252
   122.917    47.243
   122.906    47.232
   122.896    47.219
   122.886    47.205
   122.877    47.190
   122.876    47.186
   122.869    47.179
   122.864    47.181
   122.858    47.187
   122.848    47.198
   122.838    47.211
   122.837    47.213
   122.841    47.224
   122.850    47.237
   122.853    47.247
   122.857    47.262
   122.858    47.276
   122.849    47.288
   122.854    47.293
   122.868    47.290
   122.886    47.288
   122.906    47.285
   122.914    47.274
   122.916    47.259
   122.925    47.246
   122.932    47.238
   122.935    47.217
   122.924    47.204
   122.921    47.193
   122.913    47.186
   122.900    47.182
   122.896    47.186
   122.898    47.194
   122.902    47.203
   122.907    47.209
   122.918    47.215
   122.927    47.216
   122.932    47.221
   122.937    47.204
   122.943    47.195
   122.953    47.187
   122.965    47.179
   122.978    47.171
   122.991    47.163
   123.011    47.162
   123.029    47.155
   123.044    47.150
   123.058    47.146
   123.072    47.140
   123.067    47.142
   123.049    47.145
   123.037    47.144
   123.020    47.144
   123.011    47.140
   123.016    47.135
   123.032    47.131
   123.051    47.118
   123.066    47.112
   123.070    47.102
   123.051    47.104
   123.038    47.110
   123.020    47.117
   122.998    47.130
   122.988    47.137
   122.979    47.145
   122.961    47.152
   122.951    47.158
   122.943    47.168
   122.932    47.174
   122.925    47.168
   122.931    47.159
   122.941    47.148
   122.947    47.138
   122.955    47.129
   122.960    47.114
   122.968    47.107
   122.983    47.105
   122.988    47.094
   122.984    47.083
   122.969    47.087
   122.959    47.090
   122.944    47.097
   122.939    47.109
   122.933    47.120
   122.930    47.132
   122.927    47.130
   122.924    47.117
   122.927    47.110
   122.924    47.100
   122.922    47.093
   122.923    47.078
   122.917    47.068
   122.908    47.053
   122.899    47.050
   122.891    47.055
   122.892    47.061
   122.899    47.074
   122.899    47.090
   122.897    47.092
   122.890    47.099
   122.887    47.111
   122.895    47.129
   122.902    47.141
   122.881    47.150
   122.875    47.153
   122.865    47.158
   122.855    47.161
   122.848    47.164
   122.843    47.157
   122.846    47.150
   122.848    47.143
   122.846    47.138
   122.834    47.135
   122.822    47.135
   122.820    47.140
   122.822    47.150
   122.823    47.160
   122.820    47.169
   122.812    47.171
   122.804    47.171
   122.799    47.169
   122.793    47.167
   122.787    47.161
   122.777    47.151
   122.771    47.141
   122.768    47.135
   122.761    47.127
   122.748    47.121
   122.739    47.118
   122.728    47.108
   122.721    47.098
   122.717    47.091
   122.703    47.098
   122.683    47.104
   122.661    47.113
   122.653    47.122
   122.631    47.139
   122.620    47.153
   122.603    47.167
   122.592    47.179
   122.573    47.194
   122.575    47.202
   122.567    47.214
   122.564    47.221
   122.559    47.241
   122.553    47.250
   122.546    47.256
   122.535    47.263
   122.532    47.272
   122.532    47.284
   122.528    47.292
   122.528    47.299
   122.531    47.311
   122.525    47.318
   122.513    47.313
   122.500    47.307
   122.487    47.302
   122.476    47.295
   122.467    47.287
   122.459    47.279
   122.443    47.269
   122.428    47.265
   122.414    47.270
   122.408    47.273
   122.398    47.278
   122.397    47.280
   122.404    47.288
   122.411    47.293
   122.419    47.299
   122.419    47.305
   122.416    47.316
   122.400    47.323
   122.387    47.330
   122.370    47.338
   122.347    47.345
   122.338    47.349
   122.331    47.352
   122.326    47.360
   122.326    47.366
   122.323    47.373
   122.325    47.383
   122.322    47.392
   122.336    47.407
   122.342    47.418
   122.352    47.428
   122.358    47.437
   122.365    47.448
   122.357    47.464
   122.361    47.476
   122.363    47.491
   122.367    47.501
   122.372    47.515
   122.380    47.525
   122.392    47.537
   122.391    47.549
   122.394    47.558
   122.398    47.567
   122.405    47.577
   122.412    47.574
   122.400    47.586
   122.380    47.593
   122.369    47.594
   122.358    47.596
   122.337    47.597
   122.332    47.606
   122.329    47.613
   122.325    47.621
   122.308    47.629
   122.289    47.635
   122.274    47.633
   122.264    47.621
   122.266    47.609
   122.268    47.595
   122.264    47.577
   122.260    47.569
   122.251    47.556
   122.242    47.541
   122.245    47.525
   122.240    47.516
   122.226    47.506
   122.217    47.494
   122.209    47.491
   122.201    47.494
   122.202    47.506
   122.198    47.519
   122.195    47.532
   122.190    47.545
   122.186    47.558
   122.192    47.565
   122.202    47.570
   122.219    47.576
   122.232    47.580
   122.242    47.585
   122.240    47.580
   122.237    47.563
   122.231    47.552
   122.228    47.541
   122.227    47.533
   122.217    47.531
   122.211    47.540
   122.204    47.559
   122.201    47.571
   122.203    47.586
   122.206    47.599
   122.220    47.607
   122.230    47.613
   122.231    47.625
   122.224    47.635
   122.208    47.645
   122.202    47.650
   122.211    47.663
   122.213    47.673
   122.214    47.683
   122.228    47.691
   122.238    47.699
   122.254    47.703
   122.260    47.710
   122.258    47.723
   122.248    47.729
   122.249    47.738
   122.265    47.740
   122.276    47.736
   122.282    47.724
   122.277    47.712
   122.270    47.698
   122.259    47.681
   122.256    47.676
   122.249    47.668
   122.250    47.658
   122.258    47.650
   122.274    47.645
   122.286    47.641
   122.300    47.642
   122.317    47.632
   122.322    47.618
   122.321    47.611
   122.341    47.611
   122.351    47.613
   122.376    47.619
   122.391    47.629
   122.410    47.637
   122.428    47.651
   122.414    47.661
   122.402    47.664
   122.403    47.680
   122.394    47.691
   122.375    47.701
   122.361    47.709
   122.359    47.723
   122.362    47.734
   122.376    47.747
   122.386    47.763
   122.390    47.780
   122.382    47.793
   122.377    47.813
   122.381    47.803
   122.383    47.824
   122.365    47.831
   122.341    47.849
   122.321    47.872
   122.313    47.888
   122.305    47.906
   122.309    47.924
   122.303    47.941
   122.288    47.951
   122.267    47.958
   122.235    47.960
   122.214    47.968
   122.208    47.977
   122.196    47.987
   122.198    47.993
   122.207    48.003
   122.219    48.016
   122.238    48.008
   122.258    48.006
   122.274    48.015
   122.302    48.029
   122.321    48.045
   122.343    48.060
   122.359    48.077
   122.366    48.093
   122.371    48.110
   122.371    48.132
   122.367    48.148
   122.363    48.164
   122.365    48.177
   122.372    48.189
   122.391    48.197
   122.403    48.199
   122.412    48.200
   122.424    48.202
   122.438    48.205
   122.451    48.204
   122.449    48.200
   122.450    48.190
   122.452    48.178
   122.464    48.166
   122.473    48.152
   122.475    48.139
   122.472    48.124
   122.466    48.117
   122.455    48.112
   122.443    48.105
   122.432    48.097
   122.419    48.088
   122.404    48.081
   122.391    48.070
   122.376    48.060
   122.369    48.043
   122.363    48.037
   122.366    48.030
   122.379    48.032
   122.391    48.040
   122.402    48.052
   122.411    48.061
   122.422    48.070
   122.425    48.076
   122.437    48.082
   122.457    48.093
   122.479    48.092
   122.504    48.099
   122.514    48.122
   122.523    48.145
   122.530    48.166
   122.524    48.187
   122.523    48.213
   122.511    48.223
   122.489    48.234
   122.465    48.236
   122.445    48.234
   122.425    48.225
   122.411    48.219
   122.403    48.211
   122.393    48.206
   122.397    48.218
   122.383    48.234
   122.387    48.250
   122.396    48.264
   122.401    48.269
   122.420    48.281
   122.439    48.301
   122.460    48.319
   122.482    48.330
   122.502    48.345
   122.502    48.342
   122.519    48.342
   122.528    48.344
   122.532    48.356
   122.543    48.368
   122.548    48.380
   122.563    48.382
   122.559    48.393
   122.553    48.400
   122.561    48.407
   122.575    48.408
   122.590    48.397
   122.603    48.385
   122.594    48.376
   122.587    48.363
   122.581    48.354
   122.589    48.344
   122.579    48.334
   122.568    48.328
   122.554    48.322
   122.540    48.317
   122.519    48.302
   122.517    48.297
   122.509    48.287
   122.519    48.271
   122.526    48.267
   122.539    48.260
   122.551    48.252
   122.564    48.262
   122.574    48.270
   122.591    48.273
   122.608    48.277
   122.616    48.272
   122.618    48.261
   122.625    48.250
   122.635    48.257
   122.636    48.260
   122.650    48.264
   122.648    48.254
   122.647    48.245
   122.652    48.230
   122.657    48.229
   122.670    48.225
   122.677    48.220
   122.694    48.219
   122.706    48.214
   122.711    48.210
   122.696    48.201
   122.677    48.204
   122.663    48.204
   122.651    48.198
   122.618    48.180
   122.609    48.169
   122.593    48.159
   122.606    48.188
   122.589    48.181
   122.573    48.156
   122.569    48.147
   122.567    48.129
   122.567    48.117
   122.561    48.100
   122.561    48.083
   122.556    48.083
   122.545    48.072
   122.545    48.060
   122.541    48.047
   122.540    48.030
   122.542    48.022
   122.542    48.008
   122.534    47.998
   122.522    47.994
   122.517    48.001
   122.512    48.017
   122.513    48.027
   122.512    48.042
   122.517    48.055
   122.517    48.073
   122.511    48.082
   122.498    48.085
   122.487    48.073
   122.471    48.065
   122.452    48.045
   122.431    48.041
   122.411    48.031
   122.395    48.022
   122.380    48.018
   122.366    48.011
   122.362    48.000
   122.358    47.985
   122.350    47.971
   122.345    47.957
   122.343    47.947
   122.350    47.934
   122.366    47.918
   122.374    47.903
   122.379    47.906
   122.387    47.907
   122.400    47.903
   122.415    47.906
   122.427    47.909
   122.438    47.924
   122.445    47.946
   122.444    47.954
   122.459    47.976
   122.470    47.981
   122.486    47.980
   122.498    47.967
   122.511    47.965
   122.524    47.957
   122.538    47.968
   122.544    47.975
   122.542    47.981
   122.547    47.992
   122.571    47.998
   122.594    48.013
   122.590    48.020
   122.585    48.034
   122.594    48.057
   122.602    48.060
   122.610    48.070
   122.606    48.083
   122.607    48.095
   122.602    48.110
   122.600    48.117
   122.604    48.133
   122.615    48.139
   122.634    48.141
   122.649    48.134
   122.664    48.132
   122.679    48.133
   122.679    48.142
   122.679    48.149
   122.688    48.158
   122.703    48.163
   122.722    48.169
   122.736    48.174
   122.736    48.178
   122.751    48.188
   122.763    48.203
   122.757    48.215
   122.751    48.227
   122.740    48.236
   122.731    48.246
   122.725    48.253
   122.728    48.257
   122.715    48.271
   122.715    48.277
   122.701    48.297
   122.690    48.306
   122.683    48.318
   122.677    48.325
   122.675    48.331
   122.670    48.342
   122.664    48.350
   122.661    48.356
   122.658    48.361
   122.649    48.369
   122.639    48.363
   122.628    48.374
   122.618    48.377
   122.604    48.379
   122.606    48.387
   122.620    48.382
   122.641    48.383
   122.661    48.384
   122.672    48.392
   122.678    48.400
   122.677    48.402
   122.674    48.408
   122.667    48.417
   122.655    48.424
   122.662    48.435
   122.668    48.445
   122.670    48.448
   122.675    48.453
   122.691    48.454
   122.702    48.462
   122.699    48.470
   122.689    48.470
   122.677    48.467
   122.667    48.470
   122.654    48.473
   122.638    48.476
   122.633    48.480
   122.625    48.481
   122.621    48.478
   122.610    48.468
   122.604    48.455
   122.599    48.442
   122.592    48.436
   122.584    48.433
   122.576    48.449
   122.573    48.451
   122.571    48.455
   122.564    48.457
   122.551    48.452
   122.532    48.440
   122.521    48.434
   122.504    48.427
   122.491    48.426
   122.483    48.432
   122.482    48.437
   122.485    48.445
   122.498    48.462
   122.491    48.473
   122.479    48.498
   122.491    48.502
   122.484    48.491
   122.489    48.503
   122.494    48.511
   122.508    48.521
   122.528    48.533
   122.550    48.542
   122.559    48.556
   122.549    48.559
   122.532    48.557
   122.512    48.551
   122.500    48.542
   122.481    48.532
   122.460    48.532
   122.445    48.540
   122.440    48.554
   122.440    48.568
   122.444    48.579
   122.452    48.590
   122.471    48.597
   122.478    48.601
   122.483    48.615
   122.494    48.625
   122.502    48.628
   122.497    48.644
   122.501    48.650
   122.512    48.659
   122.518    48.671
   122.507    48.680
   122.496    48.689
   122.493    48.708
   122.500    48.718
   122.519    48.731
   122.537    48.739
   122.566    48.748
   122.579    48.746
   122.7      48.75
   122.800    48.900
   122.810    49.00
   122.85     48.98
   122.87     48.95
   122.95     49.00
   122.89     49.05
   122.97     49.08
   123.000    49.100
   123.075    49.09
   123.150    49.13
   123.200    49.10
   123.22     49.2
   123.18     49.23
   123.15     49.29
   123.18     49.35
   123.25     49.4
   123.32     49.48
   123.35     49.50
   123.40     49.30
   123.5      49.32
   123.75     49.4
   123.85     49.48
   124.00     49.5
   124.1      49.55
   124.2      49.52
   124.3      49.58
   124.40     49.6 
 -99999.000 99999.000
   122.95  49.0
   116.00  49.0
  99999.00 99999.000
   126.0      49.3
   125.9      49.25
   125.8      49.22
   125.7      49.18
   125.6      49.15
   125.5      49.10
   125.4     49.0
   125.3     49.03
   125.25     49.14
   125.20      49.09
   125.1      49.08
   125.0      49.1
   125.1      48.85
   124.968    48.75
   124.933    48.678
   124.898    48.666
   124.871    48.654
   124.840    48.644
   124.814    48.647
   124.783    48.632
   124.774    48.614
   124.746    48.602
   124.728    48.603
   124.709    48.584
   124.689    48.571
   124.635    48.561
   124.584    48.548
   124.517    48.539
   124.477    48.529
   124.462    48.538
   124.439    48.550
   124.416    48.550
   124.388    48.555
   124.389    48.550
   124.400    48.539
   124.416    48.526
   124.414    48.512
   124.391    48.510
   124.362    48.504
   124.344    48.491
   124.323    48.489
   124.291    48.490
   124.282    48.480
   124.254    48.462
   124.220    48.452
   124.175    48.441
   124.143    48.428
   124.116    48.416
   124.090    48.412
   124.061    48.405
   124.035    48.397
   123.999    48.392
   123.978    48.382
   123.966    48.373
   123.955    48.371
   123.939    48.369
   123.926    48.361
   123.899    48.358
   123.881    48.359
   123.863    48.359
   123.846    48.356
   123.831    48.348
   123.804    48.339
   123.791    48.346
   123.771    48.350
   123.749    48.351
   123.741    48.346
   123.722    48.341
   123.703    48.332
   123.697    48.326
   123.686    48.324
   123.676    48.315
   123.660    48.301
   123.640    48.299
   123.616    48.307
   123.605    48.315
   123.596    48.314
   123.590    48.310
   123.587    48.297
   123.558    48.293
   123.546    48.296
   123.541    48.303
   123.540    48.313
   123.533    48.323
   123.516    48.327
   123.514    48.341
   123.509    48.349
   123.498    48.372
   123.479    48.380
   123.467    48.390
   123.458    48.408
   123.449    48.415
   123.445    48.424
   123.429    48.425
   123.429    48.426
   123.428    48.422
   123.413    48.413
   123.397    48.401
   123.375    48.390
   123.352    48.380
   123.317    48.387
   123.291    48.393
   123.273    48.416
   123.273    48.436
   123.277    48.449
   123.278    48.464
   123.295    48.474
   123.322    48.478
   123.328    48.488
   123.340    48.507
   123.343    48.533
   123.343    48.543
   123.353    48.567
   123.368    48.583
   123.380    48.591
   123.379    48.611
   123.380    48.629
   123.388    48.653
   123.399    48.663
   123.421    48.667
   123.446    48.669
   123.463    48.664
   123.465    48.662
   123.464    48.659
   123.452    48.644
   123.440    48.636
   123.442    48.626
   123.459    48.622
   123.466    48.613
   123.467    48.600
   123.467    48.584
   123.473    48.572
   123.467    48.557
   123.478    48.547
   123.497    48.536
   123.513    48.517
   123.527    48.518
   123.524    48.542
   123.508    48.561
   123.504    48.577
   123.506    48.587
   123.507    48.597
   123.522    48.606
   123.529    48.622
   123.529    48.642
   123.531    48.659
   123.531    48.670
   123.542    48.684
   123.557    48.697
   123.572    48.704
   123.590    48.713
   123.615    48.717
   123.627    48.725
   123.75     48.90
   123.80     49.15
   124.0      49.25
   124.75     49.35
   125.       49.45
 99999.000 99999.000
 99999.000 99999.000
