45.79350  -118.74201
45.70861  -117.90287
45.98022  -117.22786
45.24003  -120.63847
45.27611  -119.63411
45.24020  -118.96053
45.33124  -117.83238
45.33166  -117.19028
44.64750  -121.20391
44.74230  -120.29473
44.59921  -119.56865
44.52014  -118.66833
44.66155  -117.72623
44.11760  -121.37946
43.90528  -120.23255
44.07514  -119.50987
43.90912  -118.54848
44.01411  -117.79884
43.25805  -121.17561
43.28134  -120.09446
43.36973  -119.31095
43.35002  -118.47189
43.36300  -117.75000
42.79160  -120.24490
42.69080  -119.25008
42.72501  -118.45456
42.69498  -117.73002
42.01185  -119.32980
42.19433  -118.33896
42.08507  -117.55216
41.876300	-124.190000
46.353000	-116.213000
45.889500	-116.157000
45.766600	-115.223000
45.399000	-116.279000
44.646100	-116.692000
44.714200	-116.010000
44.558400	-114.847000
44.052000	-116.830000
43.917400	-115.962000
43.463000	-116.790000
43.436300	-115.937000
42.774800	-116.869000
42.732300	-115.868000
42.079200	-116.477000
42.152800	-115.750000
45.932800	-123.554000
45.326000	-123.245000
45.221900	-122.451000
45.243200	-121.315000
44.678200	-124.006000
44.691000	-122.178000
43.973700	-123.814000
43.974000	-123.277900
43.768200	-122.462000
43.354600	-123.512000
43.372300	-122.960000
43.149700	-121.925000
42.824000	-124.505000
42.785100	-123.372000
42.622800	-122.622000
42.598400	-121.763000
42.717700	-120.897000
42.193600	-123.669000
42.186900	-122.606000
42.088600	-121.883000
42.003700	-121.001000
42.078500	-120.136000
48.724400	-122.712000
48.985800	-122.118000
48.032100	-124.369000
48.072400	-123.518000
48.191500	-122.040300
48.521100	-121.387000
48.506700	-120.264000
48.567300	-119.430000
48.264200	-117.329000
47.617400	-124.192000
47.862500	-122.782000
47.899300	-121.721000
47.881100	-120.666000
47.803700	-119.912000
47.770000	-119.174000
47.821400	-118.200000
47.811900	-117.284000
47.174100	-124.096000
47.067500	-122.806000
47.264800	-122.042000
47.316700	-120.854300
47.267400	-119.936000
47.201300	-118.961000
47.227400	-118.058000
47.059600	-117.308000
46.552500	-123.642000
46.537500	-122.665000
46.528200	-121.791000
46.560700	-120.852000
46.514800	-119.912300
46.617200	-119.121000
46.475400	-118.056000
46.610600	-117.143000
45.929900	-122.453000
45.850600	-121.465000
45.851300	-120.644000
45.951900	-119.920000
47.044000	-116.346000
48.935400	-116.444000
48.926800	-117.597000
