alberta
1
    -0.1160869E+03     0.5319960E+02
    -0.1100000E+03     0.4899657E+02
    -0.1100109E+03     0.4899666E+02
    -0.1102017E+03     0.4899814E+02
    -0.1103924E+03     0.4899929E+02
    -0.1105832E+03     0.4900012E+02
    -0.1107740E+03     0.4900061E+02
    -0.1109648E+03     0.4900077E+02
    -0.1111556E+03     0.4900061E+02
    -0.1113464E+03     0.4900011E+02
    -0.1115372E+03     0.4899928E+02
    -0.1117279E+03     0.4899813E+02
    -0.1119128E+03     0.4899670E+02
    -0.1119187E+03     0.4899671E+02
    -0.1121095E+03     0.4899709E+02
    -0.1123003E+03     0.4899714E+02
    -0.1124910E+03     0.4899686E+02
    -0.1126818E+03     0.4899625E+02
    -0.1128639E+03     0.4899536E+02
    -0.1128726E+03     0.4899541E+02
    -0.1130633E+03     0.4899649E+02
    -0.1132541E+03     0.4899723E+02
    -0.1134449E+03     0.4899763E+02
    -0.1136356E+03     0.4899772E+02
    -0.1138264E+03     0.4899747E+02
    -0.1140000E+03     0.4899694E+02
    -0.1140686E+03     0.4899899E+02
    -0.1140686E+03     0.4899899E+02
    -0.1140649E+03     0.4901069E+02
    -0.1140520E+03     0.4902702E+02
    -0.1140594E+03     0.4904629E+02
    -0.1140607E+03     0.4904994E+02
    -0.1140681E+03     0.4905532E+02
    -0.1140986E+03     0.4906584E+02
    -0.1141199E+03     0.4908031E+02
    -0.1141387E+03     0.4908903E+02
    -0.1141543E+03     0.4912599E+02
    -0.1141562E+03     0.4913486E+02
    -0.1141503E+03     0.4914341E+02
    -0.1141495E+03     0.4914459E+02
    -0.1141530E+03     0.4915122E+02
    -0.1141644E+03     0.4916090E+02
    -0.1142027E+03     0.4917520E+02
    -0.1142101E+03     0.4918690E+02
    -0.1142239E+03     0.4919043E+02
    -0.1142312E+03     0.4919025E+02
    -0.1142422E+03     0.4918325E+02
    -0.1142535E+03     0.4918103E+02
    -0.1142883E+03     0.4918867E+02
    -0.1142975E+03     0.4919252E+02
    -0.1143095E+03     0.4919756E+02
    -0.1143332E+03     0.4920031E+02
    -0.1143425E+03     0.4919554E+02
    -0.1143647E+03     0.4920607E+02
    -0.1143935E+03     0.4921319E+02
    -0.1143898E+03     0.4922001E+02
    -0.1143937E+03     0.4924408E+02
    -0.1143736E+03     0.4925431E+02
    -0.1143765E+03     0.4925772E+02
    -0.1143802E+03     0.4925843E+02
    -0.1144407E+03     0.4927009E+02
    -0.1144461E+03     0.4927369E+02
    -0.1144430E+03     0.4928373E+02
    -0.1144458E+03     0.4929425E+02
    -0.1144565E+03     0.4930146E+02
    -0.1144667E+03     0.4931178E+02
    -0.1144804E+03     0.4931606E+02
    -0.1144841E+03     0.4932191E+02
    -0.1144743E+03     0.4933536E+02
    -0.1144750E+03     0.4934020E+02
    -0.1144754E+03     0.4934257E+02
    -0.1144866E+03     0.4935377E+02
    -0.1145209E+03     0.4936446E+02
    -0.1145271E+03     0.4938316E+02
    -0.1145378E+03     0.4938403E+02
    -0.1145541E+03     0.4938137E+02
    -0.1145682E+03     0.4938408E+02
    -0.1145806E+03     0.4939537E+02
    -0.1145932E+03     0.4941854E+02
    -0.1146002E+03     0.4943967E+02
    -0.1145933E+03     0.4946999E+02
    -0.1145935E+03     0.4950088E+02
    -0.1145870E+03     0.4950986E+02
    -0.1145767E+03     0.4951933E+02
    -0.1145649E+03     0.4953659E+02
    -0.1145646E+03     0.4953836E+02
    -0.1145624E+03     0.4954985E+02
    -0.1145737E+03     0.4956104E+02
    -0.1145838E+03     0.4956580E+02
    -0.1145941E+03     0.4956266E+02
    -0.1146107E+03     0.4955211E+02
    -0.1146286E+03     0.4954720E+02
    -0.1146433E+03     0.4954678E+02
    -0.1146742E+03     0.4955714E+02
    -0.1146895E+03     0.4955360E+02
    -0.1146977E+03     0.4955504E+02
    -0.1147052E+03     0.4956276E+02
    -0.1147232E+03     0.4958157E+02
    -0.1147413E+03     0.4960996E+02
    -0.1147403E+03     0.4962047E+02
    -0.1147308E+03     0.4962738E+02
    -0.1147140E+03     0.4963018E+02
    -0.1147032E+03     0.4963935E+02
    -0.1146597E+03     0.4964416E+02
    -0.1146582E+03     0.4964521E+02
    -0.1146535E+03     0.4964838E+02
    -0.1146541E+03     0.4965490E+02
    -0.1146630E+03     0.4967032E+02
    -0.1146690E+03     0.4970140E+02
    -0.1146655E+03     0.4971054E+02
    -0.1146428E+03     0.4971994E+02
    -0.1146308E+03     0.4973076E+02
    -0.1146333E+03     0.4974155E+02
    -0.1146397E+03     0.4974618E+02
    -0.1146400E+03     0.4975444E+02
    -0.1146415E+03     0.4975531E+02
    -0.1146506E+03     0.4976058E+02
    -0.1146530E+03     0.4976724E+02
    -0.1146474E+03     0.4977269E+02
    -0.1146366E+03     0.4977713E+02
    -0.1146316E+03     0.4978439E+02
    -0.1146322E+03     0.4980034E+02
    -0.1146288E+03     0.4980890E+02
    -0.1146369E+03     0.4981895E+02
    -0.1146342E+03     0.4983346E+02
    -0.1146507E+03     0.4984712E+02
    -0.1146559E+03     0.4985813E+02
    -0.1146618E+03     0.4986568E+02
    -0.1146831E+03     0.4989322E+02
    -0.1146864E+03     0.4989995E+02
    -0.1146816E+03     0.4992173E+02
    -0.1146862E+03     0.4993553E+02
    -0.1146860E+03     0.4995128E+02
    -0.1146756E+03     0.4996799E+02
    -0.1146496E+03     0.4997423E+02
    -0.1146481E+03     0.4997459E+02
    -0.1146446E+03     0.4999301E+02
    -0.1146496E+03     0.5000000E+02
    -0.1146582E+03     0.5001218E+02
    -0.1146529E+03     0.5003046E+02
    -0.1146659E+03     0.5005308E+02
    -0.1146594E+03     0.5005899E+02
    -0.1146596E+03     0.5006719E+02
    -0.1146821E+03     0.5007303E+02
    -0.1146892E+03     0.5008326E+02
    -0.1147021E+03     0.5010204E+02
    -0.1147279E+03     0.5011455E+02
    -0.1147308E+03     0.5012354E+02
    -0.1147260E+03     0.5013426E+02
    -0.1147209E+03     0.5016132E+02
    -0.1147262E+03     0.5017223E+02
    -0.1147262E+03     0.5017691E+02
    -0.1147210E+03     0.5018526E+02
    -0.1147206E+03     0.5019224E+02
    -0.1147229E+03     0.5019664E+02
    -0.1147320E+03     0.5021357E+02
    -0.1147638E+03     0.5024814E+02
    -0.1147641E+03     0.5025634E+02
    -0.1147530E+03     0.5026716E+02
    -0.1147474E+03     0.5027724E+02
    -0.1147464E+03     0.5028242E+02
    -0.1147494E+03     0.5030075E+02
    -0.1147622E+03     0.5030524E+02
    -0.1147665E+03     0.5030490E+02
    -0.1147770E+03     0.5030405E+02
    -0.1147834E+03     0.5030920E+02
    -0.1147790E+03     0.5031821E+02
    -0.1147870E+03     0.5033042E+02
    -0.1147836E+03     0.5033917E+02
    -0.1147757E+03     0.5034171E+02
    -0.1147666E+03     0.5035119E+02
    -0.1147695E+03     0.5035886E+02
    -0.1147769E+03     0.5036178E+02
    -0.1147891E+03     0.5036193E+02
    -0.1148028E+03     0.5037043E+02
    -0.1148091E+03     0.5037639E+02
    -0.1148085E+03     0.5038262E+02
    -0.1148208E+03     0.5038904E+02
    -0.1148310E+03     0.5039072E+02
    -0.1148518E+03     0.5039414E+02
    -0.1148591E+03     0.5040097E+02
    -0.1148558E+03     0.5042188E+02
    -0.1148685E+03     0.5043264E+02
    -0.1148729E+03     0.5044237E+02
    -0.1149013E+03     0.5044766E+02
    -0.1149123E+03     0.5045475E+02
    -0.1149285E+03     0.5048340E+02
    -0.1149499E+03     0.5050381E+02
    -0.1149770E+03     0.5054032E+02
    -0.1149972E+03     0.5055788E+02
    -0.1150000E+03     0.5056371E+02
    -0.1150119E+03     0.5058836E+02
    -0.1150179E+03     0.5058920E+02
    -0.1150205E+03     0.5058690E+02
    -0.1150260E+03     0.5058196E+02
    -0.1150397E+03     0.5058102E+02
    -0.1150451E+03     0.5057829E+02
    -0.1150493E+03     0.5057899E+02
    -0.1150623E+03     0.5058857E+02
    -0.1150688E+03     0.5059022E+02
    -0.1150916E+03     0.5057976E+02
    -0.1151020E+03     0.5057699E+02
    -0.1151219E+03     0.5057571E+02
    -0.1151415E+03     0.5057636E+02
    -0.1151522E+03     0.5057479E+02
    -0.1151620E+03     0.5057159E+02
    -0.1151762E+03     0.5055774E+02
    -0.1151787E+03     0.5055225E+02
    -0.1151793E+03     0.5055091E+02
    -0.1151761E+03     0.5054442E+02
    -0.1151807E+03     0.5053966E+02
    -0.1151948E+03     0.5053990E+02
    -0.1151999E+03     0.5053557E+02
    -0.1152077E+03     0.5053614E+02
    -0.1152204E+03     0.5054450E+02
    -0.1152242E+03     0.5055065E+02
    -0.1152254E+03     0.5056131E+02
    -0.1152344E+03     0.5057606E+02
    -0.1152311E+03     0.5059148E+02
    -0.1152365E+03     0.5059579E+02
    -0.1152553E+03     0.5060067E+02
    -0.1152729E+03     0.5060851E+02
    -0.1152753E+03     0.5060955E+02
    -0.1152875E+03     0.5062003E+02
    -0.1152916E+03     0.5062991E+02
    -0.1153021E+03     0.5063733E+02
    -0.1153050E+03     0.5064338E+02
    -0.1152972E+03     0.5065032E+02
    -0.1152824E+03     0.5064884E+02
    -0.1152733E+03     0.5065569E+02
    -0.1152743E+03     0.5066493E+02
    -0.1152868E+03     0.5068292E+02
    -0.1152917E+03     0.5070704E+02
    -0.1152951E+03     0.5071039E+02
    -0.1153101E+03     0.5072544E+02
    -0.1153259E+03     0.5072906E+02
    -0.1153470E+03     0.5072849E+02
    -0.1153607E+03     0.5072529E+02
    -0.1153703E+03     0.5071930E+02
    -0.1153822E+03     0.5071514E+02
    -0.1154093E+03     0.5072205E+02
    -0.1154054E+03     0.5073637E+02
    -0.1154243E+03     0.5075756E+02
    -0.1154252E+03     0.5075859E+02
    -0.1154311E+03     0.5076234E+02
    -0.1154354E+03     0.5076015E+02
    -0.1154448E+03     0.5075914E+02
    -0.1154496E+03     0.5076197E+02
    -0.1154601E+03     0.5076188E+02
    -0.1154621E+03     0.5075785E+02
    -0.1154702E+03     0.5076050E+02
    -0.1154765E+03     0.5076594E+02
    -0.1154782E+03     0.5077856E+02
    -0.1154964E+03     0.5079150E+02
    -0.1155140E+03     0.5078855E+02
    -0.1155244E+03     0.5078927E+02
    -0.1155361E+03     0.5080134E+02
    -0.1155544E+03     0.5081343E+02
    -0.1155545E+03     0.5081642E+02
    -0.1155553E+03     0.5083516E+02
    -0.1155599E+03     0.5083882E+02
    -0.1155960E+03     0.5084713E+02
    -0.1156020E+03     0.5084671E+02
    -0.1156082E+03     0.5084130E+02
    -0.1156170E+03     0.5083982E+02
    -0.1156311E+03     0.5084204E+02
    -0.1156406E+03     0.5086768E+02
    -0.1156415E+03     0.5087774E+02
    -0.1156178E+03     0.5088347E+02
    -0.1156119E+03     0.5088489E+02
    -0.1155950E+03     0.5089123E+02
    -0.1155754E+03     0.5089030E+02
    -0.1155626E+03     0.5089608E+02
    -0.1155598E+03     0.5090089E+02
    -0.1155616E+03     0.5090560E+02
    -0.1155707E+03     0.5091373E+02
    -0.1155986E+03     0.5092439E+02
    -0.1155983E+03     0.5092979E+02
    -0.1156020E+03     0.5093545E+02
    -0.1156023E+03     0.5094881E+02
    -0.1156108E+03     0.5096325E+02
    -0.1156155E+03     0.5096852E+02
    -0.1156263E+03     0.5098071E+02
    -0.1156608E+03     0.5100493E+02
    -0.1156774E+03     0.5100934E+02
    -0.1156925E+03     0.5102639E+02
    -0.1156992E+03     0.5102758E+02
    -0.1157102E+03     0.5101738E+02
    -0.1157187E+03     0.5101796E+02
    -0.1157455E+03     0.5103397E+02
    -0.1157483E+03     0.5103611E+02
    -0.1157630E+03     0.5104717E+02
    -0.1157596E+03     0.5106371E+02
    -0.1157503E+03     0.5106710E+02
    -0.1157518E+03     0.5107194E+02
    -0.1157574E+03     0.5107304E+02
    -0.1157700E+03     0.5106696E+02
    -0.1157940E+03     0.5107220E+02
    -0.1158036E+03     0.5107721E+02
    -0.1158085E+03     0.5108228E+02
    -0.1158179E+03     0.5108144E+02
    -0.1158328E+03     0.5107551E+02
    -0.1158420E+03     0.5107975E+02
    -0.1158556E+03     0.5108138E+02
    -0.1158615E+03     0.5108670E+02
    -0.1158656E+03     0.5109043E+02
    -0.1158872E+03     0.5109330E+02
    -0.1158916E+03     0.5109105E+02
    -0.1158942E+03     0.5108247E+02
    -0.1159006E+03     0.5108216E+02
    -0.1159145E+03     0.5108891E+02
    -0.1159365E+03     0.5110310E+02
    -0.1159510E+03     0.5111716E+02
    -0.1160149E+03     0.5113208E+02
    -0.1160106E+03     0.5115897E+02
    -0.1160341E+03     0.5116624E+02
    -0.1160328E+03     0.5117421E+02
    -0.1160044E+03     0.5119654E+02
    -0.1160042E+03     0.5122012E+02
    -0.1160111E+03     0.5122286E+02
    -0.1160273E+03     0.5122448E+02
    -0.1160364E+03     0.5122768E+02
    -0.1160533E+03     0.5123363E+02
    -0.1160639E+03     0.5124753E+02
    -0.1160744E+03     0.5125051E+02
    -0.1160864E+03     0.5125012E+02
    -0.1161026E+03     0.5125173E+02
    -0.1161176E+03     0.5125556E+02
    -0.1161312E+03     0.5126217E+02
    -0.1161463E+03     0.5126543E+02
    -0.1161530E+03     0.5126930E+02
    -0.1161487E+03     0.5128456E+02
    -0.1161613E+03     0.5129743E+02
    -0.1161700E+03     0.5129924E+02
    -0.1161853E+03     0.5130239E+02
    -0.1162036E+03     0.5129721E+02
    -0.1162147E+03     0.5129619E+02
    -0.1162432E+03     0.5130199E+02
    -0.1162653E+03     0.5131314E+02
    -0.1162837E+03     0.5134188E+02
    -0.1162779E+03     0.5135532E+02
    -0.1162832E+03     0.5136830E+02
    -0.1162849E+03     0.5136871E+02
    -0.1162991E+03     0.5137216E+02
    -0.1163028E+03     0.5138389E+02
    -0.1162988E+03     0.5139169E+02
    -0.1162827E+03     0.5141198E+02
    -0.1162835E+03     0.5141835E+02
    -0.1162928E+03     0.5142985E+02
    -0.1162885E+03     0.5143936E+02
    -0.1162863E+03     0.5145877E+02
    -0.1162957E+03     0.5146338E+02
    -0.1163228E+03     0.5146700E+02
    -0.1163435E+03     0.5146977E+02
    -0.1163549E+03     0.5147334E+02
    -0.1163922E+03     0.5150608E+02
    -0.1163906E+03     0.5152840E+02
    -0.1163784E+03     0.5153571E+02
    -0.1163877E+03     0.5154663E+02
    -0.1164161E+03     0.5155356E+02
    -0.1164473E+03     0.5156115E+02
    -0.1164637E+03     0.5156847E+02
    -0.1164662E+03     0.5157499E+02
    -0.1164639E+03     0.5159440E+02
    -0.1164671E+03     0.5160202E+02
    -0.1164751E+03     0.5161111E+02
    -0.1164998E+03     0.5162588E+02
    -0.1165143E+03     0.5162987E+02
    -0.1165371E+03     0.5163857E+02
    -0.1165725E+03     0.5165208E+02
    -0.1165940E+03     0.5166351E+02
    -0.1165923E+03     0.5167045E+02
    -0.1165843E+03     0.5167780E+02
    -0.1165854E+03     0.5168295E+02
    -0.1165811E+03     0.5168621E+02
    -0.1165849E+03     0.5170715E+02
    -0.1165914E+03     0.5171809E+02
    -0.1166000E+03     0.5172329E+02
    -0.1166209E+03     0.5173116E+02
    -0.1166218E+03     0.5173261E+02
    -0.1166244E+03     0.5173684E+02
    -0.1166239E+03     0.5174462E+02
    -0.1166345E+03     0.5175345E+02
    -0.1166453E+03     0.5175721E+02
    -0.1166498E+03     0.5176489E+02
    -0.1166482E+03     0.5179999E+02
    -0.1166591E+03     0.5180726E+02
    -0.1166755E+03     0.5181134E+02
    -0.1166873E+03     0.5180890E+02
    -0.1167086E+03     0.5180153E+02
    -0.1167206E+03     0.5180348E+02
    -0.1167328E+03     0.5180800E+02
    -0.1167436E+03     0.5180745E+02
    -0.1167738E+03     0.5177400E+02
    -0.1167992E+03     0.5175982E+02
    -0.1168125E+03     0.5173790E+02
    -0.1168096E+03     0.5173227E+02
    -0.1168038E+03     0.5172881E+02
    -0.1167973E+03     0.5172141E+02
    -0.1168023E+03     0.5171422E+02
    -0.1168046E+03     0.5171088E+02
    -0.1168166E+03     0.5170609E+02
    -0.1168338E+03     0.5170863E+02
    -0.1168495E+03     0.5170913E+02
    -0.1168613E+03     0.5170588E+02
    -0.1168802E+03     0.5170539E+02
    -0.1169006E+03     0.5170810E+02
    -0.1169176E+03     0.5171257E+02
    -0.1169291E+03     0.5173275E+02
    -0.1169598E+03     0.5175165E+02
    -0.1169598E+03     0.5175165E+02
    -0.1169724E+03     0.5176138E+02
    -0.1169661E+03     0.5177349E+02
    -0.1169656E+03     0.5179794E+02
    -0.1169698E+03     0.5180632E+02
    -0.1169836E+03     0.5182388E+02
    -0.1169847E+03     0.5183315E+02
    -0.1169850E+03     0.5183546E+02
    -0.1169930E+03     0.5183879E+02
    -0.1170092E+03     0.5183920E+02
    -0.1170263E+03     0.5184973E+02
    -0.1170290E+03     0.5186906E+02
    -0.1170170E+03     0.5189288E+02
    -0.1170239E+03     0.5189948E+02
    -0.1170445E+03     0.5191788E+02
    -0.1170668E+03     0.5192917E+02
    -0.1170923E+03     0.5194207E+02
    -0.1171090E+03     0.5195544E+02
    -0.1171272E+03     0.5196410E+02
    -0.1171448E+03     0.5197703E+02
    -0.1171582E+03     0.5197535E+02
    -0.1171690E+03     0.5197593E+02
    -0.1171947E+03     0.5198114E+02
    -0.1172044E+03     0.5199556E+02
    -0.1172179E+03     0.5200085E+02
    -0.1172228E+03     0.5200277E+02
    -0.1172287E+03     0.5201075E+02
    -0.1172168E+03     0.5202355E+02
    -0.1172160E+03     0.5202879E+02
    -0.1172197E+03     0.5203570E+02
    -0.1172459E+03     0.5204332E+02
    -0.1172643E+03     0.5204572E+02
    -0.1172672E+03     0.5205259E+02
    -0.1172734E+03     0.5205867E+02
    -0.1172887E+03     0.5206570E+02
    -0.1172955E+03     0.5207278E+02
    -0.1173009E+03     0.5209485E+02
    -0.1173108E+03     0.5213569E+02
    -0.1173158E+03     0.5218814E+02
    -0.1173216E+03     0.5219069E+02
    -0.1173292E+03     0.5216364E+02
    -0.1173311E+03     0.5215665E+02
    -0.1173355E+03     0.5215162E+02
    -0.1173462E+03     0.5214880E+02
    -0.1173703E+03     0.5214703E+02
    -0.1174124E+03     0.5215145E+02
    -0.1174278E+03     0.5215073E+02
    -0.1174534E+03     0.5214641E+02
    -0.1174910E+03     0.5214381E+02
    -0.1174973E+03     0.5215126E+02
    -0.1175073E+03     0.5215462E+02
    -0.1175131E+03     0.5215656E+02
    -0.1175177E+03     0.5215379E+02
    -0.1175211E+03     0.5214645E+02
    -0.1175395E+03     0.5214137E+02
    -0.1175544E+03     0.5213048E+02
    -0.1175607E+03     0.5212892E+02
    -0.1175782E+03     0.5213504E+02
    -0.1176008E+03     0.5213955E+02
    -0.1176148E+03     0.5215375E+02
    -0.1176199E+03     0.5216564E+02
    -0.1176445E+03     0.5218337E+02
    -0.1176551E+03     0.5219101E+02
    -0.1176603E+03     0.5219802E+02
    -0.1176680E+03     0.5219991E+02
    -0.1176848E+03     0.5219735E+02
    -0.1177145E+03     0.5218941E+02
    -0.1177343E+03     0.5218812E+02
    -0.1177410E+03     0.5220195E+02
    -0.1178049E+03     0.5222520E+02
    -0.1178064E+03     0.5222573E+02
    -0.1178163E+03     0.5223446E+02
    -0.1178224E+03     0.5224939E+02
    -0.1178326E+03     0.5225587E+02
    -0.1178392E+03     0.5226632E+02
    -0.1178393E+03     0.5227533E+02
    -0.1178087E+03     0.5229001E+02
    -0.1177947E+03     0.5229422E+02
    -0.1177914E+03     0.5230532E+02
    -0.1177695E+03     0.5231890E+02
    -0.1177605E+03     0.5231968E+02
    -0.1177583E+03     0.5231987E+02
    -0.1177482E+03     0.5231788E+02
    -0.1177454E+03     0.5233013E+02
    -0.1177362E+03     0.5234469E+02
    -0.1177242E+03     0.5235349E+02
    -0.1177076E+03     0.5235477E+02
    -0.1177094E+03     0.5236668E+02
    -0.1177200E+03     0.5237276E+02
    -0.1177219E+03     0.5238016E+02
    -0.1177198E+03     0.5238806E+02
    -0.1177282E+03     0.5239299E+02
    -0.1177457E+03     0.5239870E+02
    -0.1177599E+03     0.5240765E+02
    -0.1177636E+03     0.5241000E+02
    -0.1177765E+03     0.5241096E+02
    -0.1177846E+03     0.5240996E+02
    -0.1177965E+03     0.5240600E+02
    -0.1178082E+03     0.5240830E+02
    -0.1178243E+03     0.5241602E+02
    -0.1178406E+03     0.5241748E+02
    -0.1178866E+03     0.5242730E+02
    -0.1179083E+03     0.5243597E+02
    -0.1179118E+03     0.5244448E+02
    -0.1179203E+03     0.5244905E+02
    -0.1179356E+03     0.5245158E+02
    -0.1179564E+03     0.5246081E+02
    -0.1179620E+03     0.5246629E+02
    -0.1179665E+03     0.5248075E+02
    -0.1179774E+03     0.5248439E+02
    -0.1179866E+03     0.5249802E+02
    -0.1179956E+03     0.5249878E+02
    -0.1180073E+03     0.5249202E+02
    -0.1180147E+03     0.5248227E+02
    -0.1180224E+03     0.5246593E+02
    -0.1180209E+03     0.5245543E+02
    -0.1180237E+03     0.5245103E+02
    -0.1180333E+03     0.5245645E+02
    -0.1180391E+03     0.5245974E+02
    -0.1180481E+03     0.5246049E+02
    -0.1180527E+03     0.5245583E+02
    -0.1180551E+03     0.5244585E+02
    -0.1180509E+03     0.5244288E+02
    -0.1180353E+03     0.5243974E+02
    -0.1180312E+03     0.5243607E+02
    -0.1180319E+03     0.5243054E+02
    -0.1180360E+03     0.5242447E+02
    -0.1180471E+03     0.5241315E+02
    -0.1180497E+03     0.5240110E+02
    -0.1180559E+03     0.5239651E+02
    -0.1181135E+03     0.5239981E+02
    -0.1181175E+03     0.5240055E+02
    -0.1181380E+03     0.5240438E+02
    -0.1181514E+03     0.5240186E+02
    -0.1181751E+03     0.5238413E+02
    -0.1181822E+03     0.5237228E+02
    -0.1181900E+03     0.5236880E+02
    -0.1182066E+03     0.5236814E+02
    -0.1182163E+03     0.5237205E+02
    -0.1182202E+03     0.5237744E+02
    -0.1182178E+03     0.5238811E+02
    -0.1182350E+03     0.5240660E+02
    -0.1182354E+03     0.5241389E+02
    -0.1182364E+03     0.5243309E+02
    -0.1182461E+03     0.5244777E+02
    -0.1182400E+03     0.5245132E+02
    -0.1182251E+03     0.5245241E+02
    -0.1182195E+03     0.5246120E+02
    -0.1181935E+03     0.5247396E+02
    -0.1181923E+03     0.5247913E+02
    -0.1181961E+03     0.5248521E+02
    -0.1182038E+03     0.5248798E+02
    -0.1182154E+03     0.5249058E+02
    -0.1182347E+03     0.5249108E+02
    -0.1182457E+03     0.5249434E+02
    -0.1182486E+03     0.5249611E+02
    -0.1182590E+03     0.5250257E+02
    -0.1182798E+03     0.5253477E+02
    -0.1182791E+03     0.5254551E+02
    -0.1182659E+03     0.5255606E+02
    -0.1182653E+03     0.5256125E+02
    -0.1182778E+03     0.5257119E+02
    -0.1183045E+03     0.5257498E+02
    -0.1183249E+03     0.5258061E+02
    -0.1183310E+03     0.5258894E+02
    -0.1183310E+03     0.5258968E+02
    -0.1183322E+03     0.5260515E+02
    -0.1183517E+03     0.5261216E+02
    -0.1183474E+03     0.5262290E+02
    -0.1183470E+03     0.5263239E+02
    -0.1183418E+03     0.5263691E+02
    -0.1183336E+03     0.5264036E+02
    -0.1183264E+03     0.5264907E+02
    -0.1182994E+03     0.5265219E+02
    -0.1182926E+03     0.5265712E+02
    -0.1182864E+03     0.5267681E+02
    -0.1182923E+03     0.5268609E+02
    -0.1182941E+03     0.5268687E+02
    -0.1183214E+03     0.5269874E+02
    -0.1183363E+03     0.5271173E+02
    -0.1183387E+03     0.5272466E+02
    -0.1183340E+03     0.5273158E+02
    -0.1183357E+03     0.5273689E+02
    -0.1183574E+03     0.5274588E+02
    -0.1183696E+03     0.5275496E+02
    -0.1183902E+03     0.5276010E+02
    -0.1184131E+03     0.5277199E+02
    -0.1184150E+03     0.5277592E+02
    -0.1184182E+03     0.5278265E+02
    -0.1184146E+03     0.5280008E+02
    -0.1183964E+03     0.5282211E+02
    -0.1183908E+03     0.5283660E+02
    -0.1183927E+03     0.5284713E+02
    -0.1183969E+03     0.5285158E+02
    -0.1184031E+03     0.5285279E+02
    -0.1184300E+03     0.5285059E+02
    -0.1184471E+03     0.5285226E+02
    -0.1184572E+03     0.5285980E+02
    -0.1184579E+03     0.5286506E+02
    -0.1184585E+03     0.5286935E+02
    -0.1184475E+03     0.5288314E+02
    -0.1184564E+03     0.5289444E+02
    -0.1184666E+03     0.5290151E+02
    -0.1184784E+03     0.5290153E+02
    -0.1184944E+03     0.5289886E+02
    -0.1185120E+03     0.5290339E+02
    -0.1185249E+03     0.5289965E+02
    -0.1185393E+03     0.5290451E+02
    -0.1185502E+03     0.5290543E+02
    -0.1185574E+03     0.5290430E+02
    -0.1185760E+03     0.5288511E+02
    -0.1185808E+03     0.5288338E+02
    -0.1185924E+03     0.5287912E+02
    -0.1186047E+03     0.5288152E+02
    -0.1186134E+03     0.5288852E+02
    -0.1186042E+03     0.5290715E+02
    -0.1186156E+03     0.5291805E+02
    -0.1186167E+03     0.5292284E+02
    -0.1186125E+03     0.5293803E+02
    -0.1186445E+03     0.5295137E+02
    -0.1186583E+03     0.5296267E+02
    -0.1186626E+03     0.5297314E+02
    -0.1186667E+03     0.5298324E+02
    -0.1186394E+03     0.5299808E+02
    -0.1186401E+03     0.5300499E+02
    -0.1186533E+03     0.5303436E+02
    -0.1186647E+03     0.5304084E+02
    -0.1186748E+03     0.5304037E+02
    -0.1186804E+03     0.5303500E+02
    -0.1186905E+03     0.5303411E+02
    -0.1186951E+03     0.5303731E+02
    -0.1187050E+03     0.5305147E+02
    -0.1187173E+03     0.5305459E+02
    -0.1187231E+03     0.5305605E+02
    -0.1187393E+03     0.5305841E+02
    -0.1187456E+03     0.5305220E+02
    -0.1187584E+03     0.5304667E+02
    -0.1187684E+03     0.5304663E+02
    -0.1187734E+03     0.5305285E+02
    -0.1187684E+03     0.5307977E+02
    -0.1187513E+03     0.5308599E+02
    -0.1187279E+03     0.5311693E+02
    -0.1187374E+03     0.5312246E+02
    -0.1187390E+03     0.5312286E+02
    -0.1187653E+03     0.5312914E+02
    -0.1187754E+03     0.5313513E+02
    -0.1187789E+03     0.5314215E+02
    -0.1187769E+03     0.5314724E+02
    -0.1187781E+03     0.5315675E+02
    -0.1187862E+03     0.5316094E+02
    -0.1188071E+03     0.5316690E+02
    -0.1188143E+03     0.5317321E+02
    -0.1188241E+03     0.5317530E+02
    -0.1188296E+03     0.5318369E+02
    -0.1188488E+03     0.5318528E+02
    -0.1188641E+03     0.5319662E+02
    -0.1188709E+03     0.5320410E+02
    -0.1188718E+03     0.5320509E+02
    -0.1189037E+03     0.5320887E+02
    -0.1189127E+03     0.5321222E+02
    -0.1189319E+03     0.5323360E+02
    -0.1189438E+03     0.5323662E+02
    -0.1189553E+03     0.5323619E+02
    -0.1189829E+03     0.5324065E+02
    -0.1189984E+03     0.5323606E+02
    -0.1190112E+03     0.5323008E+02
    -0.1190116E+03     0.5321933E+02
    -0.1189980E+03     0.5321096E+02
    -0.1189967E+03     0.5321018E+02
    -0.1189911E+03     0.5320223E+02
    -0.1189962E+03     0.5319424E+02
    -0.1190072E+03     0.5318475E+02
    -0.1190166E+03     0.5316961E+02
    -0.1190179E+03     0.5315760E+02
    -0.1190022E+03     0.5314928E+02
    -0.1189971E+03     0.5314307E+02
    -0.1190198E+03     0.5313100E+02
    -0.1190270E+03     0.5312438E+02
    -0.1190370E+03     0.5313163E+02
    -0.1190454E+03     0.5314313E+02
    -0.1190464E+03     0.5314445E+02
    -0.1190707E+03     0.5315867E+02
    -0.1190869E+03     0.5316184E+02
    -0.1191226E+03     0.5316269E+02
    -0.1191500E+03     0.5318991E+02
    -0.1191586E+03     0.5318936E+02
    -0.1191679E+03     0.5318434E+02
    -0.1191873E+03     0.5318438E+02
    -0.1192032E+03     0.5318591E+02
    -0.1192124E+03     0.5318885E+02
    -0.1192246E+03     0.5319279E+02
    -0.1192312E+03     0.5319108E+02
    -0.1192407E+03     0.5317657E+02
    -0.1192472E+03     0.5317519E+02
    -0.1192523E+03     0.5317859E+02
    -0.1192530E+03     0.5319313E+02
    -0.1192718E+03     0.5322120E+02
    -0.1192806E+03     0.5323053E+02
    -0.1192936E+03     0.5325195E+02
    -0.1193031E+03     0.5326055E+02
    -0.1193110E+03     0.5326770E+02
    -0.1193245E+03     0.5327203E+02
    -0.1193332E+03     0.5327716E+02
    -0.1193358E+03     0.5328435E+02
    -0.1193321E+03     0.5328938E+02
    -0.1193351E+03     0.5329690E+02
    -0.1193466E+03     0.5330052E+02
    -0.1193565E+03     0.5330956E+02
    -0.1193467E+03     0.5332277E+02
    -0.1193470E+03     0.5333084E+02
    -0.1193543E+03     0.5333916E+02
    -0.1193892E+03     0.5335984E+02
    -0.1193900E+03     0.5336035E+02
    -0.1194027E+03     0.5336335E+02
    -0.1194102E+03     0.5336361E+02
    -0.1194187E+03     0.5335937E+02
    -0.1194325E+03     0.5335564E+02
    -0.1194483E+03     0.5335422E+02
    -0.1194779E+03     0.5336132E+02
    -0.1195014E+03     0.5336338E+02
    -0.1195187E+03     0.5336845E+02
    -0.1195264E+03     0.5336741E+02
    -0.1195299E+03     0.5336366E+02
    -0.1195419E+03     0.5336243E+02
    -0.1195537E+03     0.5336345E+02
    -0.1195785E+03     0.5337496E+02
    -0.1195941E+03     0.5338215E+02
    -0.1196016E+03     0.5338239E+02
    -0.1196030E+03     0.5337921E+02
    -0.1195928E+03     0.5336631E+02
    -0.1196067E+03     0.5336192E+02
    -0.1196435E+03     0.5336597E+02
    -0.1196758E+03     0.5336698E+02
    -0.1196836E+03     0.5338270E+02
    -0.1196944E+03     0.5338852E+02
    -0.1197030E+03     0.5338943E+02
    -0.1197113E+03     0.5338710E+02
    -0.1197195E+03     0.5338735E+02
    -0.1197220E+03     0.5338743E+02
    -0.1197249E+03     0.5339968E+02
    -0.1197492E+03     0.5341846E+02
    -0.1197550E+03     0.5342529E+02
    -0.1197720E+03     0.5345929E+02
    -0.1197850E+03     0.5347013E+02
    -0.1197868E+03     0.5347684E+02
    -0.1197794E+03     0.5348469E+02
    -0.1197851E+03     0.5349199E+02
    -0.1197972E+03     0.5349448E+02
    -0.1198039E+03     0.5349587E+02
    -0.1198256E+03     0.5350816E+02
    -0.1198313E+03     0.5351592E+02
    -0.1198400E+03     0.5351713E+02
    -0.1198525E+03     0.5350111E+02
    -0.1198605E+03     0.5349993E+02
    -0.1198694E+03     0.5350304E+02
    -0.1198754E+03     0.5350820E+02
    -0.1198864E+03     0.5350947E+02
    -0.1198963E+03     0.5351546E+02
    -0.1198984E+03     0.5351956E+02
    -0.1198938E+03     0.5353065E+02
    -0.1198666E+03     0.5353957E+02
    -0.1198640E+03     0.5354473E+02
    -0.1198625E+03     0.5354755E+02
    -0.1198624E+03     0.5355726E+02
    -0.1198672E+03     0.5356469E+02
    -0.1198797E+03     0.5357072E+02
    -0.1198976E+03     0.5358419E+02
    -0.1199068E+03     0.5359660E+02
    -0.1199243E+03     0.5360683E+02
    -0.1199231E+03     0.5361287E+02
    -0.1198982E+03     0.5361781E+02
    -0.1198806E+03     0.5361649E+02
    -0.1198590E+03     0.5360614E+02
    -0.1198568E+03     0.5360612E+02
    -0.1198373E+03     0.5360590E+02
    -0.1197928E+03     0.5360013E+02
    -0.1197748E+03     0.5358825E+02
    -0.1197469E+03     0.5358782E+02
    -0.1197444E+03     0.5359260E+02
    -0.1197155E+03     0.5361277E+02
    -0.1197144E+03     0.5361679E+02
    -0.1197234E+03     0.5362354E+02
    -0.1197294E+03     0.5363300E+02
    -0.1197336E+03     0.5363964E+02
    -0.1197315E+03     0.5365577E+02
    -0.1197379E+03     0.5366082E+02
    -0.1197552E+03     0.5366539E+02
    -0.1197694E+03     0.5367473E+02
    -0.1197801E+03     0.5368557E+02
    -0.1197854E+03     0.5369545E+02
    -0.1197964E+03     0.5370225E+02
    -0.1198142E+03     0.5370197E+02
    -0.1198215E+03     0.5369571E+02
    -0.1198345E+03     0.5369529E+02
    -0.1198409E+03     0.5370033E+02
    -0.1198454E+03     0.5370742E+02
    -0.1198482E+03     0.5371188E+02
    -0.1198570E+03     0.5371174E+02
    -0.1198675E+03     0.5370881E+02
    -0.1198861E+03     0.5370652E+02
    -0.1199024E+03     0.5370780E+02
    -0.1199115E+03     0.5371332E+02
    -0.1199083E+03     0.5371930E+02
    -0.1199006E+03     0.5372191E+02
    -0.1198953E+03     0.5372742E+02
    -0.1198975E+03     0.5373477E+02
    -0.1198877E+03     0.5374501E+02
    -0.1198806E+03     0.5375695E+02
    -0.1198815E+03     0.5377114E+02
    -0.1198866E+03     0.5377574E+02
    -0.1199040E+03     0.5377760E+02
    -0.1199177E+03     0.5377907E+02
    -0.1199648E+03     0.5378082E+02
    -0.1199763E+03     0.5379045E+02
    -0.1199809E+03     0.5380070E+02
    -0.1200000E+03     0.5380450E+02
    -0.1200000E+03     0.5380450E+02
    -0.1200000E+03     0.5383180E+02
    -0.1200000E+03     0.5391510E+02
    -0.1200000E+03     0.5399840E+02
    -0.1200000E+03     0.5408170E+02
    -0.1200000E+03     0.5416500E+02
    -0.1200000E+03     0.5424830E+02
    -0.1200000E+03     0.5433160E+02
    -0.1200000E+03     0.5441490E+02
    -0.1200000E+03     0.5449820E+02
    -0.1200000E+03     0.5458150E+02
    -0.1200000E+03     0.5466480E+02
    -0.1200000E+03     0.5474810E+02
    -0.1200000E+03     0.5483140E+02
    -0.1200000E+03     0.5491470E+02
    -0.1200000E+03     0.5499800E+02
    -0.1200000E+03     0.5500000E+02
    -0.1200000E+03     0.5508330E+02
    -0.1200000E+03     0.5516660E+02
    -0.1200000E+03     0.5524990E+02
    -0.1200000E+03     0.5533320E+02
    -0.1200000E+03     0.5541650E+02
    -0.1200000E+03     0.5549980E+02
    -0.1200000E+03     0.5558310E+02
    -0.1200000E+03     0.5566640E+02
    -0.1200000E+03     0.5574970E+02
    -0.1200000E+03     0.5583300E+02
    -0.1200000E+03     0.5591630E+02
    -0.1200000E+03     0.5600000E+02
    -0.1200000E+03     0.5608290E+02
    -0.1200000E+03     0.5610000E+02
    -0.1200000E+03     0.5616620E+02
    -0.1200000E+03     0.5620000E+02
    -0.1200000E+03     0.5624950E+02
    -0.1200000E+03     0.5630000E+02
    -0.1200000E+03     0.5633280E+02
    -0.1200000E+03     0.5640000E+02
    -0.1200000E+03     0.5641610E+02
    -0.1200000E+03     0.5649940E+02
    -0.1200000E+03     0.5650000E+02
    -0.1200000E+03     0.5658270E+02
    -0.1200000E+03     0.5660000E+02
    -0.1200000E+03     0.5666600E+02
    -0.1200000E+03     0.5670000E+02
    -0.1200000E+03     0.5674930E+02
    -0.1200000E+03     0.5680000E+02
    -0.1200000E+03     0.5683260E+02
    -0.1200000E+03     0.5690000E+02
    -0.1200000E+03     0.5691590E+02
    -0.1200000E+03     0.5699920E+02
    -0.1200000E+03     0.5700000E+02
    -0.1200000E+03     0.5708250E+02
    -0.1200000E+03     0.5710000E+02
    -0.1200000E+03     0.5716580E+02
    -0.1200000E+03     0.5720000E+02
    -0.1200000E+03     0.5724910E+02
    -0.1200000E+03     0.5730000E+02
    -0.1200000E+03     0.5733240E+02
    -0.1200000E+03     0.5740000E+02
    -0.1200000E+03     0.5741570E+02
    -0.1200000E+03     0.5749900E+02
    -0.1200000E+03     0.5750000E+02
    -0.1200000E+03     0.5758230E+02
    -0.1200000E+03     0.5760000E+02
    -0.1200000E+03     0.5766560E+02
    -0.1200000E+03     0.5770000E+02
    -0.1200000E+03     0.5774890E+02
    -0.1200000E+03     0.5780000E+02
    -0.1200000E+03     0.5783220E+02
    -0.1200000E+03     0.5790000E+02
    -0.1200000E+03     0.5791550E+02
    -0.1200000E+03     0.5799880E+02
    -0.1200000E+03     0.5800000E+02
    -0.1200000E+03     0.5808210E+02
    -0.1200000E+03     0.5810000E+02
    -0.1200000E+03     0.5816540E+02
    -0.1200000E+03     0.5820000E+02
    -0.1200000E+03     0.5824870E+02
    -0.1200000E+03     0.5830000E+02
    -0.1200000E+03     0.5833200E+02
    -0.1200000E+03     0.5840000E+02
    -0.1200000E+03     0.5841530E+02
    -0.1200000E+03     0.5849860E+02
    -0.1200000E+03     0.5850000E+02
    -0.1200000E+03     0.5858190E+02
    -0.1200000E+03     0.5860000E+02
    -0.1200000E+03     0.5866520E+02
    -0.1200000E+03     0.5870000E+02
    -0.1200000E+03     0.5874850E+02
    -0.1200000E+03     0.5880000E+02
    -0.1200000E+03     0.5883180E+02
    -0.1200000E+03     0.5890000E+02
    -0.1200000E+03     0.5891510E+02
    -0.1200000E+03     0.5899840E+02
    -0.1200000E+03     0.5900000E+02
    -0.1200000E+03     0.5908170E+02
    -0.1200000E+03     0.5910000E+02
    -0.1200000E+03     0.5916500E+02
    -0.1200000E+03     0.5920000E+02
    -0.1200000E+03     0.5924830E+02
    -0.1200000E+03     0.5930000E+02
    -0.1200000E+03     0.5933160E+02
    -0.1200000E+03     0.5940000E+02
    -0.1200000E+03     0.5941490E+02
    -0.1200000E+03     0.5949820E+02
    -0.1200000E+03     0.5950000E+02
    -0.1200000E+03     0.5958150E+02
    -0.1200000E+03     0.5960000E+02
    -0.1200000E+03     0.5966480E+02
    -0.1200000E+03     0.5970000E+02
    -0.1200000E+03     0.5974810E+02
    -0.1200000E+03     0.5980000E+02
    -0.1200000E+03     0.5983140E+02
    -0.1200000E+03     0.5990000E+02
    -0.1200000E+03     0.5991470E+02
    -0.1200000E+03     0.5999800E+02
    -0.1200000E+03     0.6000035E+02
    -0.1199885E+03     0.6000000E+02
    -0.1199167E+03     0.6000033E+02
    -0.1198334E+03     0.6000027E+02
    -0.1197501E+03     0.6000021E+02
    -0.1196668E+03     0.6000016E+02
    -0.1195835E+03     0.6000010E+02
    -0.1195588E+03     0.6000009E+02
    -0.1195002E+03     0.6000021E+02
    -0.1194169E+03     0.6000000E+02
    -0.1193336E+03     0.6000000E+02
    -0.1192503E+03     0.6000000E+02
    -0.1191670E+03     0.6000000E+02
    -0.1190837E+03     0.6000039E+02
    -0.1190004E+03     0.6000031E+02
    -0.1189171E+03     0.6000022E+02
    -0.1188338E+03     0.6000013E+02
    -0.1187992E+03     0.6000010E+02
    -0.1187505E+03     0.6000009E+02
    -0.1186672E+03     0.6000007E+02
    -0.1185839E+03     0.6000005E+02
    -0.1185006E+03     0.6000004E+02
    -0.1184173E+03     0.6000002E+02
    -0.1183340E+03     0.6000000E+02
    -0.1182507E+03     0.5999998E+02
    -0.1181674E+03     0.5999997E+02
    -0.1180836E+03     0.5999995E+02
    -0.1180008E+03     0.6000010E+02
    -0.1179175E+03     0.6000025E+02
    -0.1178342E+03     0.6000000E+02
    -0.1177509E+03     0.6000000E+02
    -0.1176676E+03     0.6000000E+02
    -0.1175843E+03     0.6000000E+02
    -0.1175010E+03     0.6000000E+02
    -0.1174177E+03     0.6000000E+02
    -0.1173344E+03     0.6000000E+02
    -0.1172511E+03     0.6000000E+02
    -0.1171678E+03     0.6000000E+02
    -0.1170845E+03     0.6000000E+02
    -0.1170012E+03     0.6000000E+02
    -0.1169179E+03     0.6000000E+02
    -0.1168346E+03     0.6000000E+02
    -0.1167513E+03     0.6000000E+02
    -0.1166680E+03     0.6000000E+02
    -0.1165847E+03     0.6000000E+02
    -0.1165014E+03     0.6000000E+02
    -0.1164181E+03     0.6000000E+02
    -0.1163348E+03     0.6000000E+02
    -0.1162515E+03     0.6000000E+02
    -0.1161682E+03     0.6000000E+02
    -0.1160849E+03     0.6000000E+02
    -0.1160016E+03     0.6000000E+02
    -0.1159183E+03     0.6000000E+02
    -0.1158350E+03     0.6000000E+02
    -0.1157517E+03     0.6000000E+02
    -0.1156684E+03     0.6000000E+02
    -0.1155851E+03     0.6000000E+02
    -0.1155018E+03     0.6000000E+02
    -0.1154185E+03     0.6000000E+02
    -0.1153352E+03     0.6000000E+02
    -0.1152519E+03     0.6000000E+02
    -0.1151686E+03     0.6000000E+02
    -0.1150853E+03     0.6000000E+02
    -0.1150088E+03     0.6000000E+02
    -0.1150020E+03     0.6000000E+02
    -0.1150000E+03     0.6000000E+02
    -0.1149167E+03     0.6000000E+02
    -0.1148334E+03     0.6000000E+02
    -0.1147501E+03     0.6000000E+02
    -0.1146668E+03     0.6000000E+02
    -0.1145835E+03     0.6000000E+02
    -0.1145002E+03     0.6000000E+02
    -0.1144169E+03     0.6000000E+02
    -0.1143336E+03     0.6000000E+02
    -0.1142503E+03     0.6000000E+02
    -0.1141670E+03     0.6000000E+02
    -0.1140837E+03     0.6000000E+02
    -0.1140004E+03     0.6000000E+02
    -0.1139171E+03     0.6000000E+02
    -0.1138338E+03     0.6000000E+02
    -0.1137505E+03     0.6000000E+02
    -0.1136672E+03     0.6000000E+02
    -0.1135839E+03     0.6000000E+02
    -0.1135006E+03     0.6000000E+02
    -0.1134173E+03     0.6000000E+02
    -0.1133340E+03     0.6000000E+02
    -0.1132507E+03     0.6000000E+02
    -0.1131674E+03     0.6000000E+02
    -0.1130841E+03     0.6000000E+02
    -0.1130008E+03     0.6000000E+02
    -0.1129175E+03     0.6000000E+02
    -0.1128342E+03     0.6000000E+02
    -0.1127509E+03     0.6000000E+02
    -0.1126676E+03     0.6000000E+02
    -0.1125843E+03     0.6000000E+02
    -0.1125010E+03     0.6000000E+02
    -0.1124177E+03     0.6000000E+02
    -0.1123344E+03     0.6000000E+02
    -0.1122511E+03     0.6000000E+02
    -0.1121678E+03     0.6000000E+02
    -0.1120845E+03     0.6000000E+02
    -0.1120012E+03     0.6000027E+02
    -0.1119179E+03     0.6000014E+02
    -0.1118346E+03     0.6000002E+02
    -0.1117513E+03     0.5999989E+02
    -0.1116680E+03     0.5999976E+02
    -0.1116094E+03     0.5999967E+02
    -0.1115014E+03     0.6000000E+02
    -0.1114181E+03     0.6000012E+02
    -0.1113348E+03     0.6000024E+02
    -0.1112515E+03     0.6000037E+02
    -0.1111682E+03     0.6000000E+02
    -0.1110849E+03     0.6000000E+02
    -0.1110016E+03     0.6000000E+02
    -0.1109183E+03     0.6000000E+02
    -0.1108350E+03     0.6000000E+02
    -0.1107517E+03     0.6000000E+02
    -0.1106684E+03     0.6000000E+02
    -0.1105851E+03     0.6000000E+02
    -0.1105018E+03     0.6000000E+02
    -0.1104185E+03     0.6000000E+02
    -0.1103352E+03     0.6000000E+02
    -0.1102519E+03     0.6000000E+02
    -0.1101686E+03     0.6000000E+02
    -0.1100853E+03     0.6000000E+02
    -0.1100020E+03     0.6000000E+02
    -0.1100000E+03     0.6000000E+02
    -0.1100000E+03     0.5999800E+02
    -0.1100000E+03     0.5991470E+02
    -0.1100000E+03     0.5983140E+02
    -0.1100000E+03     0.5974810E+02
    -0.1100000E+03     0.5966480E+02
    -0.1100000E+03     0.5958150E+02
    -0.1100000E+03     0.5949820E+02
    -0.1100000E+03     0.5941490E+02
    -0.1100000E+03     0.5933160E+02
    -0.1100000E+03     0.5924830E+02
    -0.1100000E+03     0.5916500E+02
    -0.1100000E+03     0.5908170E+02
    -0.1100000E+03     0.5899840E+02
    -0.1100000E+03     0.5891510E+02
    -0.1100000E+03     0.5883180E+02
    -0.1100000E+03     0.5874850E+02
    -0.1100000E+03     0.5866520E+02
    -0.1100000E+03     0.5858190E+02
    -0.1100000E+03     0.5849860E+02
    -0.1100000E+03     0.5841530E+02
    -0.1100000E+03     0.5833200E+02
    -0.1100000E+03     0.5824870E+02
    -0.1100000E+03     0.5816540E+02
    -0.1100000E+03     0.5808210E+02
    -0.1100000E+03     0.5799880E+02
    -0.1100000E+03     0.5791550E+02
    -0.1100000E+03     0.5783220E+02
    -0.1100000E+03     0.5774890E+02
    -0.1100000E+03     0.5766560E+02
    -0.1100000E+03     0.5758230E+02
    -0.1100000E+03     0.5749900E+02
    -0.1100000E+03     0.5741570E+02
    -0.1100000E+03     0.5733240E+02
    -0.1100000E+03     0.5724910E+02
    -0.1100000E+03     0.5716580E+02
    -0.1100000E+03     0.5708250E+02
    -0.1100000E+03     0.5699920E+02
    -0.1100000E+03     0.5691590E+02
    -0.1100000E+03     0.5683260E+02
    -0.1100000E+03     0.5674930E+02
    -0.1100000E+03     0.5666600E+02
    -0.1100000E+03     0.5658270E+02
    -0.1100000E+03     0.5649940E+02
    -0.1100000E+03     0.5641610E+02
    -0.1100000E+03     0.5633280E+02
    -0.1100000E+03     0.5624950E+02
    -0.1100000E+03     0.5616620E+02
    -0.1100000E+03     0.5608290E+02
    -0.1100000E+03     0.5599960E+02
    -0.1100000E+03     0.5595525E+02
    -0.1100000E+03     0.5591630E+02
    -0.1100000E+03     0.5583300E+02
    -0.1100004E+03     0.5581910E+02
    -0.1100000E+03     0.5574970E+02
    -0.1100000E+03     0.5569381E+02
    -0.1099998E+03     0.5566640E+02
    -0.1100000E+03     0.5558310E+02
    -0.1100000E+03     0.5549980E+02
    -0.1100000E+03     0.5541650E+02
    -0.1100000E+03     0.5533320E+02
    -0.1100000E+03     0.5524990E+02
    -0.1100000E+03     0.5516660E+02
    -0.1100000E+03     0.5508330E+02
    -0.1100000E+03     0.5500000E+02
    -0.1100000E+03     0.5499800E+02
    -0.1100000E+03     0.5491470E+02
    -0.1100000E+03     0.5483140E+02
    -0.1100000E+03     0.5474810E+02
    -0.1100000E+03     0.5466480E+02
    -0.1100000E+03     0.5458150E+02
    -0.1100000E+03     0.5449820E+02
    -0.1100000E+03     0.5441490E+02
    -0.1100000E+03     0.5433160E+02
    -0.1100000E+03     0.5424830E+02
    -0.1100000E+03     0.5416500E+02
    -0.1100000E+03     0.5408170E+02
    -0.1100000E+03     0.5399840E+02
    -0.1100000E+03     0.5391510E+02
    -0.1100000E+03     0.5383180E+02
    -0.1100000E+03     0.5374850E+02
    -0.1100000E+03     0.5366520E+02
    -0.1100000E+03     0.5358190E+02
    -0.1100000E+03     0.5349860E+02
    -0.1100000E+03     0.5341530E+02
    -0.1100000E+03     0.5333200E+02
    -0.1100000E+03     0.5324870E+02
    -0.1100000E+03     0.5316540E+02
    -0.1100000E+03     0.5308210E+02
    -0.1100000E+03     0.5299880E+02
    -0.1100000E+03     0.5291550E+02
    -0.1100000E+03     0.5283220E+02
    -0.1100000E+03     0.5274890E+02
    -0.1100000E+03     0.5266560E+02
    -0.1100000E+03     0.5258230E+02
    -0.1100000E+03     0.5249900E+02
    -0.1100000E+03     0.5241570E+02
    -0.1100000E+03     0.5233240E+02
    -0.1100000E+03     0.5224910E+02
    -0.1100000E+03     0.5216580E+02
    -0.1100000E+03     0.5208250E+02
    -0.1100000E+03     0.5199920E+02
    -0.1100000E+03     0.5191590E+02
    -0.1100000E+03     0.5183260E+02
    -0.1100000E+03     0.5174930E+02
    -0.1100000E+03     0.5166600E+02
    -0.1100000E+03     0.5158270E+02
    -0.1100000E+03     0.5149940E+02
    -0.1100000E+03     0.5141610E+02
    -0.1100000E+03     0.5133280E+02
    -0.1100000E+03     0.5124950E+02
    -0.1100000E+03     0.5116620E+02
    -0.1100000E+03     0.5108290E+02
    -0.1100000E+03     0.5099960E+02
    -0.1100000E+03     0.5091630E+02
    -0.1100000E+03     0.5083300E+02
    -0.1100000E+03     0.5074970E+02
    -0.1100000E+03     0.5066640E+02
    -0.1100000E+03     0.5058310E+02
    -0.1100000E+03     0.5049980E+02
    -0.1100000E+03     0.5041650E+02
    -0.1100000E+03     0.5033320E+02
    -0.1100000E+03     0.5024990E+02
    -0.1100000E+03     0.5016660E+02
    -0.1100000E+03     0.5008330E+02
    -0.1100000E+03     0.5000000E+02
    -0.1100000E+03     0.4999800E+02
    -0.1100000E+03     0.4991470E+02
    -0.1100000E+03     0.4983140E+02
    -0.1100000E+03     0.4974810E+02
    -0.1100000E+03     0.4966480E+02
    -0.1100000E+03     0.4958150E+02
    -0.1100000E+03     0.4949820E+02
    -0.1100000E+03     0.4941490E+02
    -0.1100000E+03     0.4933160E+02
    -0.1100000E+03     0.4924830E+02
    -0.1100000E+03     0.4916500E+02
    -0.1100000E+03     0.4908170E+02
    -0.1100000E+03     0.4899840E+02
    -0.1100000E+03     0.4899657E+02
END
END
