arizona
1
    -0.1123540E+03     0.3339102E+02
    -0.1090462E+03     0.3133180E+02
    -0.1093004E+03     0.3133402E+02
    -0.1097893E+03     0.3133203E+02
    -0.1099452E+03     0.3133218E+02
    -0.1100000E+03     0.3133208E+02
    -0.1101446E+03     0.3133180E+02
    -0.1104402E+03     0.3133157E+02
    -0.1106980E+03     0.3133194E+02
    -0.1108241E+03     0.3133014E+02
    -0.1109512E+03     0.3133121E+02
    -0.1110648E+03     0.3132881E+02
    -0.1112571E+03     0.3139053E+02
    -0.1116612E+03     0.3151660E+02
    -0.1119189E+03     0.3159775E+02
    -0.1122840E+03     0.3171416E+02
    -0.1125947E+03     0.3180990E+02
    -0.1126061E+03     0.3181405E+02
    -0.1128162E+03     0.3187884E+02
    -0.1131318E+03     0.3197641E+02
    -0.1132051E+03     0.3200000E+02
    -0.1139280E+03     0.3222136E+02
    -0.1139883E+03     0.3223792E+02
    -0.1141876E+03     0.3229972E+02
    -0.1142558E+03     0.3232144E+02
    -0.1142651E+03     0.3232361E+02
    -0.1142767E+03     0.3232793E+02
    -0.1143524E+03     0.3235124E+02
    -0.1143571E+03     0.3235392E+02
    -0.1143652E+03     0.3235535E+02
    -0.1143904E+03     0.3236288E+02
    -0.1143935E+03     0.3236528E+02
    -0.1144066E+03     0.3236826E+02
    -0.1147483E+03     0.3247657E+02
    -0.1147785E+03     0.3248438E+02
    -0.1148062E+03     0.3249187E+02
    -0.1148142E+03     0.3249593E+02
    -0.1148146E+03     0.3250163E+02
    -0.1148118E+03     0.3250547E+02
    -0.1148051E+03     0.3250719E+02
    -0.1148036E+03     0.3250969E+02
    -0.1148101E+03     0.3252263E+02
    -0.1148025E+03     0.3253602E+02
    -0.1148021E+03     0.3254403E+02
    -0.1147996E+03     0.3254720E+02
    -0.1147936E+03     0.3255122E+02
    -0.1147915E+03     0.3255920E+02
    -0.1147940E+03     0.3256612E+02
    -0.1148001E+03     0.3256118E+02
    -0.1148058E+03     0.3255830E+02
    -0.1148096E+03     0.3255951E+02
    -0.1148114E+03     0.3256229E+02
    -0.1148105E+03     0.3256526E+02
    -0.1148020E+03     0.3257404E+02
    -0.1147991E+03     0.3258385E+02
    -0.1147987E+03     0.3258934E+02
    -0.1148041E+03     0.3260158E+02
    -0.1148058E+03     0.3261055E+02
    -0.1148037E+03     0.3261808E+02
    -0.1147990E+03     0.3262189E+02
    -0.1147912E+03     0.3262130E+02
    -0.1147847E+03     0.3262210E+02
    -0.1147750E+03     0.3263316E+02
    -0.1147635E+03     0.3264029E+02
    -0.1147585E+03     0.3264570E+02
    -0.1147526E+03     0.3265545E+02
    -0.1147392E+03     0.3266575E+02
    -0.1147343E+03     0.3267644E+02
    -0.1147285E+03     0.3269329E+02
    -0.1147170E+03     0.3271676E+02
    -0.1147170E+03     0.3271676E+02
    -0.1147104E+03     0.3272872E+02
    -0.1147013E+03     0.3273520E+02
    -0.1146932E+03     0.3273481E+02
    -0.1146932E+03     0.3273481E+02
    -0.1146754E+03     0.3273229E+02
    -0.1146454E+03     0.3272741E+02
    -0.1145981E+03     0.3272201E+02
    -0.1145633E+03     0.3271898E+02
    -0.1145491E+03     0.3271969E+02
    -0.1145393E+03     0.3272657E+02
    -0.1145298E+03     0.3273545E+02
    -0.1145242E+03     0.3275420E+02
    -0.1145281E+03     0.3276607E+02
    -0.1145304E+03     0.3277760E+02
    -0.1145269E+03     0.3279498E+02
    -0.1145156E+03     0.3280553E+02
    -0.1144972E+03     0.3282446E+02
    -0.1144732E+03     0.3282832E+02
    -0.1144659E+03     0.3283211E+02
    -0.1144573E+03     0.3284274E+02
    -0.1144574E+03     0.3284876E+02
    -0.1144613E+03     0.3286006E+02
    -0.1144615E+03     0.3287210E+02
    -0.1144631E+03     0.3288276E+02
    -0.1144688E+03     0.3289153E+02
    -0.1144631E+03     0.3289823E+02
    -0.1144648E+03     0.3290631E+02
    -0.1144687E+03     0.3291044E+02
    -0.1144731E+03     0.3291803E+02
    -0.1144779E+03     0.3292506E+02
    -0.1144781E+03     0.3293538E+02
    -0.1144706E+03     0.3294433E+02
    -0.1144676E+03     0.3295169E+02
    -0.1144642E+03     0.3296019E+02
    -0.1144744E+03     0.3297483E+02
    -0.1144852E+03     0.3298491E+02
    -0.1144958E+03     0.3299068E+02
    -0.1145000E+03     0.3300513E+02
    -0.1145000E+03     0.3300513E+02
    -0.1145174E+03     0.3302831E+02
    -0.1145468E+03     0.3303263E+02
    -0.1145468E+03     0.3303263E+02
    -0.1145610E+03     0.3303534E+02
    -0.1145698E+03     0.3303646E+02
    -0.1145799E+03     0.3303103E+02
    -0.1145957E+03     0.3302605E+02
    -0.1146128E+03     0.3302598E+02
    -0.1146217E+03     0.3303140E+02
    -0.1146342E+03     0.3304209E+02
    -0.1146394E+03     0.3304854E+02
    -0.1146449E+03     0.3304755E+02
    -0.1146507E+03     0.3303912E+02
    -0.1146540E+03     0.3303205E+02
    -0.1146656E+03     0.3303927E+02
    -0.1146701E+03     0.3304571E+02
    -0.1146718E+03     0.3305550E+02
    -0.1146742E+03     0.3306359E+02
    -0.1146817E+03     0.3307098E+02
    -0.1146874E+03     0.3308117E+02
    -0.1146927E+03     0.3308591E+02
    -0.1147048E+03     0.3309027E+02
    -0.1147036E+03     0.3309454E+02
    -0.1147036E+03     0.3309454E+02
    -0.1146967E+03     0.3312129E+02
    -0.1146887E+03     0.3313310E+02
    -0.1146785E+03     0.3315029E+02
    -0.1146749E+03     0.3316280E+02
    -0.1146752E+03     0.3317313E+02
    -0.1146727E+03     0.3318310E+02
    -0.1146719E+03     0.3319569E+02
    -0.1146712E+03     0.3320484E+02
    -0.1146712E+03     0.3320484E+02
    -0.1146709E+03     0.3321888E+02
    -0.1146762E+03     0.3323193E+02
    -0.1146773E+03     0.3323942E+02
    -0.1146737E+03     0.3324333E+02
    -0.1146666E+03     0.3324972E+02
    -0.1146614E+03     0.3326161E+02
    -0.1146681E+03     0.3327155E+02
    -0.1146752E+03     0.3328265E+02
    -0.1146766E+03     0.3329874E+02
    -0.1146811E+03     0.3331378E+02
    -0.1146949E+03     0.3332679E+02
    -0.1146956E+03     0.3333369E+02
    -0.1146958E+03     0.3335406E+02
    -0.1147039E+03     0.3337350E+02
    -0.1147089E+03     0.3338597E+02
    -0.1147063E+03     0.3339994E+02
    -0.1146949E+03     0.3341166E+02
    -0.1146723E+03     0.3341101E+02
    -0.1146414E+03     0.3341471E+02
    -0.1146310E+03     0.3342703E+02
    -0.1146279E+03     0.3343640E+02
    -0.1146279E+03     0.3343640E+02
    -0.1146256E+03     0.3344264E+02
    -0.1146189E+03     0.3345564E+02
    -0.1146109E+03     0.3346687E+02
    -0.1145994E+03     0.3348030E+02
    -0.1145907E+03     0.3349209E+02
    -0.1145840E+03     0.3350394E+02
    -0.1145728E+03     0.3350991E+02
    -0.1145619E+03     0.3351705E+02
    -0.1145623E+03     0.3352480E+02
    -0.1145623E+03     0.3352480E+02
    -0.1145596E+03     0.3353017E+02
    -0.1145533E+03     0.3353514E+02
    -0.1145371E+03     0.3354413E+02
    -0.1145326E+03     0.3355489E+02
    -0.1145329E+03     0.3356408E+02
    -0.1145381E+03     0.3357054E+02
    -0.1145440E+03     0.3357674E+02
    -0.1145432E+03     0.3358589E+02
    -0.1145365E+03     0.3359974E+02
    -0.1145276E+03     0.3361525E+02
    -0.1145319E+03     0.3362656E+02
    -0.1145259E+03     0.3363815E+02
    -0.1145284E+03     0.3364510E+02
    -0.1145275E+03     0.3364852E+02
    -0.1145219E+03     0.3365351E+02
    -0.1145182E+03     0.3365914E+02
    -0.1145213E+03     0.3366582E+02
    -0.1145290E+03     0.3367179E+02
    -0.1145263E+03     0.3367687E+02
    -0.1145240E+03     0.3368454E+02
    -0.1145179E+03     0.3368867E+02
    -0.1145179E+03     0.3368867E+02
    -0.1145000E+03     0.3369817E+02
    -0.1144961E+03     0.3370981E+02
    -0.1145010E+03     0.3372401E+02
    -0.1145056E+03     0.3373677E+02
    -0.1145021E+03     0.3375387E+02
    -0.1145061E+03     0.3376517E+02
    -0.1145139E+03     0.3379179E+02
    -0.1145223E+03     0.3381097E+02
    -0.1145223E+03     0.3381097E+02
    -0.1145234E+03     0.3381875E+02
    -0.1145229E+03     0.3383078E+02
    -0.1145262E+03     0.3384895E+02
    -0.1145287E+03     0.3385476E+02
    -0.1145085E+03     0.3386161E+02
    -0.1145044E+03     0.3386752E+02
    -0.1145055E+03     0.3388218E+02
    -0.1145094E+03     0.3388860E+02
    -0.1145181E+03     0.3389402E+02
    -0.1145193E+03     0.3389750E+02
    -0.1145137E+03     0.3389963E+02
    -0.1145135E+03     0.3390536E+02
    -0.1145236E+03     0.3391800E+02
    -0.1145335E+03     0.3392661E+02
    -0.1145360E+03     0.3393356E+02
    -0.1145272E+03     0.3394650E+02
    -0.1145187E+03     0.3395255E+02
    -0.1145026E+03     0.3395839E+02
    -0.1144797E+03     0.3397921E+02
    -0.1144696E+03     0.3398808E+02
    -0.1144711E+03     0.3400275E+02
    -0.1144725E+03     0.3400854E+02
    -0.1144690E+03     0.3401015E+02
    -0.1144579E+03     0.3401268E+02
    -0.1144473E+03     0.3401925E+02
    -0.1144439E+03     0.3403291E+02
    -0.1144409E+03     0.3405519E+02
    -0.1144348E+03     0.3408369E+02
    -0.1144290E+03     0.3409040E+02
    -0.1144242E+03     0.3409800E+02
    -0.1144091E+03     0.3411073E+02
    -0.1143977E+03     0.3411124E+02
    -0.1143843E+03     0.3411054E+02
    -0.1143710E+03     0.3411415E+02
    -0.1143609E+03     0.3411728E+02
    -0.1143560E+03     0.3412573E+02
    -0.1143523E+03     0.3413164E+02
    -0.1143484E+03     0.3413353E+02
    -0.1143404E+03     0.3413443E+02
    -0.1143265E+03     0.3413686E+02
    -0.1143060E+03     0.3414769E+02
    -0.1142913E+03     0.3416156E+02
    -0.1142859E+03     0.3416455E+02
    -0.1142644E+03     0.3416846E+02
    -0.1142462E+03     0.3417332E+02
    -0.1142298E+03     0.3418428E+02
    -0.1142254E+03     0.3418987E+02
    -0.1142208E+03     0.3420034E+02
    -0.1142171E+03     0.3420596E+02
    -0.1141985E+03     0.3421970E+02
    -0.1141828E+03     0.3422895E+02
    -0.1141761E+03     0.3424020E+02
    -0.1141715E+03     0.3424866E+02
    -0.1141667E+03     0.3425653E+02
    -0.1141610E+03     0.3425864E+02
    -0.1141429E+03     0.3426207E+02
    -0.1141385E+03     0.3426852E+02
    -0.1141382E+03     0.3427425E+02
    -0.1141393E+03     0.3428806E+02
    -0.1141404E+03     0.3429985E+02
    -0.1141425E+03     0.3431370E+02
    -0.1141556E+03     0.3432904E+02
    -0.1141682E+03     0.3434782E+02
    -0.1141899E+03     0.3435770E+02
    -0.1142186E+03     0.3436609E+02
    -0.1142255E+03     0.3437378E+02
    -0.1142475E+03     0.3439055E+02
    -0.1142568E+03     0.3439888E+02
    -0.1142649E+03     0.3440315E+02
    -0.1142711E+03     0.3440335E+02
    -0.1142802E+03     0.3440306E+02
    -0.1142855E+03     0.3440839E+02
    -0.1142867E+03     0.3441188E+02
    -0.1142891E+03     0.3441941E+02
    -0.1142930E+03     0.3442470E+02
    -0.1143048E+03     0.3443081E+02
    -0.1143187E+03     0.3443928E+02
    -0.1143328E+03     0.3444890E+02
    -0.1143466E+03     0.3444990E+02
    -0.1143599E+03     0.3444716E+02
    -0.1143712E+03     0.3444952E+02
    -0.1143776E+03     0.3445402E+02
    -0.1143776E+03     0.3445402E+02
    -0.1143765E+03     0.3446202E+02
    -0.1143703E+03     0.3447617E+02
    -0.1143736E+03     0.3449693E+02
    -0.1143753E+03     0.3451936E+02
    -0.1143860E+03     0.3454322E+02
    -0.1143860E+03     0.3454322E+02
    -0.1143930E+03     0.3455749E+02
    -0.1143989E+03     0.3456627E+02
    -0.1144035E+03     0.3457158E+02
    -0.1144095E+03     0.3457693E+02
    -0.1144156E+03     0.3458055E+02
    -0.1144237E+03     0.3458539E+02
    -0.1144257E+03     0.3458775E+02
    -0.1144282E+03     0.3459299E+02
    -0.1144253E+03     0.3459577E+02
    -0.1144231E+03     0.3459800E+02
    -0.1144200E+03     0.3460479E+02
    -0.1144266E+03     0.3461417E+02
    -0.1144366E+03     0.3462251E+02
    -0.1144408E+03     0.3463755E+02
    -0.1144451E+03     0.3465031E+02
    -0.1144451E+03     0.3465031E+02
    -0.1144551E+03     0.3465985E+02
    -0.1144526E+03     0.3466301E+02
    -0.1144445E+03     0.3466629E+02
    -0.1144499E+03     0.3467030E+02
    -0.1144514E+03     0.3467607E+02
    -0.1144610E+03     0.3469117E+02
    -0.1144603E+03     0.3469368E+02
    -0.1144625E+03     0.3470589E+02
    -0.1144654E+03     0.3471122E+02
    -0.1144695E+03     0.3471474E+02
    -0.1144742E+03     0.3471598E+02
    -0.1144775E+03     0.3471398E+02
    -0.1144822E+03     0.3471568E+02
    -0.1144839E+03     0.3472282E+02
    -0.1144910E+03     0.3472755E+02
    -0.1144951E+03     0.3472970E+02
    -0.1144973E+03     0.3473226E+02
    -0.1145022E+03     0.3473328E+02
    -0.1145157E+03     0.3473973E+02
    -0.1145271E+03     0.3474866E+02
    -0.1145358E+03     0.3475640E+02
    -0.1145480E+03     0.3476559E+02
    -0.1145670E+03     0.3479394E+02
    -0.1145716E+03     0.3480893E+02
    -0.1145771E+03     0.3482120E+02
    -0.1145845E+03     0.3483487E+02
    -0.1145926E+03     0.3484260E+02
    -0.1146117E+03     0.3485855E+02
    -0.1146246E+03     0.3486452E+02
    -0.1146270E+03     0.3486709E+02
    -0.1146303E+03     0.3487286E+02
    -0.1146330E+03     0.3488166E+02
    -0.1146287E+03     0.3489524E+02
    -0.1146256E+03     0.3490286E+02
    -0.1146263E+03     0.3490837E+02
    -0.1146299E+03     0.3492014E+02
    -0.1146289E+03     0.3492746E+02
    -0.1146280E+03     0.3494075E+02
    -0.1146334E+03     0.3495669E+02
    -0.1146324E+03     0.3496378E+02
    -0.1146339E+03     0.3497276E+02
    -0.1146339E+03     0.3498285E+02
    -0.1146341E+03     0.3498423E+02
    -0.1146318E+03     0.3500000E+02
    -0.1146318E+03     0.3500000E+02
    -0.1146310E+03     0.3500568E+02
    -0.1146310E+03     0.3500568E+02
    -0.1146353E+03     0.3501878E+02
    -0.1146396E+03     0.3503089E+02
    -0.1146369E+03     0.3503880E+02
    -0.1146329E+03     0.3504568E+02
    -0.1146329E+03     0.3504568E+02
    -0.1146254E+03     0.3505146E+02
    -0.1146030E+03     0.3506380E+02
    -0.1146001E+03     0.3507470E+02
    -0.1146070E+03     0.3508488E+02
    -0.1146201E+03     0.3509025E+02
    -0.1146392E+03     0.3509978E+02
    -0.1146392E+03     0.3509978E+02
    -0.1146389E+03     0.3510676E+02
    -0.1146336E+03     0.3511659E+02
    -0.1146200E+03     0.3512120E+02
    -0.1146079E+03     0.3511985E+02
    -0.1145896E+03     0.3512233E+02
    -0.1145771E+03     0.3512996E+02
    -0.1145716E+03     0.3514577E+02
    -0.1145697E+03     0.3516069E+02
    -0.1145678E+03     0.3517761E+02
    -0.1145716E+03     0.3520169E+02
    -0.1145748E+03     0.3521276E+02
    -0.1145748E+03     0.3521276E+02
    -0.1145913E+03     0.3528314E+02
    -0.1145948E+03     0.3531519E+02
    -0.1145948E+03     0.3531519E+02
    -0.1145983E+03     0.3534724E+02
    -0.1146073E+03     0.3536448E+02
    -0.1146163E+03     0.3538071E+02
    -0.1146163E+03     0.3538071E+02
    -0.1146358E+03     0.3541122E+02
    -0.1146466E+03     0.3544348E+02
    -0.1146630E+03     0.3546091E+02
    -0.1146726E+03     0.3549413E+02
    -0.1146726E+03     0.3549413E+02
    -0.1146742E+03     0.3551415E+02
    -0.1146654E+03     0.3551989E+02
    -0.1146581E+03     0.3554865E+02
    -0.1146655E+03     0.3557482E+02
    -0.1146739E+03     0.3558004E+02
    -0.1146565E+03     0.3558655E+02
    -0.1146513E+03     0.3559439E+02
    -0.1146519E+03     0.3560838E+02
    -0.1146540E+03     0.3561543E+02
    -0.1146575E+03     0.3561953E+02
    -0.1146773E+03     0.3564504E+02
    -0.1146857E+03     0.3564927E+02
    -0.1146853E+03     0.3565825E+02
    -0.1146853E+03     0.3565825E+02
    -0.1146836E+03     0.3566818E+02
    -0.1146783E+03     0.3567802E+02
    -0.1146781E+03     0.3568301E+02
    -0.1146828E+03     0.3568813E+02
    -0.1146898E+03     0.3569632E+02
    -0.1146933E+03     0.3570140E+02
    -0.1146965E+03     0.3571247E+02
    -0.1146965E+03     0.3571247E+02
    -0.1146961E+03     0.3572145E+02
    -0.1146930E+03     0.3573734E+02
    -0.1146925E+03     0.3575031E+02
    -0.1146919E+03     0.3576327E+02
    -0.1146962E+03     0.3577737E+02
    -0.1146935E+03     0.3578528E+02
    -0.1147036E+03     0.3580553E+02
    -0.1146983E+03     0.3581537E+02
    -0.1146916E+03     0.3582917E+02
    -0.1146927E+03     0.3583319E+02
    -0.1147019E+03     0.3584642E+02
    -0.1146956E+03     0.3585124E+02
    -0.1146854E+03     0.3585994E+02
    -0.1146768E+03     0.3586170E+02
    -0.1146592E+03     0.3587020E+02
    -0.1146759E+03     0.3588165E+02
    -0.1146914E+03     0.3589406E+02
    -0.1147005E+03     0.3590929E+02
    -0.1147051E+03     0.3591840E+02
    -0.1147045E+03     0.3593137E+02
    -0.1147178E+03     0.3593772E+02
    -0.1147273E+03     0.3594497E+02
    -0.1147266E+03     0.3596093E+02
    -0.1147335E+03     0.3597409E+02
    -0.1147403E+03     0.3598826E+02
    -0.1147398E+03     0.3599923E+02
    -0.1147406E+03     0.3600924E+02
    -0.1147343E+03     0.3601405E+02
    -0.1147291E+03     0.3602090E+02
    -0.1147215E+03     0.3602569E+02
    -0.1147211E+03     0.3603566E+02
    -0.1147352E+03     0.3605202E+02
    -0.1147490E+03     0.3607536E+02
    -0.1147490E+03     0.3607536E+02
    -0.1147547E+03     0.3608450E+02
    -0.1147493E+03     0.3609733E+02
    -0.1147318E+03     0.3610385E+02
    -0.1146971E+03     0.3611088E+02
    -0.1146685E+03     0.3611708E+02
    -0.1146493E+03     0.3613353E+02
    -0.1146258E+03     0.3613786E+02
    -0.1146123E+03     0.3613548E+02
    -0.1145948E+03     0.3614297E+02
    -0.1145673E+03     0.3615217E+02
    -0.1145034E+03     0.3614834E+02
    -0.1145013E+03     0.3614029E+02
    -0.1145128E+03     0.3613163E+02
    -0.1145080E+03     0.3612950E+02
    -0.1144943E+03     0.3613309E+02
    -0.1144706E+03     0.3613839E+02
    -0.1144633E+03     0.3613817E+02
    -0.1144477E+03     0.3612873E+02
    -0.1144391E+03     0.3612847E+02
    -0.1144212E+03     0.3614292E+02
    -0.1144063E+03     0.3614647E+02
    -0.1143745E+03     0.3614052E+02
    -0.1143470E+03     0.3612470E+02
    -0.1143196E+03     0.3610489E+02
    -0.1143083E+03     0.3608258E+02
    -0.1143140E+03     0.3606578E+02
    -0.1142914E+03     0.3605010E+02
    -0.1142720E+03     0.3604351E+02
    -0.1142616E+03     0.3602921E+02
    -0.1142377E+03     0.3601548E+02
    -0.1142241E+03     0.3601605E+02
    -0.1142241E+03     0.3601605E+02
    -0.1141944E+03     0.3602110E+02
    -0.1141706E+03     0.3602933E+02
    -0.1141548E+03     0.3602682E+02
    -0.1141548E+03     0.3602682E+02
    -0.1141410E+03     0.3603138E+02
    -0.1141345E+03     0.3606512E+02
    -0.1141285E+03     0.3608590E+02
    -0.1141171E+03     0.3609352E+02
    -0.1141214E+03     0.3610664E+02
    -0.1141185E+03     0.3611554E+02
    -0.1141095E+03     0.3612323E+02
    -0.1140991E+03     0.3613388E+02
    -0.1140991E+03     0.3613388E+02
    -0.1140798E+03     0.3615123E+02
    -0.1140693E+03     0.3616287E+02
    -0.1140586E+03     0.3618149E+02
    -0.1140516E+03     0.3619659E+02
    -0.1140516E+03     0.3619659E+02
    -0.1140444E+03     0.3700180E+02
    -0.1130000E+03     0.3700145E+02
    -0.1118263E+03     0.3700003E+02
    -0.1103653E+03     0.3700807E+02
    -0.1100000E+03     0.3700662E+02
    -0.1090509E+03     0.3700286E+02
    -0.1090476E+03     0.3599929E+02
    -0.1090508E+03     0.3500000E+02
    -0.1090537E+03     0.3405706E+02
    -0.1090402E+03     0.3353082E+02
    -0.1090501E+03     0.3239364E+02
    -0.1090489E+03     0.3200000E+02
    -0.1090489E+03     0.3180606E+02
    -0.1090455E+03     0.3150857E+02
    -0.1090462E+03     0.3133180E+02
END
END
