arkansas
1
    -0.9271893E+02     0.3412865E+02
    -0.9115903E+02     0.3301186E+02
    -0.9130875E+02     0.3301368E+02
    -0.9133148E+02     0.3301394E+02
    -0.9148121E+02     0.3301495E+02
    -0.9155730E+02     0.3301540E+02
    -0.9162211E+02     0.3301696E+02
    -0.9168280E+02     0.3301593E+02
    -0.9173969E+02     0.3301669E+02
    -0.9176510E+02     0.3301385E+02
    -0.9176992E+02     0.3301523E+02
    -0.9181048E+02     0.3301633E+02
    -0.9184669E+02     0.3301466E+02
    -0.9190659E+02     0.3301466E+02
    -0.9191366E+02     0.3301652E+02
    -0.9195994E+02     0.3301738E+02
    -0.9197327E+02     0.3301763E+02
    -0.9210966E+02     0.3301880E+02
    -0.9225940E+02     0.3301991E+02
    -0.9240914E+02     0.3302082E+02
    -0.9255888E+02     0.3302153E+02
    -0.9270863E+02     0.3302206E+02
    -0.9285836E+02     0.3302315E+02
    -0.9306886E+02     0.3302675E+02
    -0.9316196E+02     0.3302473E+02
    -0.9321587E+02     0.3302571E+02
    -0.9322194E+02     0.3302707E+02
    -0.9323398E+02     0.3302547E+02
    -0.9323683E+02     0.3302509E+02
    -0.9326272E+02     0.3302648E+02
    -0.9338364E+02     0.3302705E+02
    -0.9345115E+02     0.3302732E+02
    -0.9353642E+02     0.3302763E+02
    -0.9368616E+02     0.3302803E+02
    -0.9374960E+02     0.3302814E+02
    -0.9383592E+02     0.3302753E+02
    -0.9395271E+02     0.3302661E+02
    -0.9398565E+02     0.3302748E+02
    -0.9402165E+02     0.3302748E+02
    -0.9404194E+02     0.3302821E+02
    -0.9404353E+02     0.3305952E+02
    -0.9404486E+02     0.3307717E+02
    -0.9404393E+02     0.3317689E+02
    -0.9404350E+02     0.3322327E+02
    -0.9403952E+02     0.3325813E+02
    -0.9404173E+02     0.3330275E+02
    -0.9404241E+02     0.3331629E+02
    -0.9404251E+02     0.3336253E+02
    -0.9404759E+02     0.3342867E+02
    -0.9405271E+02     0.3349528E+02
    -0.9404980E+02     0.3355456E+02
    -0.9406095E+02     0.3355516E+02
    -0.9406532E+02     0.3355395E+02
    -0.9407275E+02     0.3355544E+02
    -0.9407731E+02     0.3356363E+02
    -0.9407436E+02     0.3356666E+02
    -0.9406316E+02     0.3356889E+02
    -0.9405973E+02     0.3357467E+02
    -0.9405737E+02     0.3359260E+02
    -0.9406464E+02     0.3359891E+02
    -0.9407351E+02     0.3360336E+02
    -0.9407278E+02     0.3358273E+02
    -0.9408584E+02     0.3357772E+02
    -0.9409676E+02     0.3357553E+02
    -0.9410686E+02     0.3357350E+02
    -0.9412279E+02     0.3357486E+02
    -0.9412452E+02     0.3356658E+02
    -0.9412882E+02     0.3356284E+02
    -0.9413363E+02     0.3356942E+02
    -0.9413519E+02     0.3357811E+02
    -0.9414617E+02     0.3357840E+02
    -0.9414736E+02     0.3358624E+02
    -0.9416009E+02     0.3358781E+02
    -0.9416663E+02     0.3359780E+02
    -0.9417323E+02     0.3359861E+02
    -0.9418817E+02     0.3359287E+02
    -0.9420225E+02     0.3359013E+02
    -0.9420792E+02     0.3359301E+02
    -0.9421587E+02     0.3359311E+02
    -0.9421573E+02     0.3358692E+02
    -0.9421047E+02     0.3358494E+02
    -0.9420251E+02     0.3358545E+02
    -0.9419321E+02     0.3357352E+02
    -0.9419189E+02     0.3356737E+02
    -0.9419106E+02     0.3356347E+02
    -0.9420802E+02     0.3357351E+02
    -0.9421129E+02     0.3357300E+02
    -0.9422366E+02     0.3356248E+02
    -0.9423376E+02     0.3356116E+02
    -0.9424809E+02     0.3356437E+02
    -0.9425340E+02     0.3356818E+02
    -0.9425301E+02     0.3357507E+02
    -0.9424041E+02     0.3358697E+02
    -0.9424062E+02     0.3359568E+02
    -0.9425174E+02     0.3359068E+02
    -0.9426242E+02     0.3357858E+02
    -0.9426402E+02     0.3357558E+02
    -0.9426662E+02     0.3357071E+02
    -0.9427660E+02     0.3356390E+02
    -0.9428484E+02     0.3356513E+02
    -0.9428961E+02     0.3356941E+02
    -0.9428616E+02     0.3358529E+02
    -0.9428759E+02     0.3358779E+02
    -0.9429280E+02     0.3358770E+02
    -0.9429842E+02     0.3358233E+02
    -0.9431299E+02     0.3356144E+02
    -0.9431843E+02     0.3355952E+02
    -0.9432750E+02     0.3356073E+02
    -0.9433449E+02     0.3356612E+02
    -0.9434101E+02     0.3357495E+02
    -0.9434682E+02     0.3357714E+02
    -0.9435083E+02     0.3357294E+02
    -0.9435092E+02     0.3357208E+02
    -0.9435171E+02     0.3356421E+02
    -0.9435755E+02     0.3355655E+02
    -0.9437691E+02     0.3355299E+02
    -0.9438459E+02     0.3355286E+02
    -0.9440297E+02     0.3356400E+02
    -0.9440478E+02     0.3357062E+02
    -0.9440221E+02     0.3357381E+02
    -0.9438789E+02     0.3357482E+02
    -0.9438000E+02     0.3357748E+02
    -0.9437599E+02     0.3358122E+02
    -0.9437392E+02     0.3358584E+02
    -0.9437737E+02     0.3359243E+02
    -0.9438368E+02     0.3359255E+02
    -0.9439883E+02     0.3358471E+02
    -0.9440546E+02     0.3357834E+02
    -0.9441681E+02     0.3357980E+02
    -0.9442666E+02     0.3358972E+02
    -0.9442784E+02     0.3359291E+02
    -0.9443024E+02     0.3359538E+02
    -0.9443535E+02     0.3359690E+02
    -0.9444737E+02     0.3359531E+02
    -0.9444887E+02     0.3359607E+02
    -0.9445210E+02     0.3359774E+02
    -0.9446528E+02     0.3360874E+02
    -0.9447011E+02     0.3361507E+02
    -0.9446191E+02     0.3362623E+02
    -0.9446283E+02     0.3364043E+02
    -0.9445007E+02     0.3364571E+02
    -0.9445134E+02     0.3365234E+02
    -0.9445441E+02     0.3365412E+02
    -0.9445909E+02     0.3365472E+02
    -0.9447176E+02     0.3364623E+02
    -0.9448363E+02     0.3364650E+02
    -0.9449250E+02     0.3363163E+02
    -0.9450047E+02     0.3363075E+02
    -0.9449169E+02     0.3364887E+02
    -0.9448999E+02     0.3366080E+02
    -0.9448955E+02     0.3366725E+02
    -0.9448763E+02     0.3369548E+02
    -0.9448798E+02     0.3372942E+02
    -0.9448531E+02     0.3379326E+02
    -0.9448412E+02     0.3388250E+02
    -0.9448269E+02     0.3390091E+02
    -0.9448166E+02     0.3391420E+02
    -0.9448316E+02     0.3394973E+02
    -0.9448135E+02     0.3395389E+02
    -0.9447865E+02     0.3402667E+02
    -0.9447739E+02     0.3406339E+02
    -0.9447928E+02     0.3407207E+02
    -0.9447876E+02     0.3408752E+02
    -0.9447451E+02     0.3421360E+02
    -0.9447025E+02     0.3433967E+02
    -0.9446957E+02     0.3435949E+02
    -0.9446685E+02     0.3446577E+02
    -0.9446361E+02     0.3459188E+02
    -0.9446074E+02     0.3470313E+02
    -0.9445891E+02     0.3471792E+02
    -0.9445580E+02     0.3477771E+02
    -0.9445340E+02     0.3482396E+02
    -0.9445530E+02     0.3489483E+02
    -0.9445380E+02     0.3490371E+02
    -0.9444894E+02     0.3500000E+02
    -0.9444857E+02     0.3500746E+02
    -0.9444731E+02     0.3502370E+02
    -0.9444860E+02     0.3503707E+02
    -0.9444707E+02     0.3506599E+02
    -0.9444408E+02     0.3512221E+02
    -0.9444287E+02     0.3519208E+02
    -0.9444485E+02     0.3522619E+02
    -0.9443851E+02     0.3523539E+02
    -0.9443118E+02     0.3525760E+02
    -0.9443274E+02     0.3526353E+02
    -0.9444225E+02     0.3527369E+02
    -0.9444363E+02     0.3529386E+02
    -0.9444226E+02     0.3530536E+02
    -0.9443951E+02     0.3531283E+02
    -0.9443707E+02     0.3531946E+02
    -0.9443333E+02     0.3538912E+02
    -0.9444273E+02     0.3539599E+02
    -0.9444717E+02     0.3540509E+02
    -0.9444093E+02     0.3542310E+02
    -0.9444180E+02     0.3542978E+02
    -0.9446350E+02     0.3555467E+02
    -0.9446657E+02     0.3557226E+02
    -0.9448196E+02     0.3567273E+02
    -0.9448278E+02     0.3567982E+02
    -0.9448602E+02     0.3570799E+02
    -0.9448505E+02     0.3571375E+02
    -0.9448920E+02     0.3572102E+02
    -0.9450324E+02     0.3580130E+02
    -0.9450315E+02     0.3580423E+02
    -0.9450294E+02     0.3581095E+02
    -0.9451194E+02     0.3585048E+02
    -0.9452312E+02     0.3592784E+02
    -0.9452469E+02     0.3593579E+02
    -0.9453268E+02     0.3597631E+02
    -0.9455256E+02     0.3605986E+02
    -0.9455481E+02     0.3606930E+02
    -0.9455353E+02     0.3607526E+02
    -0.9456999E+02     0.3620069E+02
    -0.9457674E+02     0.3625200E+02
    -0.9458972E+02     0.3632579E+02
    -0.9460119E+02     0.3639082E+02
    -0.9460214E+02     0.3640411E+02
    -0.9460724E+02     0.3642306E+02
    -0.9461061E+02     0.3645066E+02
    -0.9461697E+02     0.3650272E+02
    -0.9452738E+02     0.3650256E+02
    -0.9446063E+02     0.3650445E+02
    -0.9443844E+02     0.3650507E+02
    -0.9430428E+02     0.3650563E+02
    -0.9418736E+02     0.3650600E+02
    -0.9414959E+02     0.3650772E+02
    -0.9414799E+02     0.3650748E+02
    -0.9414017E+02     0.3650626E+02
    -0.9410834E+02     0.3650697E+02
    -0.9399178E+02     0.3650530E+02
    -0.9391576E+02     0.3650415E+02
    -0.9388223E+02     0.3650505E+02
    -0.9387083E+02     0.3650382E+02
    -0.9383555E+02     0.3650340E+02
    -0.9378722E+02     0.3650280E+02
    -0.9367918E+02     0.3650243E+02
    -0.9352282E+02     0.3650171E+02
    -0.9339369E+02     0.3650097E+02
    -0.9336646E+02     0.3650132E+02
    -0.9321011E+02     0.3650317E+02
    -0.9315234E+02     0.3650381E+02
    -0.9305374E+02     0.3650362E+02
    -0.9304004E+02     0.3650359E+02
    -0.9299512E+02     0.3650431E+02
    -0.9296245E+02     0.3650701E+02
    -0.9289754E+02     0.3650701E+02
    -0.9274117E+02     0.3650687E+02
    -0.9259738E+02     0.3650656E+02
    -0.9258494E+02     0.3650815E+02
    -0.9256838E+02     0.3650662E+02
    -0.9248906E+02     0.3650584E+02
    -0.9242869E+02     0.3650599E+02
    -0.9231079E+02     0.3650619E+02
    -0.9227232E+02     0.3650558E+02
    -0.9211598E+02     0.3650298E+02
    -0.9210410E+02     0.3650278E+02
    -0.9195961E+02     0.3650355E+02
    -0.9180324E+02     0.3650419E+02
    -0.9164687E+02     0.3650463E+02
    -0.9153359E+02     0.3650482E+02
    -0.9143227E+02     0.3650521E+02
    -0.9127589E+02     0.3650566E+02
    -0.9113143E+02     0.3650650E+02
    -0.9111957E+02     0.3650560E+02
    -0.9111752E+02     0.3650545E+02
    -0.9096320E+02     0.3650468E+02
    -0.9091452E+02     0.3650440E+02
    -0.9080683E+02     0.3650496E+02
    -0.9076892E+02     0.3650513E+02
    -0.9072318E+02     0.3650362E+02
    -0.9065050E+02     0.3650384E+02
    -0.9062592E+02     0.3650390E+02
    -0.9062084E+02     0.3650222E+02
    -0.9054260E+02     0.3650430E+02
    -0.9049458E+02     0.3650411E+02
    -0.9033820E+02     0.3650335E+02
    -0.9029098E+02     0.3650308E+02
    -0.9028903E+02     0.3650065E+02
    -0.9028272E+02     0.3650317E+02
    -0.9021790E+02     0.3650298E+02
    -0.9021790E+02     0.3650298E+02
    -0.9021585E+02     0.3649352E+02
    -0.9020451E+02     0.3648298E+02
    -0.9019888E+02     0.3648126E+02
    -0.9019395E+02     0.3648438E+02
    -0.9018565E+02     0.3648627E+02
    -0.9017556E+02     0.3649984E+02
    -0.9017209E+02     0.3650184E+02
    -0.9014955E+02     0.3650414E+02
    -0.9014870E+02     0.3649495E+02
    -0.9015485E+02     0.3648439E+02
    -0.9015649E+02     0.3648156E+02
    -0.9015635E+02     0.3647720E+02
    -0.9015386E+02     0.3647463E+02
    -0.9014679E+02     0.3647357E+02
    -0.9014045E+02     0.3646702E+02
    -0.9013752E+02     0.3646053E+02
    -0.9013400E+02     0.3643660E+02
    -0.9014016E+02     0.3643030E+02
    -0.9014262E+02     0.3642439E+02
    -0.9014019E+02     0.3641998E+02
    -0.9013342E+02     0.3641823E+02
    -0.9012998E+02     0.3641013E+02
    -0.9012373E+02     0.3641000E+02
    -0.9009622E+02     0.3639957E+02
    -0.9008737E+02     0.3639822E+02
    -0.9008407E+02     0.3639772E+02
    -0.9007235E+02     0.3639082E+02
    -0.9006380E+02     0.3638284E+02
    -0.9006166E+02     0.3637867E+02
    -0.9006171E+02     0.3635939E+02
    -0.9007169E+02     0.3634904E+02
    -0.9007503E+02     0.3634200E+02
    -0.9007277E+02     0.3633255E+02
    -0.9007763E+02     0.3632255E+02
    -0.9007745E+02     0.3631911E+02
    -0.9007130E+02     0.3631599E+02
    -0.9006417E+02     0.3629933E+02
    -0.9006660E+02     0.3629433E+02
    -0.9007013E+02     0.3629151E+02
    -0.9007417E+02     0.3628829E+02
    -0.9007568E+02     0.3628511E+02
    -0.9007501E+02     0.3627936E+02
    -0.9007802E+02     0.3627391E+02
    -0.9008294E+02     0.3627081E+02
    -0.9011020E+02     0.3626058E+02
    -0.9012458E+02     0.3623563E+02
    -0.9012278E+02     0.3622963E+02
    -0.9012889E+02     0.3622448E+02
    -0.9014260E+02     0.3622108E+02
    -0.9014935E+02     0.3621342E+02
    -0.9015871E+02     0.3621315E+02
    -0.9016615E+02     0.3621100E+02
    -0.9016734E+02     0.3621026E+02
    -0.9018433E+02     0.3619967E+02
    -0.9019061E+02     0.3619818E+02
    -0.9020409E+02     0.3618353E+02
    -0.9021757E+02     0.3617783E+02
    -0.9022365E+02     0.3617336E+02
    -0.9022911E+02     0.3616085E+02
    -0.9022854E+02     0.3615143E+02
    -0.9023434E+02     0.3613709E+02
    -0.9026159E+02     0.3611915E+02
    -0.9026159E+02     0.3611915E+02
    -0.9031276E+02     0.3607986E+02
    -0.9031276E+02     0.3607986E+02
    -0.9032234E+02     0.3606856E+02
    -0.9033303E+02     0.3606073E+02
    -0.9033853E+02     0.3604614E+02
    -0.9035225E+02     0.3603056E+02
    -0.9036916E+02     0.3600611E+02
    -0.9036916E+02     0.3600611E+02
    -0.9030987E+02     0.3600624E+02
    -0.9015447E+02     0.3600645E+02
    -0.9010496E+02     0.3600647E+02
    -0.9004539E+02     0.3600421E+02
    -0.9004025E+02     0.3600618E+02
    -0.9000000E+02     0.3600604E+02
    -0.8990938E+02     0.3600710E+02
    -0.8986938E+02     0.3600725E+02
    -0.8971399E+02     0.3600771E+02
    -0.8971399E+02     0.3600771E+02
    -0.8972314E+02     0.3598985E+02
    -0.8972388E+02     0.3598436E+02
    -0.8971786E+02     0.3596954E+02
    -0.8971049E+02     0.3596181E+02
    -0.8966352E+02     0.3593048E+02
    -0.8964675E+02     0.3590854E+02
    -0.8964655E+02     0.3590788E+02
    -0.8964548E+02     0.3590438E+02
    -0.8964635E+02     0.3589521E+02
    -0.8965321E+02     0.3588412E+02
    -0.8965982E+02     0.3588060E+02
    -0.8966853E+02     0.3588194E+02
    -0.8968771E+02     0.3589062E+02
    -0.8970732E+02     0.3590345E+02
    -0.8971931E+02     0.3590807E+02
    -0.8973737E+02     0.3590823E+02
    -0.8974478E+02     0.3590587E+02
    -0.8975144E+02     0.3590073E+02
    -0.8975776E+02     0.3589263E+02
    -0.8976852E+02     0.3587884E+02
    -0.8976930E+02     0.3587174E+02
    -0.8976682E+02     0.3586136E+02
    -0.8975083E+02     0.3584954E+02
    -0.8973989E+02     0.3584770E+02
    -0.8971756E+02     0.3584928E+02
    -0.8970727E+02     0.3584492E+02
    -0.8970186E+02     0.3583792E+02
    -0.8970206E+02     0.3583150E+02
    -0.8971094E+02     0.3581884E+02
    -0.8971908E+02     0.3581348E+02
    -0.8972477E+02     0.3580973E+02
    -0.8973325E+02     0.3580900E+02
    -0.8973811E+02     0.3580704E+02
    -0.8977290E+02     0.3581560E+02
    -0.8977290E+02     0.3581560E+02
    -0.8977779E+02     0.3581776E+02
    -0.8978462E+02     0.3581584E+02
    -0.8979382E+02     0.3581052E+02
    -0.8980550E+02     0.3579439E+02
    -0.8980564E+02     0.3579050E+02
    -0.8980564E+02     0.3579050E+02
    -0.8980474E+02     0.3576784E+02
    -0.8980474E+02     0.3576784E+02
    -0.8980952E+02     0.3575922E+02
    -0.8985098E+02     0.3573989E+02
    -0.8987619E+02     0.3573490E+02
    -0.8990895E+02     0.3573190E+02
    -0.8991722E+02     0.3572862E+02
    -0.8992356E+02     0.3572370E+02
    -0.8993394E+02     0.3571109E+02
    -0.8993584E+02     0.3570880E+02
    -0.8993844E+02     0.3569691E+02
    -0.8993583E+02     0.3568057E+02
    -0.8992886E+02     0.3566873E+02
    -0.8991589E+02     0.3566043E+02
    -0.8990606E+02     0.3565977E+02
    -0.8990064E+02     0.3566157E+02
    -0.8990064E+02     0.3566157E+02
    -0.8989299E+02     0.3566410E+02
    -0.8987206E+02     0.3567675E+02
    -0.8986888E+02     0.3567408E+02
    -0.8986888E+02     0.3567408E+02
    -0.8985752E+02     0.3566452E+02
    -0.8985362E+02     0.3565411E+02
    -0.8985875E+02     0.3564297E+02
    -0.8986591E+02     0.3563876E+02
    -0.8986799E+02     0.3563513E+02
    -0.8988501E+02     0.3562125E+02
    -0.8990752E+02     0.3561138E+02
    -0.8993308E+02     0.3561149E+02
    -0.8993308E+02     0.3561149E+02
    -0.8994892E+02     0.3560923E+02
    -0.8995669E+02     0.3560342E+02
    -0.8996147E+02     0.3559364E+02
    -0.8996089E+02     0.3558468E+02
    -0.8995367E+02     0.3557215E+02
    -0.8994434E+02     0.3556439E+02
    -0.8992728E+02     0.3556036E+02
    -0.8992202E+02     0.3555912E+02
    -0.8991220E+02     0.3554272E+02
    -0.8991220E+02     0.3554272E+02
    -0.8990530E+02     0.3552665E+02
    -0.8990921E+02     0.3551801E+02
    -0.8991779E+02     0.3551291E+02
    -0.8997115E+02     0.3552269E+02
    -0.8998321E+02     0.3552316E+02
    -0.8999850E+02     0.3551910E+02
    -0.9000000E+02     0.3551785E+02
    -0.9000684E+02     0.3551215E+02
    -0.9001073E+02     0.3550373E+02
    -0.9000953E+02     0.3549899E+02
    -0.9000670E+02     0.3548782E+02
    -0.9000000E+02     0.3546982E+02
    -0.8999758E+02     0.3546332E+02
    -0.8999864E+02     0.3544613E+02
    -0.9000000E+02     0.3544412E+02
    -0.9000509E+02     0.3543661E+02
    -0.9001475E+02     0.3543244E+02
    -0.9003361E+02     0.3543188E+02
    -0.9003361E+02     0.3543188E+02
    -0.9004086E+02     0.3543203E+02
    -0.9004747E+02     0.3543605E+02
    -0.9004693E+02     0.3544545E+02
    -0.9005891E+02     0.3545853E+02
    -0.9006507E+02     0.3546875E+02
    -0.9007684E+02     0.3547952E+02
    -0.9008429E+02     0.3548425E+02
    -0.9009996E+02     0.3548592E+02
    -0.9010926E+02     0.3548472E+02
    -0.9011527E+02     0.3548047E+02
    -0.9012368E+02     0.3547076E+02
    -0.9012597E+02     0.3545887E+02
    -0.9012597E+02     0.3545887E+02
    -0.9012682E+02     0.3544233E+02
    -0.9012702E+02     0.3543825E+02
    -0.9014135E+02     0.3542845E+02
    -0.9015793E+02     0.3542764E+02
    -0.9017886E+02     0.3541246E+02
    -0.9018268E+02     0.3540680E+02
    -0.9018404E+02     0.3539879E+02
    -0.9018313E+02     0.3539189E+02
    -0.9017996E+02     0.3538517E+02
    -0.9017396E+02     0.3537954E+02
    -0.9016291E+02     0.3537381E+02
    -0.9013438E+02     0.3537140E+02
    -0.9013174E+02     0.3537339E+02
    -0.9013908E+02     0.3538394E+02
    -0.9014052E+02     0.3539135E+02
    -0.9013298E+02     0.3541771E+02
    -0.9012148E+02     0.3542211E+02
    -0.9010673E+02     0.3541376E+02
    -0.9010673E+02     0.3541376E+02
    -0.9010506E+02     0.3541027E+02
    -0.9010275E+02     0.3540543E+02
    -0.9009397E+02     0.3539838E+02
    -0.9008393E+02     0.3539635E+02
    -0.9007874E+02     0.3539167E+02
    -0.9010076E+02     0.3535559E+02
    -0.9010790E+02     0.3533048E+02
    -0.9010753E+02     0.3530048E+02
    -0.9010908E+02     0.3529239E+02
    -0.9010991E+02     0.3528807E+02
    -0.9010182E+02     0.3525625E+02
    -0.9008829E+02     0.3522960E+02
    -0.9008587E+02     0.3520569E+02
    -0.9007014E+02     0.3517165E+02
    -0.9007014E+02     0.3517165E+02
    -0.9006583E+02     0.3515889E+02
    -0.9006703E+02     0.3514140E+02
    -0.9007820E+02     0.3512620E+02
    -0.9009290E+02     0.3511828E+02
    -0.9010552E+02     0.3511746E+02
    -0.9011285E+02     0.3511969E+02
    -0.9012276E+02     0.3512614E+02
    -0.9013541E+02     0.3513250E+02
    -0.9014830E+02     0.3513158E+02
    -0.9016786E+02     0.3512116E+02
    -0.9017680E+02     0.3511099E+02
    -0.9018174E+02     0.3509318E+02
    -0.9018333E+02     0.3507531E+02
    -0.9018944E+02     0.3506601E+02
    -0.9021127E+02     0.3504869E+02
    -0.9022309E+02     0.3503931E+02
    -0.9023690E+02     0.3503428E+02
    -0.9024298E+02     0.3503614E+02
    -0.9024298E+02     0.3503614E+02
    -0.9025518E+02     0.3503987E+02
    -0.9027659E+02     0.3504323E+02
    -0.9029226E+02     0.3504189E+02
    -0.9030100E+02     0.3503837E+02
    -0.9030984E+02     0.3503072E+02
    -0.9031538E+02     0.3501016E+02
    -0.9031425E+02     0.3500000E+02
    -0.9031425E+02     0.3500000E+02
    -0.9031355E+02     0.3499407E+02
    -0.9030461E+02     0.3498313E+02
    -0.9027774E+02     0.3496454E+02
    -0.9026508E+02     0.3495813E+02
    -0.9025310E+02     0.3494667E+02
    -0.9024322E+02     0.3492975E+02
    -0.9024491E+02     0.3491808E+02
    -0.9025298E+02     0.3490766E+02
    -0.9025983E+02     0.3490255E+02
    -0.9030042E+02     0.3487223E+02
    -0.9031615E+02     0.3486653E+02
    -0.9033179E+02     0.3486496E+02
    -0.9035259E+02     0.3485728E+02
    -0.9036546E+02     0.3485474E+02
    -0.9039113E+02     0.3484287E+02
    -0.9039278E+02     0.3484211E+02
    -0.9040776E+02     0.3483294E+02
    -0.9044344E+02     0.3481952E+02
    -0.9046836E+02     0.3481280E+02
    -0.9047389E+02     0.3480233E+02
    -0.9047194E+02     0.3479037E+02
    -0.9045280E+02     0.3476276E+02
    -0.9045039E+02     0.3475928E+02
    -0.9045028E+02     0.3475194E+02
    -0.9045492E+02     0.3474398E+02
    -0.9046680E+02     0.3473499E+02
    -0.9049200E+02     0.3472736E+02
    -0.9050229E+02     0.3472752E+02
    -0.9051335E+02     0.3473021E+02
    -0.9053099E+02     0.3473736E+02
    -0.9054566E+02     0.3474057E+02
    -0.9055261E+02     0.3474067E+02
    -0.9056017E+02     0.3473849E+02
    -0.9056759E+02     0.3472965E+02
    -0.9056773E+02     0.3472895E+02
    -0.9057135E+02     0.3470998E+02
    -0.9057305E+02     0.3468293E+02
    -0.9057643E+02     0.3466784E+02
    -0.9058692E+02     0.3464482E+02
    -0.9058591E+02     0.3462691E+02
    -0.9058213E+02     0.3460918E+02
    -0.9058004E+02     0.3460560E+02
    -0.9056794E+02     0.3458488E+02
    -0.9056226E+02     0.3456530E+02
    -0.9056577E+02     0.3454401E+02
    -0.9057168E+02     0.3452735E+02
    -0.9059345E+02     0.3449464E+02
    -0.9059521E+02     0.3448984E+02
    -0.9059513E+02     0.3448805E+02
    -0.9059464E+02     0.3447768E+02
    -0.9058708E+02     0.3445531E+02
    -0.9057755E+02     0.3443429E+02
    -0.9057747E+02     0.3442511E+02
    -0.9058358E+02     0.3441144E+02
    -0.9059204E+02     0.3440422E+02
    -0.9061554E+02     0.3439333E+02
    -0.9063017E+02     0.3438864E+02
    -0.9066546E+02     0.3437592E+02
    -0.9068280E+02     0.3436698E+02
    -0.9070399E+02     0.3435970E+02
    -0.9071341E+02     0.3435892E+02
    -0.9072501E+02     0.3436022E+02
    -0.9074564E+02     0.3436670E+02
    -0.9075671E+02     0.3436707E+02
    -0.9076563E+02     0.3436398E+02
    -0.9076781E+02     0.3435897E+02
    -0.9076939E+02     0.3435531E+02
    -0.9076595E+02     0.3434747E+02
    -0.9075537E+02     0.3433585E+02
    -0.9074679E+02     0.3432175E+02
    -0.9074648E+02     0.3430958E+02
    -0.9075211E+02     0.3428993E+02
    -0.9076129E+02     0.3427216E+02
    -0.9076941E+02     0.3426722E+02
    -0.9077798E+02     0.3426733E+02
    -0.9079691E+02     0.3427198E+02
    -0.9081348E+02     0.3427605E+02
    -0.9082290E+02     0.3427503E+02
    -0.9082934E+02     0.3427075E+02
    -0.9083937E+02     0.3425138E+02
    -0.9084881E+02     0.3421846E+02
    -0.9085934E+02     0.3420093E+02
    -0.9087730E+02     0.3418533E+02
    -0.9087827E+02     0.3418476E+02
    -0.9094368E+02     0.3414667E+02
    -0.9095686E+02     0.3413490E+02
    -0.9096083E+02     0.3412806E+02
    -0.9095656E+02     0.3411953E+02
    -0.9093419E+02     0.3410012E+02
    -0.9091957E+02     0.3408743E+02
    -0.9090102E+02     0.3407574E+02
    -0.9089188E+02     0.3406232E+02
    -0.9088960E+02     0.3405014E+02
    -0.9089427E+02     0.3403552E+02
    -0.9091240E+02     0.3402312E+02
    -0.9093097E+02     0.3401715E+02
    -0.9094324E+02     0.3401664E+02
    -0.9098227E+02     0.3401500E+02
    -0.9100636E+02     0.3400862E+02
    -0.9102946E+02     0.3399351E+02
    -0.9104360E+02     0.3398793E+02
    -0.9107786E+02     0.3398188E+02
    -0.9108402E+02     0.3397885E+02
    -0.9109201E+02     0.3397492E+02
    -0.9109847E+02     0.3396673E+02
    -0.9109829E+02     0.3396053E+02
    -0.9109176E+02     0.3395496E+02
    -0.9108437E+02     0.3395236E+02
    -0.9104856E+02     0.3395243E+02
    -0.9103510E+02     0.3395068E+02
    -0.9102391E+02     0.3394368E+02
    -0.9102020E+02     0.3393492E+02
    -0.9101927E+02     0.3392367E+02
    -0.9102654E+02     0.3391043E+02
    -0.9102778E+02     0.3390817E+02
    -0.9106597E+02     0.3387625E+02
    -0.9107275E+02     0.3386508E+02
    -0.9107180E+02     0.3385475E+02
    -0.9104114E+02     0.3381038E+02
    -0.9104060E+02     0.3380595E+02
    -0.9104016E+02     0.3380235E+02
    -0.9104613E+02     0.3378934E+02
    -0.9105502E+02     0.3378301E+02
    -0.9109833E+02     0.3377269E+02
    -0.9111935E+02     0.3376282E+02
    -0.9113129E+02     0.3375469E+02
    -0.9113885E+02     0.3374445E+02
    -0.9114556E+02     0.3372923E+02
    -0.9114992E+02     0.3371933E+02
    -0.9115881E+02     0.3371162E+02
    -0.9117403E+02     0.3370398E+02
    -0.9118725E+02     0.3370089E+02
    -0.9121497E+02     0.3370116E+02
    -0.9122215E+02     0.3369779E+02
    -0.9122688E+02     0.3369371E+02
    -0.9123086E+02     0.3368274E+02
    -0.9122935E+02     0.3367240E+02
    -0.9122424E+02     0.3366455E+02
    -0.9121552E+02     0.3365989E+02
    -0.9121149E+02     0.3365948E+02
    -0.9119798E+02     0.3365812E+02
    -0.9118678E+02     0.3365456E+02
    -0.9117126E+02     0.3364570E+02
    -0.9116342E+02     0.3363760E+02
    -0.9115569E+02     0.3362215E+02
    -0.9115350E+02     0.3360264E+02
    -0.9115588E+02     0.3358891E+02
    -0.9116126E+02     0.3357681E+02
    -0.9116764E+02     0.3357137E+02
    -0.9117260E+02     0.3356935E+02
    -0.9117643E+02     0.3356913E+02
    -0.9120252E+02     0.3356762E+02
    -0.9122764E+02     0.3356881E+02
    -0.9123431E+02     0.3356696E+02
    -0.9123686E+02     0.3355988E+02
    -0.9122777E+02     0.3354305E+02
    -0.9121886E+02     0.3353265E+02
    -0.9121587E+02     0.3353059E+02
    -0.9120231E+02     0.3352126E+02
    -0.9116943E+02     0.3350213E+02
    -0.9113969E+02     0.3349358E+02
    -0.9112667E+02     0.3348542E+02
    -0.9112238E+02     0.3347872E+02
    -0.9111899E+02     0.3346745E+02
    -0.9111745E+02     0.3344879E+02
    -0.9111713E+02     0.3344496E+02
    -0.9111803E+02     0.3342067E+02
    -0.9112594E+02     0.3336526E+02
    -0.9113179E+02     0.3335775E+02
    -0.9116029E+02     0.3333477E+02
    -0.9116801E+02     0.3332854E+02
    -0.9117278E+02     0.3331942E+02
    -0.9117112E+02     0.3330129E+02
    -0.9116308E+02     0.3329066E+02
    -0.9114312E+02     0.3327235E+02
    -0.9113418E+02     0.3326767E+02
    -0.9112530E+02     0.3325818E+02
    -0.9110930E+02     0.3323067E+02
    -0.9108989E+02     0.3319728E+02
    -0.9108450E+02     0.3317476E+02
    -0.9108608E+02     0.3315987E+02
    -0.9109112E+02     0.3315121E+02
    -0.9110132E+02     0.3314375E+02
    -0.9112295E+02     0.3313756E+02
    -0.9113421E+02     0.3313195E+02
    -0.9114333E+02     0.3312356E+02
    -0.9115083E+02     0.3311263E+02
    -0.9115940E+02     0.3308475E+02
    -0.9116180E+02     0.3304924E+02
    -0.9115903E+02     0.3301186E+02
END
END
