colorado
1
    -0.1055494E+03     0.3890129E+02
    -0.1090000E+03     0.4100342E+02
    -0.1088528E+03     0.4100292E+02
    -0.1086866E+03     0.4100211E+02
    -0.1085205E+03     0.4100103E+02
    -0.1083544E+03     0.4099971E+02
    -0.1082143E+03     0.4100108E+02
    -0.1080749E+03     0.4100227E+02
    -0.1080483E+03     0.4100358E+02
    -0.1079800E+03     0.4100691E+02
    -0.1078823E+03     0.4100866E+02
    -0.1078761E+03     0.4100876E+02
    -0.1078503E+03     0.4101043E+02
    -0.1078280E+03     0.4100530E+02
    -0.1077173E+03     0.4100515E+02
    -0.1075511E+03     0.4100472E+02
    -0.1075006E+03     0.4100454E+02
    -0.1073850E+03     0.4100537E+02
    -0.1072189E+03     0.4100636E+02
    -0.1071021E+03     0.4100690E+02
    -0.1070527E+03     0.4100675E+02
    -0.1068866E+03     0.4100606E+02
    -0.1067204E+03     0.4100512E+02
    -0.1065543E+03     0.4100392E+02
    -0.1063977E+03     0.4100256E+02
    -0.1063882E+03     0.4100267E+02
    -0.1062221E+03     0.4100449E+02
    -0.1060559E+03     0.4100605E+02
    -0.1060481E+03     0.4100602E+02
    -0.1058820E+03     0.4100536E+02
    -0.1057159E+03     0.4100444E+02
    -0.1055497E+03     0.4100327E+02
    -0.1053836E+03     0.4100185E+02
    -0.1052287E+03     0.4100029E+02
    -0.1052175E+03     0.4100037E+02
    -0.1050514E+03     0.4100143E+02
    -0.1050000E+03     0.4100169E+02
    -0.1048852E+03     0.4100224E+02
    -0.1047335E+03     0.4100276E+02
    -0.1047191E+03     0.4100327E+02
    -0.1046903E+03     0.4100429E+02
    -0.1045530E+03     0.4100198E+02
    -0.1044998E+03     0.4100104E+02
    -0.1043869E+03     0.4100170E+02
    -0.1042208E+03     0.4100245E+02
    -0.1040547E+03     0.4100295E+02
    -0.1038885E+03     0.4100385E+02
    -0.1037224E+03     0.4100449E+02
    -0.1035563E+03     0.4100488E+02
    -0.1033901E+03     0.4100501E+02
    -0.1032240E+03     0.4100489E+02
    -0.1030975E+03     0.4100463E+02
    -0.1030578E+03     0.4100488E+02
    -0.1028917E+03     0.4100574E+02
    -0.1027255E+03     0.4100634E+02
    -0.1025594E+03     0.4100669E+02
    -0.1025259E+03     0.4100674E+02
    -0.1023598E+03     0.4100500E+02
    -0.1021937E+03     0.4100301E+02
    -0.1020583E+03     0.4100120E+02
    -0.1020581E+03     0.4097796E+02
    -0.1020574E+03     0.4085222E+02
    -0.1020567E+03     0.4072649E+02
    -0.1020560E+03     0.4060077E+02
    -0.1020553E+03     0.4047507E+02
    -0.1020546E+03     0.4034938E+02
    -0.1020539E+03     0.4022370E+02
    -0.1020526E+03     0.4000000E+02
    -0.1020542E+03     0.4000000E+02
    -0.1020533E+03     0.3966520E+02
    -0.1020456E+03     0.3867792E+02
    -0.1020472E+03     0.3754618E+02
    -0.1020439E+03     0.3699129E+02
    -0.1023509E+03     0.3699637E+02
    -0.1023772E+03     0.3699271E+02
    -0.1025219E+03     0.3699339E+02
    -0.1026984E+03     0.3699500E+02
    -0.1027559E+03     0.3700161E+02
    -0.1030046E+03     0.3700523E+02
    -0.1030047E+03     0.3700256E+02
    -0.1034206E+03     0.3700288E+02
    -0.1038967E+03     0.3700001E+02
    -0.1040764E+03     0.3699739E+02
    -0.1042820E+03     0.3699508E+02
    -0.1044615E+03     0.3699536E+02
    -0.1045632E+03     0.3699390E+02
    -0.1047687E+03     0.3699423E+02
    -0.1048422E+03     0.3699550E+02
    -0.1050000E+03     0.3699661E+02
    -0.1050304E+03     0.3699682E+02
    -0.1051731E+03     0.3699548E+02
    -0.1052358E+03     0.3699809E+02
    -0.1053655E+03     0.3699981E+02
    -0.1054651E+03     0.3699757E+02
    -0.1055364E+03     0.3699839E+02
    -0.1056186E+03     0.3700103E+02
    -0.1057051E+03     0.3700018E+02
    -0.1059300E+03     0.3699874E+02
    -0.1061095E+03     0.3700005E+02
    -0.1062523E+03     0.3699570E+02
    -0.1064448E+03     0.3699486E+02
    -0.1066870E+03     0.3699554E+02
    -0.1068016E+03     0.3699570E+02
    -0.1068232E+03     0.3699398E+02
    -0.1068686E+03     0.3699227E+02
    -0.1068816E+03     0.3700267E+02
    -0.1074958E+03     0.3700126E+02
    -0.1076666E+03     0.3700205E+02
    -0.1080711E+03     0.3700405E+02
    -0.1088086E+03     0.3700169E+02
    -0.1090509E+03     0.3700286E+02
    -0.1090565E+03     0.3828825E+02
    -0.1090550E+03     0.3931641E+02
    -0.1090545E+03     0.4000000E+02
    -0.1090541E+03     0.4000729E+02
    -0.1090550E+03     0.4013295E+02
    -0.1090558E+03     0.4024208E+02
    -0.1090587E+03     0.4025846E+02
    -0.1090601E+03     0.4026581E+02
    -0.1090564E+03     0.4027656E+02
    -0.1090557E+03     0.4034607E+02
    -0.1090558E+03     0.4038371E+02
    -0.1090559E+03     0.4050941E+02
    -0.1090560E+03     0.4063514E+02
    -0.1090561E+03     0.4076086E+02
    -0.1090561E+03     0.4088661E+02
    -0.1090562E+03     0.4101236E+02
    -0.1090050E+03     0.4101366E+02
    -0.1090000E+03     0.4100342E+02
END
END
