connecticut
1
    -0.7265654E+02     0.4162360E+02
    -0.7180550E+02     0.4142881E+02
    -0.7180575E+02     0.4142144E+02
    -0.7180808E+02     0.4141909E+02
    -0.7181295E+02     0.4141919E+02
    -0.7182409E+02     0.4142302E+02
    -0.7182858E+02     0.4142153E+02
    -0.7183414E+02     0.4141680E+02
    -0.7184583E+02     0.4141260E+02
    -0.7184805E+02     0.4140819E+02
    -0.7183969E+02     0.4138552E+02
    -0.7183760E+02     0.4137985E+02
    -0.7183910E+02     0.4137271E+02
    -0.7184636E+02     0.4136542E+02
    -0.7184570E+02     0.4136430E+02
    -0.7184570E+02     0.4136430E+02
    -0.7184966E+02     0.4136442E+02
    -0.7185337E+02     0.4135928E+02
    -0.7185234E+02     0.4135679E+02
    -0.7184606E+02     0.4135261E+02
    -0.7184398E+02     0.4134694E+02
    -0.7184563E+02     0.4134323E+02
    -0.7185120E+02     0.4133873E+02
    -0.7186371E+02     0.4133337E+02
    -0.7187008E+02     0.4132656E+02
    -0.7187363E+02     0.4133104E+02
    -0.7187952E+02     0.4133363E+02
    -0.7187483E+02     0.4133719E+02
    -0.7187570E+02     0.4133974E+02
    -0.7187988E+02     0.4134118E+02
    -0.7188654E+02     0.4134054E+02
    -0.7188846E+02     0.4134255E+02
    -0.7189077E+02     0.4135279E+02
    -0.7188885E+02     0.4135719E+02
    -0.7188200E+02     0.4136035E+02
    -0.7188158E+02     0.4136425E+02
    -0.7188941E+02     0.4136267E+02
    -0.7189692E+02     0.4135423E+02
    -0.7190241E+02     0.4134195E+02
    -0.7190620E+02     0.4133841E+02
    -0.7191544E+02     0.4133450E+02
    -0.7192072E+02     0.4134328E+02
    -0.7192639E+02     0.4134107E+02
    -0.7192816E+02     0.4133369E+02
    -0.7194238E+02     0.4133857E+02
    -0.7194521E+02     0.4134055E+02
    -0.7194637E+02     0.4135197E+02
    -0.7194877E+02     0.4135122E+02
    -0.7195350E+02     0.4134216E+02
    -0.7196049E+02     0.4133601E+02
    -0.7196355E+02     0.4134257E+02
    -0.7197183E+02     0.4135035E+02
    -0.7197581E+02     0.4135093E+02
    -0.7197636E+02     0.4135595E+02
    -0.7197063E+02     0.4138198E+02
    -0.7197163E+02     0.4138997E+02
    -0.7197431E+02     0.4138875E+02
    -0.7197878E+02     0.4138062E+02
    -0.7198228E+02     0.4135258E+02
    -0.7198714E+02     0.4134628E+02
    -0.7199200E+02     0.4133995E+02
    -0.7199998E+02     0.4133538E+02
    -0.7199982E+02     0.4133195E+02
    -0.7199626E+02     0.4132769E+02
    -0.7200471E+02     0.4132036E+02
    -0.7200832E+02     0.4130721E+02
    -0.7201251E+02     0.4130595E+02
    -0.7201628E+02     0.4130836E+02
    -0.7202375E+02     0.4133046E+02
    -0.7202631E+02     0.4133304E+02
    -0.7202823E+02     0.4131650E+02
    -0.7203410E+02     0.4131244E+02
    -0.7203963E+02     0.4131343E+02
    -0.7204743E+02     0.4131756E+02
    -0.7205516E+02     0.4131870E+02
    -0.7205437E+02     0.4132048E+02
    -0.7204306E+02     0.4132384E+02
    -0.7204177E+02     0.4132596E+02
    -0.7203611E+02     0.4133437E+02
    -0.7203756E+02     0.4133913E+02
    -0.7203629E+02     0.4135039E+02
    -0.7203168E+02     0.4135555E+02
    -0.7203680E+02     0.4136068E+02
    -0.7204159E+02     0.4135894E+02
    -0.7204350E+02     0.4136072E+02
    -0.7204151E+02     0.4136970E+02
    -0.7204494E+02     0.4137121E+02
    -0.7204606E+02     0.4136935E+02
    -0.7204811E+02     0.4136173E+02
    -0.7204696E+02     0.4135696E+02
    -0.7204160E+02     0.4135321E+02
    -0.7204200E+02     0.4133054E+02
    -0.7204866E+02     0.4132778E+02
    -0.7205302E+02     0.4132321E+02
    -0.7205754E+02     0.4132514E+02
    -0.7206012E+02     0.4133027E+02
    -0.7206352E+02     0.4132947E+02
    -0.7206139E+02     0.4132312E+02
    -0.7206301E+02     0.4131918E+02
    -0.7206789E+02     0.4131950E+02
    -0.7207229E+02     0.4131639E+02
    -0.7208140E+02     0.4132232E+02
    -0.7208140E+02     0.4132232E+02
    -0.7209302E+02     0.4132359E+02
    -0.7209302E+02     0.4132359E+02
    -0.7209256E+02     0.4132062E+02
    -0.7209857E+02     0.4131335E+02
    -0.7209987E+02     0.4130896E+02
    -0.7210966E+02     0.4130433E+02
    -0.7211340E+02     0.4130010E+02
    -0.7212624E+02     0.4130156E+02
    -0.7213622E+02     0.4130081E+02
    -0.7214067E+02     0.4129862E+02
    -0.7214434E+02     0.4129920E+02
    -0.7215218E+02     0.4130973E+02
    -0.7215243E+02     0.4131454E+02
    -0.7214821E+02     0.4132415E+02
    -0.7214742E+02     0.4133316E+02
    -0.7214394E+02     0.4133836E+02
    -0.7214552E+02     0.4133931E+02
    -0.7214925E+02     0.4133946E+02
    -0.7215093E+02     0.4133810E+02
    -0.7215321E+02     0.4132113E+02
    -0.7216172E+02     0.4130625E+02
    -0.7217310E+02     0.4130889E+02
    -0.7217535E+02     0.4131134E+02
    -0.7217503E+02     0.4131685E+02
    -0.7217824E+02     0.4131996E+02
    -0.7217555E+02     0.4133858E+02
    -0.7218296E+02     0.4135234E+02
    -0.7218774E+02     0.4135082E+02
    -0.7219213E+02     0.4136489E+02
    -0.7219653E+02     0.4136750E+02
    -0.7219843E+02     0.4136310E+02
    -0.7219625E+02     0.4135765E+02
    -0.7219003E+02     0.4134205E+02
    -0.7219477E+02     0.4133700E+02
    -0.7219345E+02     0.4133456E+02
    -0.7218946E+02     0.4133703E+02
    -0.7218755E+02     0.4133548E+02
    -0.7218655E+02     0.4132796E+02
    -0.7218362E+02     0.4132415E+02
    -0.7219447E+02     0.4132223E+02
    -0.7220444E+02     0.4131552E+02
    -0.7220739E+02     0.4130788E+02
    -0.7220535E+02     0.4129786E+02
    -0.7220672E+02     0.4128935E+02
    -0.7220959E+02     0.4128606E+02
    -0.7221382E+02     0.4128570E+02
    -0.7222498E+02     0.4129567E+02
    -0.7221994E+02     0.4129811E+02
    -0.7222120E+02     0.4130471E+02
    -0.7221932E+02     0.4131077E+02
    -0.7221912E+02     0.4131142E+02
    -0.7219953E+02     0.4132656E+02
    -0.7219949E+02     0.4133028E+02
    -0.7220264E+02     0.4133042E+02
    -0.7220409E+02     0.4133048E+02
    -0.7221010E+02     0.4132562E+02
    -0.7223189E+02     0.4130005E+02
    -0.7223796E+02     0.4130559E+02
    -0.7224163E+02     0.4130616E+02
    -0.7225188E+02     0.4129876E+02
    -0.7225729E+02     0.4128622E+02
    -0.7226253E+02     0.4128194E+02
    -0.7227686E+02     0.4128288E+02
    -0.7229306E+02     0.4127919E+02
    -0.7231221E+02     0.4127951E+02
    -0.7232447E+02     0.4127593E+02
    -0.7232447E+02     0.4127593E+02
    -0.7234370E+02     0.4127213E+02
    -0.7234370E+02     0.4127213E+02
    -0.7234542E+02     0.4127024E+02
    -0.7234761E+02     0.4127023E+02
    -0.7235544E+02     0.4127016E+02
    -0.7236913E+02     0.4126515E+02
    -0.7238869E+02     0.4126179E+02
    -0.7239339E+02     0.4126439E+02
    -0.7239862E+02     0.4127659E+02
    -0.7240145E+02     0.4127834E+02
    -0.7240771E+02     0.4127631E+02
    -0.7241663E+02     0.4127808E+02
    -0.7242299E+02     0.4127238E+02
    -0.7242725E+02     0.4127248E+02
    -0.7243510E+02     0.4127704E+02
    -0.7244047E+02     0.4127526E+02
    -0.7244827E+02     0.4127891E+02
    -0.7245522E+02     0.4127846E+02
    -0.7247111E+02     0.4126924E+02
    -0.7247262E+02     0.4127446E+02
    -0.7247673E+02     0.4127731E+02
    -0.7247752E+02     0.4127557E+02
    -0.7247916E+02     0.4127196E+02
    -0.7249570E+02     0.4126913E+02
    -0.7250248E+02     0.4126548E+02
    -0.7250934E+02     0.4125793E+02
    -0.7251353E+02     0.4125687E+02
    -0.7251888E+02     0.4126014E+02
    -0.7252112E+02     0.4126739E+02
    -0.7252427E+02     0.4126935E+02
    -0.7252856E+02     0.4127013E+02
    -0.7254356E+02     0.4126688E+02
    -0.7255013E+02     0.4127537E+02
    -0.7255212E+02     0.4127301E+02
    -0.7254898E+02     0.4126075E+02
    -0.7254579E+02     0.4125811E+02
    -0.7254060E+02     0.4126286E+02
    -0.7253730E+02     0.4125312E+02
    -0.7254083E+02     0.4125117E+02
    -0.7255109E+02     0.4124992E+02
    -0.7255330E+02     0.4125309E+02
    -0.7255638E+02     0.4125753E+02
    -0.7256667E+02     0.4126727E+02
    -0.7257470E+02     0.4126952E+02
    -0.7258256E+02     0.4127407E+02
    -0.7259698E+02     0.4127130E+02
    -0.7261953E+02     0.4127261E+02
    -0.7264864E+02     0.4126659E+02
    -0.7265778E+02     0.4126696E+02
    -0.7266246E+02     0.4126909E+02
    -0.7266080E+02     0.4127190E+02
    -0.7265558E+02     0.4127093E+02
    -0.7265493E+02     0.4127530E+02
    -0.7265652E+02     0.4127662E+02
    -0.7266703E+02     0.4127444E+02
    -0.7267254E+02     0.4127013E+02
    -0.7267888E+02     0.4126945E+02
    -0.7267747E+02     0.4126629E+02
    -0.7267939E+02     0.4126279E+02
    -0.7267887E+02     0.4125914E+02
    -0.7268371E+02     0.4125875E+02
    -0.7268547E+02     0.4125274E+02
    -0.7269703E+02     0.4124295E+02
    -0.7270064E+02     0.4124741E+02
    -0.7270760E+02     0.4124190E+02
    -0.7271324E+02     0.4124995E+02
    -0.7270287E+02     0.4125924E+02
    -0.7270659E+02     0.4126049E+02
    -0.7271609E+02     0.4125695E+02
    -0.7271777E+02     0.4125964E+02
    -0.7271702E+02     0.4126219E+02
    -0.7271893E+02     0.4126373E+02
    -0.7273130E+02     0.4125734E+02
    -0.7273658E+02     0.4125922E+02
    -0.7274299E+02     0.4126472E+02
    -0.7274718E+02     0.4125863E+02
    -0.7275007E+02     0.4126127E+02
    -0.7275220E+02     0.4126697E+02
    -0.7275261E+02     0.4126805E+02
    -0.7276423E+02     0.4126925E+02
    -0.7277463E+02     0.4126545E+02
    -0.7278856E+02     0.4126474E+02
    -0.7280518E+02     0.4125843E+02
    -0.7281232E+02     0.4125130E+02
    -0.7281856E+02     0.4125383E+02
    -0.7282122E+02     0.4125763E+02
    -0.7281986E+02     0.4126020E+02
    -0.7281201E+02     0.4126093E+02
    -0.7280889E+02     0.4126448E+02
    -0.7281725E+02     0.4127197E+02
    -0.7281745E+02     0.4126532E+02
    -0.7282439E+02     0.4126462E+02
    -0.7282964E+02     0.4126603E+02
    -0.7283168E+02     0.4126459E+02
    -0.7283404E+02     0.4125374E+02
    -0.7283838E+02     0.4125519E+02
    -0.7284447E+02     0.4126024E+02
    -0.7284596E+02     0.4125918E+02
    -0.7285058E+02     0.4125590E+02
    -0.7285362E+02     0.4125602E+02
    -0.7285741E+02     0.4125840E+02
    -0.7286604E+02     0.4125053E+02
    -0.7288445E+02     0.4124873E+02
    -0.7289697E+02     0.4124507E+02
    -0.7290153E+02     0.4124513E+02
    -0.7290655E+02     0.4124770E+02
    -0.7290774E+02     0.4125201E+02
    -0.7289586E+02     0.4126114E+02
    -0.7290716E+02     0.4127631E+02
    -0.7290815E+02     0.4129666E+02
    -0.7290119E+02     0.4130196E+02
    -0.7289760E+02     0.4130300E+02
    -0.7289760E+02     0.4130300E+02
    -0.7289871E+02     0.4130747E+02
    -0.7289871E+02     0.4130747E+02
    -0.7290769E+02     0.4131340E+02
    -0.7290903E+02     0.4130579E+02
    -0.7291189E+02     0.4130294E+02
    -0.7291952E+02     0.4130335E+02
    -0.7292470E+02     0.4129881E+02
    -0.7292934E+02     0.4128582E+02
    -0.7293890E+02     0.4129280E+02
    -0.7294862E+02     0.4129748E+02
    -0.7295385E+02     0.4130783E+02
    -0.7295657E+02     0.4130750E+02
    -0.7295933E+02     0.4130327E+02
    -0.7295626E+02     0.4129812E+02
    -0.7294474E+02     0.4128915E+02
    -0.7293806E+02     0.4127977E+02
    -0.7293743E+02     0.4127857E+02
    -0.7293391E+02     0.4127190E+02
    -0.7293609E+02     0.4126793E+02
    -0.7294014E+02     0.4126480E+02
    -0.7295628E+02     0.4126055E+02
    -0.7296696E+02     0.4125214E+02
    -0.7297767E+02     0.4123915E+02
    -0.7298643E+02     0.4123837E+02
    -0.7298869E+02     0.4123576E+02
    -0.7298889E+02     0.4122957E+02
    -0.7300233E+02     0.4122151E+02
    -0.7301240E+02     0.4120831E+02
    -0.7301733E+02     0.4120492E+02
    -0.7302098E+02     0.4120501E+02
    -0.7302913E+02     0.4120883E+02
    -0.7303673E+02     0.4120442E+02
    -0.7304191E+02     0.4120469E+02
    -0.7304759E+02     0.4120814E+02
    -0.7303681E+02     0.4121954E+02
    -0.7303761E+02     0.4122249E+02
    -0.7304181E+02     0.4122164E+02
    -0.7304861E+02     0.4121429E+02
    -0.7305300E+02     0.4121641E+02
    -0.7305936E+02     0.4120701E+02
    -0.7306514E+02     0.4120267E+02
    -0.7309460E+02     0.4118483E+02
    -0.7310416E+02     0.4117347E+02
    -0.7310869E+02     0.4117307E+02
    -0.7310978E+02     0.4117578E+02
    -0.7310599E+02     0.4118256E+02
    -0.7310865E+02     0.4118613E+02
    -0.7311408E+02     0.4118569E+02
    -0.7312048E+02     0.4118155E+02
    -0.7311912E+02     0.4117473E+02
    -0.7311623E+02     0.4117233E+02
    -0.7311774E+02     0.4116769E+02
    -0.7311123E+02     0.4116564E+02
    -0.7310976E+02     0.4115722E+02
    -0.7310587E+02     0.4115348E+02
    -0.7312422E+02     0.4115140E+02
    -0.7313850E+02     0.4114719E+02
    -0.7314243E+02     0.4115162E+02
    -0.7313990E+02     0.4115446E+02
    -0.7313601E+02     0.4115530E+02
    -0.7313532E+02     0.4115854E+02
    -0.7314568E+02     0.4115928E+02
    -0.7315043E+02     0.4115773E+02
    -0.7315959E+02     0.4116310E+02
    -0.7316028E+02     0.4117773E+02
    -0.7316553E+02     0.4117478E+02
    -0.7316702E+02     0.4116969E+02
    -0.7317400E+02     0.4116987E+02
    -0.7317489E+02     0.4117057E+02
    -0.7317817E+02     0.4117315E+02
    -0.7317659E+02     0.4118123E+02
    -0.7317767E+02     0.4118370E+02
    -0.7317966E+02     0.4118180E+02
    -0.7318317E+02     0.4117982E+02
    -0.7318863E+02     0.4118420E+02
    -0.7318713E+02     0.4117120E+02
    -0.7318370E+02     0.4116973E+02
    -0.7318288E+02     0.4116655E+02
    -0.7318513E+02     0.4116394E+02
    -0.7321098E+02     0.4115606E+02
    -0.7321938E+02     0.4115024E+02
    -0.7322237E+02     0.4114966E+02
    -0.7322518E+02     0.4115092E+02
    -0.7323280E+02     0.4114261E+02
    -0.7323782E+02     0.4114951E+02
    -0.7323569E+02     0.4115807E+02
    -0.7323675E+02     0.4116032E+02
    -0.7323988E+02     0.4115722E+02
    -0.7324207E+02     0.4114957E+02
    -0.7324079E+02     0.4114413E+02
    -0.7324686E+02     0.4113166E+02
    -0.7324876E+02     0.4112778E+02
    -0.7326509E+02     0.4111843E+02
    -0.7327853E+02     0.4111996E+02
    -0.7328243E+02     0.4112370E+02
    -0.7328182E+02     0.4112807E+02
    -0.7327700E+02     0.4113285E+02
    -0.7327524E+02     0.4113795E+02
    -0.7327635E+02     0.4114089E+02
    -0.7327885E+02     0.4114194E+02
    -0.7328545E+02     0.4113228E+02
    -0.7329309E+02     0.4112442E+02
    -0.7329721E+02     0.4112265E+02
    -0.7329788E+02     0.4111919E+02
    -0.7330656E+02     0.4111769E+02
    -0.7330919E+02     0.4111186E+02
    -0.7331826E+02     0.4111585E+02
    -0.7332281E+02     0.4111590E+02
    -0.7333002E+02     0.4111057E+02
    -0.7333953E+02     0.4111225E+02
    -0.7334119E+02     0.4111424E+02
    -0.7334051E+02     0.4111499E+02
    -0.7333753E+02     0.4111828E+02
    -0.7334601E+02     0.4111817E+02
    -0.7335090E+02     0.4110583E+02
    -0.7335559E+02     0.4110358E+02
    -0.7336147E+02     0.4110540E+02
    -0.7336336E+02     0.4111060E+02
    -0.7336950E+02     0.4111172E+02
    -0.7337115E+02     0.4111784E+02
    -0.7337436E+02     0.4111611E+02
    -0.7337646E+02     0.4111167E+02
    -0.7338203E+02     0.4110892E+02
    -0.7338242E+02     0.4110593E+02
    -0.7337206E+02     0.4110085E+02
    -0.7337125E+02     0.4109790E+02
    -0.7337266E+02     0.4109647E+02
    -0.7337807E+02     0.4109579E+02
    -0.7338792E+02     0.4109792E+02
    -0.7339088E+02     0.4109688E+02
    -0.7339252E+02     0.4109017E+02
    -0.7339782E+02     0.4108376E+02
    -0.7340868E+02     0.4109592E+02
    -0.7341150E+02     0.4109718E+02
    -0.7341155E+02     0.4109853E+02
    -0.7341212E+02     0.4111434E+02
    -0.7341447E+02     0.4111333E+02
    -0.7341788E+02     0.4109738E+02
    -0.7341174E+02     0.4108778E+02
    -0.7341443E+02     0.4108308E+02
    -0.7340824E+02     0.4108128E+02
    -0.7341129E+02     0.4107726E+02
    -0.7341104E+02     0.4107383E+02
    -0.7342231E+02     0.4107887E+02
    -0.7342458E+02     0.4107671E+02
    -0.7342547E+02     0.4106797E+02
    -0.7342780E+02     0.4106673E+02
    -0.7343329E+02     0.4106719E+02
    -0.7343794E+02     0.4106035E+02
    -0.7343622E+02     0.4105745E+02
    -0.7344246E+02     0.4105581E+02
    -0.7344660E+02     0.4105862E+02
    -0.7344389E+02     0.4106721E+02
    -0.7344807E+02     0.4107360E+02
    -0.7345055E+02     0.4107221E+02
    -0.7344927E+02     0.4107042E+02
    -0.7344802E+02     0.4106567E+02
    -0.7345206E+02     0.4105862E+02
    -0.7346122E+02     0.4105550E+02
    -0.7346420E+02     0.4105904E+02
    -0.7346815E+02     0.4105933E+02
    -0.7347192E+02     0.4105688E+02
    -0.7346808E+02     0.4105407E+02
    -0.7347570E+02     0.4105054E+02
    -0.7347332E+02     0.4104697E+02
    -0.7347854E+02     0.4103965E+02
    -0.7348327E+02     0.4104221E+02
    -0.7347663E+02     0.4105921E+02
    -0.7347736E+02     0.4106101E+02
    -0.7348035E+02     0.4106043E+02
    -0.7349303E+02     0.4104317E+02
    -0.7349791E+02     0.4104778E+02
    -0.7351151E+02     0.4103920E+02
    -0.7351888E+02     0.4104049E+02
    -0.7352242E+02     0.4103920E+02
    -0.7352384E+02     0.4103387E+02
    -0.7352027E+02     0.4102645E+02
    -0.7352810E+02     0.4101765E+02
    -0.7353072E+02     0.4102029E+02
    -0.7353164E+02     0.4102460E+02
    -0.7353033E+02     0.4104390E+02
    -0.7353227E+02     0.4104565E+02
    -0.7353580E+02     0.4104413E+02
    -0.7353823E+02     0.4103601E+02
    -0.7354259E+02     0.4103766E+02
    -0.7354668E+02     0.4104390E+02
    -0.7355016E+02     0.4104169E+02
    -0.7354438E+02     0.4102911E+02
    -0.7354678E+02     0.4102465E+02
    -0.7355396E+02     0.4102343E+02
    -0.7356094E+02     0.4101558E+02
    -0.7356652E+02     0.4101328E+02
    -0.7356976E+02     0.4102024E+02
    -0.7357317E+02     0.4102124E+02
    -0.7358662E+02     0.4101494E+02
    -0.7359064E+02     0.4101614E+02
    -0.7358936E+02     0.4102330E+02
    -0.7359567E+02     0.4103082E+02
    -0.7360538E+02     0.4101483E+02
    -0.7360989E+02     0.4101440E+02
    -0.7361175E+02     0.4102303E+02
    -0.7361316E+02     0.4102416E+02
    -0.7361642E+02     0.4101665E+02
    -0.7362547E+02     0.4101626E+02
    -0.7362756E+02     0.4101181E+02
    -0.7362388E+02     0.4100716E+02
    -0.7362639E+02     0.4100430E+02
    -0.7363300E+02     0.4100379E+02
    -0.7364396E+02     0.4100859E+02
    -0.7364619E+02     0.4100208E+02
    -0.7365272E+02     0.4099844E+02
    -0.7365272E+02     0.4099844E+02
    -0.7364809E+02     0.4100841E+02
    -0.7368188E+02     0.4105032E+02
    -0.7372570E+02     0.4110457E+02
    -0.7365551E+02     0.4113708E+02
    -0.7356157E+02     0.4118047E+02
    -0.7351593E+02     0.4119957E+02
    -0.7351234E+02     0.4120133E+02
    -0.7348281E+02     0.4121584E+02
    -0.7354453E+02     0.4129116E+02
    -0.7354844E+02     0.4129879E+02
    -0.7354823E+02     0.4130126E+02
    -0.7353777E+02     0.4142683E+02
    -0.7352821E+02     0.4154100E+02
    -0.7352688E+02     0.4155239E+02
    -0.7352317E+02     0.4158400E+02
    -0.7351677E+02     0.4167799E+02
    -0.7351539E+02     0.4169822E+02
    -0.7350570E+02     0.4180356E+02
    -0.7349427E+02     0.4192736E+02
    -0.7349434E+02     0.4192912E+02
    -0.7349522E+02     0.4195277E+02
    -0.7349292E+02     0.4196318E+02
    -0.7349079E+02     0.4204280E+02
    -0.7348827E+02     0.4205466E+02
    -0.7338195E+02     0.4205181E+02
    -0.7321849E+02     0.4204721E+02
    -0.7321320E+02     0.4204660E+02
    -0.7320360E+02     0.4204549E+02
    -0.7318491E+02     0.4204667E+02
    -0.7312530E+02     0.4204320E+02
    -0.7304467E+02     0.4204179E+02
    -0.7287582E+02     0.4203864E+02
    -0.7284103E+02     0.4203796E+02
    -0.7281628E+02     0.4203876E+02
    -0.7281753E+02     0.4199913E+02
    -0.7276732E+02     0.4200502E+02
    -0.7276569E+02     0.4200875E+02
    -0.7275468E+02     0.4203409E+02
    -0.7275056E+02     0.4203698E+02
    -0.7273219E+02     0.4203853E+02
    -0.7266748E+02     0.4203636E+02
    -0.7262359E+02     0.4203225E+02
    -0.7258906E+02     0.4202899E+02
    -0.7257647E+02     0.4203201E+02
    -0.7251978E+02     0.4203481E+02
    -0.7245574E+02     0.4203409E+02
    -0.7228687E+02     0.4203204E+02
    -0.7218965E+02     0.4203074E+02
    -0.7216203E+02     0.4203154E+02
    -0.7215611E+02     0.4203011E+02
    -0.7211834E+02     0.4202969E+02
    -0.7205307E+02     0.4202892E+02
    -0.7201517E+02     0.4202723E+02
    -0.7195926E+02     0.4202784E+02
    -0.7194959E+02     0.4202711E+02
    -0.7193858E+02     0.4202627E+02
    -0.7179791E+02     0.4202443E+02
    -0.7179592E+02     0.4201177E+02
    -0.7179660E+02     0.4193985E+02
    -0.7179523E+02     0.4193075E+02
    -0.7179482E+02     0.4192799E+02
    -0.7179623E+02     0.4189200E+02
    -0.7179406E+02     0.4180495E+02
    -0.7179224E+02     0.4173159E+02
    -0.7178902E+02     0.4170145E+02
    -0.7179065E+02     0.4169705E+02
    -0.7179034E+02     0.4167938E+02
    -0.7178934E+02     0.4162176E+02
    -0.7179227E+02     0.4157223E+02
    -0.7179131E+02     0.4155783E+02
    -0.7179157E+02     0.4155362E+02
    -0.7179858E+02     0.4144363E+02
    -0.7180550E+02     0.4142881E+02
END
2
    -0.7197840E+02     0.4133629E+02
    -0.7197855E+02     0.4132613E+02
    -0.7198331E+02     0.4133630E+02
    -0.7198209E+02     0.4134251E+02
    -0.7197944E+02     0.4134419E+02
    -0.7197456E+02     0.4134387E+02
    -0.7197311E+02     0.4133910E+02
    -0.7197499E+02     0.4132783E+02
    -0.7197855E+02     0.4132613E+02
END
END
