delaware
1
    -0.7557313E+02     0.3958168E+02
    -0.7556480E+02     0.3957325E+02
    -0.7557560E+02     0.3957740E+02
    -0.7557868E+02     0.3958205E+02
    -0.7557876E+02     0.3958778E+02
    -0.7557667E+02     0.3958819E+02
    -0.7556857E+02     0.3958296E+02
    -0.7556384E+02     0.3957506E+02
    -0.7556480E+02     0.3957325E+02
END
2
    -0.7557733E+02     0.3954110E+02
    -0.7557589E+02     0.3953204E+02
    -0.7559106E+02     0.3954500E+02
    -0.7556608E+02     0.3954786E+02
    -0.7556499E+02     0.3954554E+02
    -0.7556782E+02     0.3954125E+02
    -0.7556934E+02     0.3953235E+02
    -0.7557589E+02     0.3953204E+02
END
3
    -0.7549813E+02     0.3888125E+02
    -0.7555896E+02     0.3983626E+02
    -0.7553098E+02     0.3983764E+02
    -0.7551087E+02     0.3983895E+02
    -0.7551034E+02     0.3983896E+02
    -0.7550981E+02     0.3983898E+02
    -0.7550928E+02     0.3983900E+02
    -0.7550875E+02     0.3983901E+02
    -0.7550822E+02     0.3983903E+02
    -0.7550769E+02     0.3983904E+02
    -0.7550716E+02     0.3983905E+02
    -0.7550663E+02     0.3983906E+02
    -0.7550610E+02     0.3983907E+02
    -0.7550558E+02     0.3983908E+02
    -0.7550504E+02     0.3983909E+02
    -0.7550452E+02     0.3983909E+02
    -0.7550398E+02     0.3983910E+02
    -0.7550346E+02     0.3983910E+02
    -0.7550292E+02     0.3983910E+02
    -0.7550240E+02     0.3983911E+02
    -0.7550187E+02     0.3983911E+02
    -0.7550134E+02     0.3983910E+02
    -0.7550081E+02     0.3983910E+02
    -0.7550027E+02     0.3983910E+02
    -0.7549975E+02     0.3983910E+02
    -0.7549921E+02     0.3983909E+02
    -0.7549869E+02     0.3983908E+02
    -0.7549815E+02     0.3983908E+02
    -0.7549763E+02     0.3983907E+02
    -0.7549710E+02     0.3983906E+02
    -0.7549657E+02     0.3983905E+02
    -0.7549604E+02     0.3983904E+02
    -0.7549551E+02     0.3983902E+02
    -0.7549498E+02     0.3983901E+02
    -0.7549445E+02     0.3983899E+02
    -0.7549392E+02     0.3983897E+02
    -0.7549339E+02     0.3983895E+02
    -0.7549286E+02     0.3983894E+02
    -0.7549233E+02     0.3983892E+02
    -0.7549181E+02     0.3983890E+02
    -0.7549128E+02     0.3983887E+02
    -0.7549075E+02     0.3983885E+02
    -0.7549022E+02     0.3983883E+02
    -0.7548969E+02     0.3983880E+02
    -0.7548916E+02     0.3983877E+02
    -0.7548863E+02     0.3983875E+02
    -0.7548811E+02     0.3983871E+02
    -0.7548758E+02     0.3983868E+02
    -0.7548705E+02     0.3983865E+02
    -0.7548652E+02     0.3983862E+02
    -0.7548599E+02     0.3983858E+02
    -0.7548547E+02     0.3983855E+02
    -0.7548494E+02     0.3983852E+02
    -0.7548441E+02     0.3983848E+02
    -0.7548388E+02     0.3983844E+02
    -0.7548335E+02     0.3983840E+02
    -0.7548283E+02     0.3983836E+02
    -0.7548230E+02     0.3983832E+02
    -0.7548177E+02     0.3983828E+02
    -0.7548125E+02     0.3983823E+02
    -0.7548072E+02     0.3983818E+02
    -0.7548019E+02     0.3983814E+02
    -0.7547967E+02     0.3983809E+02
    -0.7547914E+02     0.3983804E+02
    -0.7547861E+02     0.3983799E+02
    -0.7547809E+02     0.3983794E+02
    -0.7547756E+02     0.3983789E+02
    -0.7547704E+02     0.3983784E+02
    -0.7547652E+02     0.3983778E+02
    -0.7547599E+02     0.3983773E+02
    -0.7547546E+02     0.3983767E+02
    -0.7547494E+02     0.3983762E+02
    -0.7547442E+02     0.3983755E+02
    -0.7547389E+02     0.3983750E+02
    -0.7547337E+02     0.3983744E+02
    -0.7547285E+02     0.3983737E+02
    -0.7547232E+02     0.3983731E+02
    -0.7547180E+02     0.3983725E+02
    -0.7547128E+02     0.3983718E+02
    -0.7547076E+02     0.3983711E+02
    -0.7547023E+02     0.3983705E+02
    -0.7546971E+02     0.3983698E+02
    -0.7546918E+02     0.3983691E+02
    -0.7546867E+02     0.3983684E+02
    -0.7546815E+02     0.3983677E+02
    -0.7546762E+02     0.3983669E+02
    -0.7546710E+02     0.3983662E+02
    -0.7546658E+02     0.3983654E+02
    -0.7546606E+02     0.3983646E+02
    -0.7546554E+02     0.3983639E+02
    -0.7546502E+02     0.3983631E+02
    -0.7546450E+02     0.3983623E+02
    -0.7546398E+02     0.3983615E+02
    -0.7546346E+02     0.3983606E+02
    -0.7546294E+02     0.3983598E+02
    -0.7546243E+02     0.3983590E+02
    -0.7546191E+02     0.3983581E+02
    -0.7546140E+02     0.3983572E+02
    -0.7546088E+02     0.3983564E+02
    -0.7546036E+02     0.3983555E+02
    -0.7545984E+02     0.3983546E+02
    -0.7545933E+02     0.3983537E+02
    -0.7545881E+02     0.3983527E+02
    -0.7545829E+02     0.3983518E+02
    -0.7545778E+02     0.3983509E+02
    -0.7545726E+02     0.3983499E+02
    -0.7545675E+02     0.3983489E+02
    -0.7545623E+02     0.3983480E+02
    -0.7545572E+02     0.3983470E+02
    -0.7545521E+02     0.3983459E+02
    -0.7545469E+02     0.3983450E+02
    -0.7545418E+02     0.3983439E+02
    -0.7545367E+02     0.3983429E+02
    -0.7545316E+02     0.3983419E+02
    -0.7545264E+02     0.3983408E+02
    -0.7545213E+02     0.3983397E+02
    -0.7545162E+02     0.3983387E+02
    -0.7545111E+02     0.3983376E+02
    -0.7545060E+02     0.3983365E+02
    -0.7545009E+02     0.3983353E+02
    -0.7544958E+02     0.3983342E+02
    -0.7544907E+02     0.3983331E+02
    -0.7544856E+02     0.3983319E+02
    -0.7544806E+02     0.3983308E+02
    -0.7544755E+02     0.3983297E+02
    -0.7544704E+02     0.3983285E+02
    -0.7544653E+02     0.3983273E+02
    -0.7544603E+02     0.3983261E+02
    -0.7544553E+02     0.3983249E+02
    -0.7544501E+02     0.3983237E+02
    -0.7544451E+02     0.3983224E+02
    -0.7544401E+02     0.3983212E+02
    -0.7544350E+02     0.3983199E+02
    -0.7544300E+02     0.3983187E+02
    -0.7544250E+02     0.3983174E+02
    -0.7544199E+02     0.3983161E+02
    -0.7544149E+02     0.3983148E+02
    -0.7544099E+02     0.3983135E+02
    -0.7544049E+02     0.3983122E+02
    -0.7543999E+02     0.3983109E+02
    -0.7543948E+02     0.3983095E+02
    -0.7543899E+02     0.3983082E+02
    -0.7543849E+02     0.3983068E+02
    -0.7543799E+02     0.3983054E+02
    -0.7543749E+02     0.3983041E+02
    -0.7543699E+02     0.3983027E+02
    -0.7543649E+02     0.3983013E+02
    -0.7543600E+02     0.3982999E+02
    -0.7543550E+02     0.3982984E+02
    -0.7543501E+02     0.3982970E+02
    -0.7543451E+02     0.3982956E+02
    -0.7543401E+02     0.3982941E+02
    -0.7543353E+02     0.3982926E+02
    -0.7543303E+02     0.3982912E+02
    -0.7543253E+02     0.3982897E+02
    -0.7543204E+02     0.3982882E+02
    -0.7543155E+02     0.3982867E+02
    -0.7543106E+02     0.3982851E+02
    -0.7543056E+02     0.3982836E+02
    -0.7543008E+02     0.3982821E+02
    -0.7542959E+02     0.3982805E+02
    -0.7542910E+02     0.3982790E+02
    -0.7542861E+02     0.3982774E+02
    -0.7542812E+02     0.3982758E+02
    -0.7542764E+02     0.3982742E+02
    -0.7542715E+02     0.3982726E+02
    -0.7542666E+02     0.3982710E+02
    -0.7542617E+02     0.3982693E+02
    -0.7542569E+02     0.3982677E+02
    -0.7542520E+02     0.3982661E+02
    -0.7542472E+02     0.3982644E+02
    -0.7542424E+02     0.3982627E+02
    -0.7542375E+02     0.3982611E+02
    -0.7542327E+02     0.3982594E+02
    -0.7542279E+02     0.3982577E+02
    -0.7542231E+02     0.3982560E+02
    -0.7542183E+02     0.3982543E+02
    -0.7542135E+02     0.3982525E+02
    -0.7542087E+02     0.3982508E+02
    -0.7542039E+02     0.3982491E+02
    -0.7541991E+02     0.3982473E+02
    -0.7541943E+02     0.3982455E+02
    -0.7541896E+02     0.3982438E+02
    -0.7541849E+02     0.3982420E+02
    -0.7541801E+02     0.3982402E+02
    -0.7541753E+02     0.3982383E+02
    -0.7541706E+02     0.3982365E+02
    -0.7541659E+02     0.3982347E+02
    -0.7541611E+02     0.3982328E+02
    -0.7541564E+02     0.3982310E+02
    -0.7541517E+02     0.3982291E+02
    -0.7541470E+02     0.3982273E+02
    -0.7541423E+02     0.3982254E+02
    -0.7541376E+02     0.3982235E+02
    -0.7541329E+02     0.3982216E+02
    -0.7541283E+02     0.3982197E+02
    -0.7541235E+02     0.3982177E+02
    -0.7541189E+02     0.3982158E+02
    -0.7541142E+02     0.3982139E+02
    -0.7541096E+02     0.3982119E+02
    -0.7541049E+02     0.3982100E+02
    -0.7540980E+02     0.3982070E+02
    -0.7540911E+02     0.3982040E+02
    -0.7540865E+02     0.3982020E+02
    -0.7540819E+02     0.3982000E+02
    -0.7540772E+02     0.3981980E+02
    -0.7540726E+02     0.3981960E+02
    -0.7540681E+02     0.3981939E+02
    -0.7540635E+02     0.3981919E+02
    -0.7540589E+02     0.3981898E+02
    -0.7540543E+02     0.3981877E+02
    -0.7540475E+02     0.3981846E+02
    -0.7540430E+02     0.3981825E+02
    -0.7540362E+02     0.3981794E+02
    -0.7540294E+02     0.3981762E+02
    -0.7540226E+02     0.3981730E+02
    -0.7540159E+02     0.3981697E+02
    -0.7540092E+02     0.3981665E+02
    -0.7540025E+02     0.3981632E+02
    -0.7539980E+02     0.3981610E+02
    -0.7539913E+02     0.3981577E+02
    -0.7539868E+02     0.3981555E+02
    -0.7539802E+02     0.3981522E+02
    -0.7539735E+02     0.3981488E+02
    -0.7539669E+02     0.3981454E+02
    -0.7539603E+02     0.3981420E+02
    -0.7539538E+02     0.3981386E+02
    -0.7539472E+02     0.3981351E+02
    -0.7539407E+02     0.3981316E+02
    -0.7539341E+02     0.3981282E+02
    -0.7539276E+02     0.3981247E+02
    -0.7539211E+02     0.3981211E+02
    -0.7539146E+02     0.3981176E+02
    -0.7539083E+02     0.3981140E+02
    -0.7538216E+02     0.3980642E+02
    -0.7538216E+02     0.3980642E+02
    -0.7539034E+02     0.3980288E+02
    -0.7542829E+02     0.3978683E+02
    -0.7544606E+02     0.3977591E+02
    -0.7546153E+02     0.3976331E+02
    -0.7546832E+02     0.3975229E+02
    -0.7548260E+02     0.3973347E+02
    -0.7548900E+02     0.3972403E+02
    -0.7550011E+02     0.3970328E+02
    -0.7551662E+02     0.3968108E+02
    -0.7552623E+02     0.3967142E+02
    -0.7552623E+02     0.3967142E+02
    -0.7553961E+02     0.3967184E+02
    -0.7553961E+02     0.3967184E+02
    -0.7555872E+02     0.3965351E+02
    -0.7556966E+02     0.3964666E+02
    -0.7558282E+02     0.3964399E+02
    -0.7558676E+02     0.3964156E+02
    -0.7559711E+02     0.3962691E+02
    -0.7561331E+02     0.3961400E+02
    -0.7561463E+02     0.3961060E+02
    -0.7561338E+02     0.3960461E+02
    -0.7562396E+02     0.3959913E+02
    -0.7562811E+02     0.3959900E+02
    -0.7562909E+02     0.3959673E+02
    -0.7562650E+02     0.3959461E+02
    -0.7561993E+02     0.3959583E+02
    -0.7561000E+02     0.3959217E+02
    -0.7560958E+02     0.3959156E+02
    -0.7559933E+02     0.3957680E+02
    -0.7559348E+02     0.3957483E+02
    -0.7558547E+02     0.3956732E+02
    -0.7557127E+02     0.3955920E+02
    -0.7556644E+02     0.3955405E+02
    -0.7557039E+02     0.3955139E+02
    -0.7559117E+02     0.3955004E+02
    -0.7560730E+02     0.3954755E+02
    -0.7560730E+02     0.3954755E+02
    -0.7560760E+02     0.3954480E+02
    -0.7560760E+02     0.3954480E+02
    -0.7559971E+02     0.3954360E+02
    -0.7559525E+02     0.3952861E+02
    -0.7557987E+02     0.3953185E+02
    -0.7556955E+02     0.3952709E+02
    -0.7556884E+02     0.3952249E+02
    -0.7557110E+02     0.3951773E+02
    -0.7557383E+02     0.3951596E+02
    -0.7559444E+02     0.3951896E+02
    -0.7559483E+02     0.3951622E+02
    -0.7559112E+02     0.3951293E+02
    -0.7558703E+02     0.3951146E+02
    -0.7557665E+02     0.3951191E+02
    -0.7557442E+02     0.3950842E+02
    -0.7558109E+02     0.3949666E+02
    -0.7558536E+02     0.3949332E+02
    -0.7559253E+02     0.3947608E+02
    -0.7559404E+02     0.3946741E+02
    -0.7559186E+02     0.3945499E+02
    -0.7558650E+02     0.3944799E+02
    -0.7557558E+02     0.3943972E+02
    -0.7557085E+02     0.3943205E+02
    -0.7555385E+02     0.3942065E+02
    -0.7553510E+02     0.3940120E+02
    -0.7552767E+02     0.3938704E+02
    -0.7553628E+02     0.3938610E+02
    -0.7553693E+02     0.3938451E+02
    -0.7553495E+02     0.3938218E+02
    -0.7552467E+02     0.3938055E+02
    -0.7551814E+02     0.3937376E+02
    -0.7550898E+02     0.3935888E+02
    -0.7550491E+02     0.3935559E+02
    -0.7549638E+02     0.3934872E+02
    -0.7549389E+02     0.3934454E+02
    -0.7549431E+02     0.3934134E+02
    -0.7550099E+02     0.3933669E+02
    -0.7550054E+02     0.3933301E+02
    -0.7549320E+02     0.3932458E+02
    -0.7548941E+02     0.3932335E+02
    -0.7548631E+02     0.3932694E+02
    -0.7548891E+02     0.3933594E+02
    -0.7548824E+02     0.3933798E+02
    -0.7548443E+02     0.3933720E+02
    -0.7545717E+02     0.3931730E+02
    -0.7544215E+02     0.3930914E+02
    -0.7543847E+02     0.3930515E+02
    -0.7543501E+02     0.3928834E+02
    -0.7543456E+02     0.3928784E+02
    -0.7540818E+02     0.3925858E+02
    -0.7540243E+02     0.3924767E+02
    -0.7540237E+02     0.3924170E+02
    -0.7540656E+02     0.3924043E+02
    -0.7540812E+02     0.3923841E+02
    -0.7540359E+02     0.3923372E+02
    -0.7540125E+02     0.3921853E+02
    -0.7539327E+02     0.3919748E+02
    -0.7539413E+02     0.3919085E+02
    -0.7540952E+02     0.3914563E+02
    -0.7540912E+02     0.3913393E+02
    -0.7540597E+02     0.3912051E+02
    -0.7540134E+02     0.3910073E+02
    -0.7540153E+02     0.3906704E+02
    -0.7539334E+02     0.3905125E+02
    -0.7538336E+02     0.3904344E+02
    -0.7536640E+02     0.3903361E+02
    -0.7535133E+02     0.3902108E+02
    -0.7534311E+02     0.3901281E+02
    -0.7533919E+02     0.3900886E+02
    -0.7532059E+02     0.3898248E+02
    -0.7531438E+02     0.3896902E+02
    -0.7531296E+02     0.3896096E+02
    -0.7531670E+02     0.3894180E+02
    -0.7531649E+02     0.3893263E+02
    -0.7531255E+02     0.3892152E+02
    -0.7530147E+02     0.3890542E+02
    -0.7529337E+02     0.3889756E+02
    -0.7527185E+02     0.3887668E+02
    -0.7525473E+02     0.3886500E+02
    -0.7524620E+02     0.3885148E+02
    -0.7522923E+02     0.3883682E+02
    -0.7521381E+02     0.3882678E+02
    -0.7520173E+02     0.3881431E+02
    -0.7520040E+02     0.3881107E+02
    -0.7520968E+02     0.3881361E+02
    -0.7521253E+02     0.3881710E+02
    -0.7521637E+02     0.3882181E+02
    -0.7522606E+02     0.3882848E+02
    -0.7523548E+02     0.3883447E+02
    -0.7524249E+02     0.3883533E+02
    -0.7524316E+02     0.3883352E+02
    -0.7523058E+02     0.3881874E+02
    -0.7522906E+02     0.3880609E+02
    -0.7522455E+02     0.3880207E+02
    -0.7521931E+02     0.3880125E+02
    -0.7520867E+02     0.3880303E+02
    -0.7519850E+02     0.3880070E+02
    -0.7519655E+02     0.3880523E+02
    -0.7518728E+02     0.3880246E+02
    -0.7517286E+02     0.3879015E+02
    -0.7516560E+02     0.3878835E+02
    -0.7516409E+02     0.3878757E+02
    -0.7515672E+02     0.3878376E+02
    -0.7514621E+02     0.3878256E+02
    -0.7512682E+02     0.3877676E+02
    -0.7510448E+02     0.3877798E+02
    -0.7509938E+02     0.3878059E+02
    -0.7509511E+02     0.3879103E+02
    -0.7509157E+02     0.3879139E+02
    -0.7508990E+02     0.3878928E+02
    -0.7509068E+02     0.3878517E+02
    -0.7508619E+02     0.3878046E+02
    -0.7508324E+02     0.3876777E+02
    -0.7508354E+02     0.3875448E+02
    -0.7507980E+02     0.3873970E+02
    -0.7507909E+02     0.3873497E+02
    -0.7507076E+02     0.3867982E+02
    -0.7506950E+02     0.3864906E+02
    -0.7506162E+02     0.3860983E+02
    -0.7506089E+02     0.3860616E+02
    -0.7506483E+02     0.3860306E+02
    -0.7508883E+02     0.3860281E+02
    -0.7509211E+02     0.3860794E+02
    -0.7508994E+02     0.3861086E+02
    -0.7508376E+02     0.3861161E+02
    -0.7507635E+02     0.3862012E+02
    -0.7507580E+02     0.3862607E+02
    -0.7508045E+02     0.3862666E+02
    -0.7508417E+02     0.3863524E+02
    -0.7507963E+02     0.3864521E+02
    -0.7507701E+02     0.3865798E+02
    -0.7508154E+02     0.3868769E+02
    -0.7508485E+02     0.3868807E+02
    -0.7508941E+02     0.3868859E+02
    -0.7509130E+02     0.3868544E+02
    -0.7509399E+02     0.3868436E+02
    -0.7510554E+02     0.3868812E+02
    -0.7511238E+02     0.3868555E+02
    -0.7512055E+02     0.3868624E+02
    -0.7512214E+02     0.3868353E+02
    -0.7513715E+02     0.3868829E+02
    -0.7514099E+02     0.3868771E+02
    -0.7514558E+02     0.3868990E+02
    -0.7515205E+02     0.3868938E+02
    -0.7515154E+02     0.3868753E+02
    -0.7514128E+02     0.3868106E+02
    -0.7513913E+02     0.3867665E+02
    -0.7513718E+02     0.3866100E+02
    -0.7513236E+02     0.3864413E+02
    -0.7513432E+02     0.3863937E+02
    -0.7514450E+02     0.3864102E+02
    -0.7514680E+02     0.3864373E+02
    -0.7515229E+02     0.3865018E+02
    -0.7516855E+02     0.3865337E+02
    -0.7517645E+02     0.3866000E+02
    -0.7518173E+02     0.3865991E+02
    -0.7518029E+02     0.3865253E+02
    -0.7518358E+02     0.3865102E+02
    -0.7518102E+02     0.3864911E+02
    -0.7517493E+02     0.3864803E+02
    -0.7516960E+02     0.3864927E+02
    -0.7516261E+02     0.3864862E+02
    -0.7515337E+02     0.3864562E+02
    -0.7515091E+02     0.3864165E+02
    -0.7515200E+02     0.3863686E+02
    -0.7515063E+02     0.3863454E+02
    -0.7513862E+02     0.3863490E+02
    -0.7512871E+02     0.3862729E+02
    -0.7512436E+02     0.3862648E+02
    -0.7511573E+02     0.3862969E+02
    -0.7510468E+02     0.3862824E+02
    -0.7510513E+02     0.3862415E+02
    -0.7510786E+02     0.3862236E+02
    -0.7510706E+02     0.3862074E+02
    -0.7510386E+02     0.3862019E+02
    -0.7509674E+02     0.3862229E+02
    -0.7509303E+02     0.3862035E+02
    -0.7509354E+02     0.3861532E+02
    -0.7510336E+02     0.3861169E+02
    -0.7511680E+02     0.3861206E+02
    -0.7513435E+02     0.3860543E+02
    -0.7515702E+02     0.3860214E+02
    -0.7516408E+02     0.3859454E+02
    -0.7517190E+02     0.3858970E+02
    -0.7517780E+02     0.3858848E+02
    -0.7520792E+02     0.3858860E+02
    -0.7521561E+02     0.3858651E+02
    -0.7523006E+02     0.3858391E+02
    -0.7524959E+02     0.3858534E+02
    -0.7526058E+02     0.3858127E+02
    -0.7526787E+02     0.3858192E+02
    -0.7527816E+02     0.3858746E+02
    -0.7528580E+02     0.3858674E+02
    -0.7528188E+02     0.3858252E+02
    -0.7526137E+02     0.3857648E+02
    -0.7525667E+02     0.3857704E+02
    -0.7524831E+02     0.3858118E+02
    -0.7523267E+02     0.3858106E+02
    -0.7522464E+02     0.3857992E+02
    -0.7521799E+02     0.3858313E+02
    -0.7521185E+02     0.3858465E+02
    -0.7520829E+02     0.3858364E+02
    -0.7520811E+02     0.3858137E+02
    -0.7521194E+02     0.3857967E+02
    -0.7520782E+02     0.3857830E+02
    -0.7520106E+02     0.3857809E+02
    -0.7519302E+02     0.3858132E+02
    -0.7518639E+02     0.3857908E+02
    -0.7518359E+02     0.3857625E+02
    -0.7518585E+02     0.3857127E+02
    -0.7519250E+02     0.3856640E+02
    -0.7520223E+02     0.3856437E+02
    -0.7520774E+02     0.3855865E+02
    -0.7521926E+02     0.3855587E+02
    -0.7522169E+02     0.3855387E+02
    -0.7521943E+02     0.3855198E+02
    -0.7520441E+02     0.3855651E+02
    -0.7520170E+02     0.3855632E+02
    -0.7520422E+02     0.3855226E+02
    -0.7519865E+02     0.3855257E+02
    -0.7519154E+02     0.3856156E+02
    -0.7516933E+02     0.3856807E+02
    -0.7516065E+02     0.3857243E+02
    -0.7515544E+02     0.3857802E+02
    -0.7513880E+02     0.3858399E+02
    -0.7512878E+02     0.3858578E+02
    -0.7511227E+02     0.3858212E+02
    -0.7510745E+02     0.3857854E+02
    -0.7510298E+02     0.3857384E+02
    -0.7510152E+02     0.3856715E+02
    -0.7509624E+02     0.3856104E+02
    -0.7509577E+02     0.3855185E+02
    -0.7509548E+02     0.3855140E+02
    -0.7509413E+02     0.3854928E+02
    -0.7509149E+02     0.3854944E+02
    -0.7509028E+02     0.3855697E+02
    -0.7509536E+02     0.3856767E+02
    -0.7509254E+02     0.3857195E+02
    -0.7508540E+02     0.3857473E+02
    -0.7507662E+02     0.3858137E+02
    -0.7507082E+02     0.3857364E+02
    -0.7506789E+02     0.3857402E+02
    -0.7506596E+02     0.3857786E+02
    -0.7507212E+02     0.3858400E+02
    -0.7507300E+02     0.3859044E+02
    -0.7507911E+02     0.3859772E+02
    -0.7507434E+02     0.3859965E+02
    -0.7506735E+02     0.3859900E+02
    -0.7506139E+02     0.3859494E+02
    -0.7505925E+02     0.3859052E+02
    -0.7505923E+02     0.3856767E+02
    -0.7505923E+02     0.3856483E+02
    -0.7505534E+02     0.3855394E+02
    -0.7505668E+02     0.3853701E+02
    -0.7505177E+02     0.3849008E+02
    -0.7505198E+02     0.3847242E+02
    -0.7505383E+02     0.3846376E+02
    -0.7505338E+02     0.3846053E+02
    -0.7505135E+02     0.3844208E+02
    -0.7505135E+02     0.3844208E+02
    -0.7507348E+02     0.3844241E+02
    -0.7507404E+02     0.3844242E+02
    -0.7509332E+02     0.3844271E+02
    -0.7509975E+02     0.3844281E+02
    -0.7512457E+02     0.3844270E+02
    -0.7513185E+02     0.3844294E+02
    -0.7517234E+02     0.3844450E+02
    -0.7518676E+02     0.3844221E+02
    -0.7520375E+02     0.3844115E+02
    -0.7521652E+02     0.3844248E+02
    -0.7522565E+02     0.3844213E+02
    -0.7523611E+02     0.3844173E+02
    -0.7528275E+02     0.3844298E+02
    -0.7529549E+02     0.3844499E+02
    -0.7530809E+02     0.3844424E+02
    -0.7531921E+02     0.3844367E+02
    -0.7533559E+02     0.3844304E+02
    -0.7535912E+02     0.3844514E+02
    -0.7537986E+02     0.3844487E+02
    -0.7547634E+02     0.3844757E+02
    -0.7550321E+02     0.3844722E+02
    -0.7552332E+02     0.3844782E+02
    -0.7553642E+02     0.3844867E+02
    -0.7556499E+02     0.3844928E+02
    -0.7569144E+02     0.3845261E+02
    -0.7571087E+02     0.3866335E+02
    -0.7570913E+02     0.3867591E+02
    -0.7571419E+02     0.3873224E+02
    -0.7571761E+02     0.3876651E+02
    -0.7572073E+02     0.3880787E+02
    -0.7572547E+02     0.3885846E+02
    -0.7572784E+02     0.3890347E+02
    -0.7573087E+02     0.3894024E+02
    -0.7573717E+02     0.3900873E+02
    -0.7573745E+02     0.3901562E+02
    -0.7574269E+02     0.3905589E+02
    -0.7574250E+02     0.3908614E+02
    -0.7574282E+02     0.3910962E+02
    -0.7574774E+02     0.3915895E+02
    -0.7574980E+02     0.3918514E+02
    -0.7575382E+02     0.3924622E+02
    -0.7576054E+02     0.3932616E+02
    -0.7576131E+02     0.3934163E+02
    -0.7576225E+02     0.3936036E+02
    -0.7576549E+02     0.3936709E+02
    -0.7576614E+02     0.3937238E+02
    -0.7576447E+02     0.3938311E+02
    -0.7576836E+02     0.3944738E+02
    -0.7577133E+02     0.3949306E+02
    -0.7577416E+02     0.3950917E+02
    -0.7578056E+02     0.3958404E+02
    -0.7578207E+02     0.3959004E+02
    -0.7578043E+02     0.3959985E+02
    -0.7578232E+02     0.3961066E+02
    -0.7578343E+02     0.3961894E+02
    -0.7578177E+02     0.3962943E+02
    -0.7578488E+02     0.3963937E+02
    -0.7578043E+02     0.3965254E+02
    -0.7578391E+02     0.3965446E+02
    -0.7578348E+02     0.3965743E+02
    -0.7578387E+02     0.3966367E+02
    -0.7578503E+02     0.3968198E+02
    -0.7578545E+02     0.3968909E+02
    -0.7578709E+02     0.3971537E+02
    -0.7577908E+02     0.3971527E+02
    -0.7577487E+02     0.3971653E+02
    -0.7576743E+02     0.3973007E+02
    -0.7576155E+02     0.3973541E+02
    -0.7575426E+02     0.3974575E+02
    -0.7574477E+02     0.3975831E+02
    -0.7573030E+02     0.3976960E+02
    -0.7570073E+02     0.3979261E+02
    -0.7568420E+02     0.3980291E+02
    -0.7566386E+02     0.3981219E+02
    -0.7563365E+02     0.3982280E+02
    -0.7561883E+02     0.3982833E+02
    -0.7559512E+02     0.3983316E+02
    -0.7557836E+02     0.3983486E+02
    -0.7557749E+02     0.3983495E+02
    -0.7555896E+02     0.3983626E+02
END
4
    -0.7512930E+02     0.3882369E+02
    -0.7553961E+02     0.3967184E+02
    -0.7552623E+02     0.3967142E+02
    -0.7552623E+02     0.3967142E+02
    -0.7552670E+02     0.3967092E+02
    -0.7554687E+02     0.3965057E+02
    -0.7555434E+02     0.3964323E+02
    -0.7555908E+02     0.3963695E+02
    -0.7557194E+02     0.3962862E+02
    -0.7557661E+02     0.3962371E+02
    -0.7557986E+02     0.3962087E+02
    -0.7557986E+02     0.3962087E+02
    -0.7558544E+02     0.3961278E+02
    -0.7558566E+02     0.3960780E+02
    -0.7558592E+02     0.3960182E+02
    -0.7557312E+02     0.3959950E+02
    -0.7555090E+02     0.3957698E+02
    -0.7554280E+02     0.3955583E+02
    -0.7554415E+02     0.3952495E+02
    -0.7555274E+02     0.3950523E+02
    -0.7556168E+02     0.3947754E+02
    -0.7555749E+02     0.3945549E+02
    -0.7553513E+02     0.3943695E+02
    -0.7551518E+02     0.3942247E+02
    -0.7548218E+02     0.3938369E+02
    -0.7543206E+02     0.3935442E+02
    -0.7541877E+02     0.3934835E+02
    -0.7541877E+02     0.3934835E+02
    -0.7539606E+02     0.3932872E+02
    -0.7538493E+02     0.3932105E+02
    -0.7537478E+02     0.3931157E+02
    -0.7537348E+02     0.3930809E+02
    -0.7536270E+02     0.3929929E+02
    -0.7535316E+02     0.3929533E+02
    -0.7532945E+02     0.3927397E+02
    -0.7530381E+02     0.3924452E+02
    -0.7529102E+02     0.3923518E+02
    -0.7528127E+02     0.3922410E+02
    -0.7527129E+02     0.3921164E+02
    -0.7526261E+02     0.3920265E+02
    -0.7525686E+02     0.3918849E+02
    -0.7525007E+02     0.3918300E+02
    -0.7522130E+02     0.3914128E+02
    -0.7520773E+02     0.3911906E+02
    -0.7519746E+02     0.3910154E+02
    -0.7519768E+02     0.3909742E+02
    -0.7519475E+02     0.3909159E+02
    -0.7518805E+02     0.3908450E+02
    -0.7517391E+02     0.3905676E+02
    -0.7516867E+02     0.3905017E+02
    -0.7516167E+02     0.3903779E+02
    -0.7513391E+02     0.3898461E+02
    -0.7512309E+02     0.3896706E+02
    -0.7511903E+02     0.3895500E+02
    -0.7511437E+02     0.3894865E+02
    -0.7510799E+02     0.3893606E+02
    -0.7506908E+02     0.3886758E+02
    -0.7506845E+02     0.3886297E+02
    -0.7506116E+02     0.3885126E+02
    -0.7505124E+02     0.3883396E+02
    -0.7504822E+02     0.3882468E+02
    -0.7503970E+02     0.3881408E+02
    -0.7503751E+02     0.3880597E+02
    -0.7502294E+02     0.3878255E+02
    -0.7500000E+02     0.3874158E+02
    -0.7500000E+02     0.3874158E+02
    -0.7497247E+02     0.3870411E+02
    -0.7496092E+02     0.3867860E+02
    -0.7495345E+02     0.3865740E+02
    -0.7494815E+02     0.3863544E+02
    -0.7495813E+02     0.3843951E+02
    -0.7497729E+02     0.3844011E+02
    -0.7500000E+02     0.3844081E+02
    -0.7501671E+02     0.3844132E+02
    -0.7503162E+02     0.3844178E+02
    -0.7503162E+02     0.3844178E+02
    -0.7505135E+02     0.3844208E+02
    -0.7505135E+02     0.3844208E+02
    -0.7505338E+02     0.3846053E+02
    -0.7505383E+02     0.3846376E+02
    -0.7505198E+02     0.3847242E+02
    -0.7505177E+02     0.3849008E+02
    -0.7505668E+02     0.3853701E+02
    -0.7505534E+02     0.3855394E+02
    -0.7505923E+02     0.3856483E+02
    -0.7505923E+02     0.3856767E+02
    -0.7505925E+02     0.3859052E+02
    -0.7506139E+02     0.3859494E+02
    -0.7506735E+02     0.3859900E+02
    -0.7507434E+02     0.3859965E+02
    -0.7507911E+02     0.3859772E+02
    -0.7507300E+02     0.3859044E+02
    -0.7507212E+02     0.3858400E+02
    -0.7506596E+02     0.3857786E+02
    -0.7506789E+02     0.3857402E+02
    -0.7507082E+02     0.3857364E+02
    -0.7507662E+02     0.3858137E+02
    -0.7508540E+02     0.3857473E+02
    -0.7509254E+02     0.3857195E+02
    -0.7509536E+02     0.3856767E+02
    -0.7509028E+02     0.3855697E+02
    -0.7509149E+02     0.3854944E+02
    -0.7509413E+02     0.3854928E+02
    -0.7509548E+02     0.3855140E+02
    -0.7509577E+02     0.3855185E+02
    -0.7509624E+02     0.3856104E+02
    -0.7510152E+02     0.3856715E+02
    -0.7510298E+02     0.3857384E+02
    -0.7510745E+02     0.3857854E+02
    -0.7511227E+02     0.3858212E+02
    -0.7512878E+02     0.3858578E+02
    -0.7513880E+02     0.3858399E+02
    -0.7515544E+02     0.3857802E+02
    -0.7516065E+02     0.3857243E+02
    -0.7516933E+02     0.3856807E+02
    -0.7519154E+02     0.3856156E+02
    -0.7519865E+02     0.3855257E+02
    -0.7520422E+02     0.3855226E+02
    -0.7520170E+02     0.3855632E+02
    -0.7520441E+02     0.3855651E+02
    -0.7521943E+02     0.3855198E+02
    -0.7522169E+02     0.3855387E+02
    -0.7521926E+02     0.3855587E+02
    -0.7520774E+02     0.3855865E+02
    -0.7520223E+02     0.3856437E+02
    -0.7519250E+02     0.3856640E+02
    -0.7518585E+02     0.3857127E+02
    -0.7518359E+02     0.3857625E+02
    -0.7518639E+02     0.3857908E+02
    -0.7519302E+02     0.3858132E+02
    -0.7520106E+02     0.3857809E+02
    -0.7520782E+02     0.3857830E+02
    -0.7521194E+02     0.3857967E+02
    -0.7520811E+02     0.3858137E+02
    -0.7520829E+02     0.3858364E+02
    -0.7521185E+02     0.3858465E+02
    -0.7521799E+02     0.3858313E+02
    -0.7522464E+02     0.3857992E+02
    -0.7523267E+02     0.3858106E+02
    -0.7524831E+02     0.3858118E+02
    -0.7525667E+02     0.3857704E+02
    -0.7526137E+02     0.3857648E+02
    -0.7528188E+02     0.3858252E+02
    -0.7528580E+02     0.3858674E+02
    -0.7527816E+02     0.3858746E+02
    -0.7526787E+02     0.3858192E+02
    -0.7526058E+02     0.3858127E+02
    -0.7524959E+02     0.3858534E+02
    -0.7523006E+02     0.3858391E+02
    -0.7521561E+02     0.3858651E+02
    -0.7520792E+02     0.3858860E+02
    -0.7517780E+02     0.3858848E+02
    -0.7517190E+02     0.3858970E+02
    -0.7516408E+02     0.3859454E+02
    -0.7515702E+02     0.3860214E+02
    -0.7513435E+02     0.3860543E+02
    -0.7511680E+02     0.3861206E+02
    -0.7510336E+02     0.3861169E+02
    -0.7509354E+02     0.3861532E+02
    -0.7509303E+02     0.3862035E+02
    -0.7509674E+02     0.3862229E+02
    -0.7510386E+02     0.3862019E+02
    -0.7510706E+02     0.3862074E+02
    -0.7510786E+02     0.3862236E+02
    -0.7510513E+02     0.3862415E+02
    -0.7510468E+02     0.3862824E+02
    -0.7511573E+02     0.3862969E+02
    -0.7512436E+02     0.3862648E+02
    -0.7512871E+02     0.3862729E+02
    -0.7513862E+02     0.3863490E+02
    -0.7515063E+02     0.3863454E+02
    -0.7515200E+02     0.3863686E+02
    -0.7515091E+02     0.3864165E+02
    -0.7515337E+02     0.3864562E+02
    -0.7516261E+02     0.3864862E+02
    -0.7516960E+02     0.3864927E+02
    -0.7517493E+02     0.3864803E+02
    -0.7518102E+02     0.3864911E+02
    -0.7518358E+02     0.3865102E+02
    -0.7518029E+02     0.3865253E+02
    -0.7518173E+02     0.3865991E+02
    -0.7517645E+02     0.3866000E+02
    -0.7516855E+02     0.3865337E+02
    -0.7515229E+02     0.3865018E+02
    -0.7514680E+02     0.3864373E+02
    -0.7514450E+02     0.3864102E+02
    -0.7513432E+02     0.3863937E+02
    -0.7513236E+02     0.3864413E+02
    -0.7513718E+02     0.3866100E+02
    -0.7513913E+02     0.3867665E+02
    -0.7514128E+02     0.3868106E+02
    -0.7515154E+02     0.3868753E+02
    -0.7515205E+02     0.3868938E+02
    -0.7514558E+02     0.3868990E+02
    -0.7514099E+02     0.3868771E+02
    -0.7513715E+02     0.3868829E+02
    -0.7512214E+02     0.3868353E+02
    -0.7512055E+02     0.3868624E+02
    -0.7511238E+02     0.3868555E+02
    -0.7510554E+02     0.3868812E+02
    -0.7509399E+02     0.3868436E+02
    -0.7509130E+02     0.3868544E+02
    -0.7508941E+02     0.3868859E+02
    -0.7508485E+02     0.3868807E+02
    -0.7508154E+02     0.3868769E+02
    -0.7507701E+02     0.3865798E+02
    -0.7507963E+02     0.3864521E+02
    -0.7508417E+02     0.3863524E+02
    -0.7508045E+02     0.3862666E+02
    -0.7507580E+02     0.3862607E+02
    -0.7507635E+02     0.3862012E+02
    -0.7508376E+02     0.3861161E+02
    -0.7508994E+02     0.3861086E+02
    -0.7509211E+02     0.3860794E+02
    -0.7508883E+02     0.3860281E+02
    -0.7506483E+02     0.3860306E+02
    -0.7506089E+02     0.3860616E+02
    -0.7506162E+02     0.3860983E+02
    -0.7506950E+02     0.3864906E+02
    -0.7507076E+02     0.3867982E+02
    -0.7507909E+02     0.3873497E+02
    -0.7507980E+02     0.3873970E+02
    -0.7508354E+02     0.3875448E+02
    -0.7508324E+02     0.3876777E+02
    -0.7508619E+02     0.3878046E+02
    -0.7509068E+02     0.3878517E+02
    -0.7508990E+02     0.3878928E+02
    -0.7509157E+02     0.3879139E+02
    -0.7509511E+02     0.3879103E+02
    -0.7509938E+02     0.3878059E+02
    -0.7510448E+02     0.3877798E+02
    -0.7512682E+02     0.3877676E+02
    -0.7514621E+02     0.3878256E+02
    -0.7515672E+02     0.3878376E+02
    -0.7516409E+02     0.3878757E+02
    -0.7516560E+02     0.3878835E+02
    -0.7517286E+02     0.3879015E+02
    -0.7518728E+02     0.3880246E+02
    -0.7519655E+02     0.3880523E+02
    -0.7519850E+02     0.3880070E+02
    -0.7520867E+02     0.3880303E+02
    -0.7521931E+02     0.3880125E+02
    -0.7522455E+02     0.3880207E+02
    -0.7522906E+02     0.3880609E+02
    -0.7523058E+02     0.3881874E+02
    -0.7524316E+02     0.3883352E+02
    -0.7524249E+02     0.3883533E+02
    -0.7523548E+02     0.3883447E+02
    -0.7522606E+02     0.3882848E+02
    -0.7521637E+02     0.3882181E+02
    -0.7521253E+02     0.3881710E+02
    -0.7520968E+02     0.3881361E+02
    -0.7520040E+02     0.3881107E+02
    -0.7520173E+02     0.3881431E+02
    -0.7521381E+02     0.3882678E+02
    -0.7522923E+02     0.3883682E+02
    -0.7524620E+02     0.3885148E+02
    -0.7525473E+02     0.3886500E+02
    -0.7527185E+02     0.3887668E+02
    -0.7529337E+02     0.3889756E+02
    -0.7530147E+02     0.3890542E+02
    -0.7531255E+02     0.3892152E+02
    -0.7531649E+02     0.3893263E+02
    -0.7531670E+02     0.3894180E+02
    -0.7531296E+02     0.3896096E+02
    -0.7531438E+02     0.3896902E+02
    -0.7532059E+02     0.3898248E+02
    -0.7533919E+02     0.3900886E+02
    -0.7534311E+02     0.3901281E+02
    -0.7535133E+02     0.3902108E+02
    -0.7536640E+02     0.3903361E+02
    -0.7538336E+02     0.3904344E+02
    -0.7539334E+02     0.3905125E+02
    -0.7540153E+02     0.3906704E+02
    -0.7540134E+02     0.3910073E+02
    -0.7540597E+02     0.3912051E+02
    -0.7540912E+02     0.3913393E+02
    -0.7540952E+02     0.3914563E+02
    -0.7539413E+02     0.3919085E+02
    -0.7539327E+02     0.3919748E+02
    -0.7540125E+02     0.3921853E+02
    -0.7540359E+02     0.3923372E+02
    -0.7540812E+02     0.3923841E+02
    -0.7540656E+02     0.3924043E+02
    -0.7540237E+02     0.3924170E+02
    -0.7540243E+02     0.3924767E+02
    -0.7540818E+02     0.3925858E+02
    -0.7543456E+02     0.3928784E+02
    -0.7543501E+02     0.3928834E+02
    -0.7543847E+02     0.3930515E+02
    -0.7544215E+02     0.3930914E+02
    -0.7545717E+02     0.3931730E+02
    -0.7548443E+02     0.3933720E+02
    -0.7548824E+02     0.3933798E+02
    -0.7548891E+02     0.3933594E+02
    -0.7548631E+02     0.3932694E+02
    -0.7548941E+02     0.3932335E+02
    -0.7549320E+02     0.3932458E+02
    -0.7550054E+02     0.3933301E+02
    -0.7550099E+02     0.3933669E+02
    -0.7549431E+02     0.3934134E+02
    -0.7549389E+02     0.3934454E+02
    -0.7549638E+02     0.3934872E+02
    -0.7550491E+02     0.3935559E+02
    -0.7550898E+02     0.3935888E+02
    -0.7551814E+02     0.3937376E+02
    -0.7552467E+02     0.3938055E+02
    -0.7553495E+02     0.3938218E+02
    -0.7553693E+02     0.3938451E+02
    -0.7553628E+02     0.3938610E+02
    -0.7552767E+02     0.3938704E+02
    -0.7553510E+02     0.3940120E+02
    -0.7555385E+02     0.3942065E+02
    -0.7557085E+02     0.3943205E+02
    -0.7557558E+02     0.3943972E+02
    -0.7558650E+02     0.3944799E+02
    -0.7559186E+02     0.3945499E+02
    -0.7559404E+02     0.3946741E+02
    -0.7559253E+02     0.3947608E+02
    -0.7558536E+02     0.3949332E+02
    -0.7558109E+02     0.3949666E+02
    -0.7557442E+02     0.3950842E+02
    -0.7557665E+02     0.3951191E+02
    -0.7558703E+02     0.3951146E+02
    -0.7559112E+02     0.3951293E+02
    -0.7559483E+02     0.3951622E+02
    -0.7559444E+02     0.3951896E+02
    -0.7557383E+02     0.3951596E+02
    -0.7557110E+02     0.3951773E+02
    -0.7556884E+02     0.3952249E+02
    -0.7556955E+02     0.3952709E+02
    -0.7557987E+02     0.3953185E+02
    -0.7559525E+02     0.3952861E+02
    -0.7559971E+02     0.3954360E+02
    -0.7560760E+02     0.3954480E+02
    -0.7560760E+02     0.3954480E+02
    -0.7560730E+02     0.3954755E+02
    -0.7560730E+02     0.3954755E+02
    -0.7559117E+02     0.3955004E+02
    -0.7557039E+02     0.3955139E+02
    -0.7556644E+02     0.3955405E+02
    -0.7557127E+02     0.3955920E+02
    -0.7558547E+02     0.3956732E+02
    -0.7559348E+02     0.3957483E+02
    -0.7559933E+02     0.3957680E+02
    -0.7560958E+02     0.3959156E+02
    -0.7561000E+02     0.3959217E+02
    -0.7561993E+02     0.3959583E+02
    -0.7562650E+02     0.3959461E+02
    -0.7562909E+02     0.3959673E+02
    -0.7562811E+02     0.3959900E+02
    -0.7562396E+02     0.3959913E+02
    -0.7561338E+02     0.3960461E+02
    -0.7561463E+02     0.3961060E+02
    -0.7561331E+02     0.3961400E+02
    -0.7559711E+02     0.3962691E+02
    -0.7558676E+02     0.3964156E+02
    -0.7558282E+02     0.3964399E+02
    -0.7556966E+02     0.3964666E+02
    -0.7555872E+02     0.3965351E+02
    -0.7553961E+02     0.3967184E+02
END
5

    -0.7556480E+02     0.3957325E+02
    -0.7556384E+02     0.3957506E+02
    -0.7556857E+02     0.3958296E+02
    -0.7557667E+02     0.3958819E+02
    -0.7557876E+02     0.3958778E+02
    -0.7557868E+02     0.3958205E+02
    -0.7557560E+02     0.3957740E+02
    -0.7556480E+02     0.3957325E+02
END
6

    -0.7557589E+02     0.3953204E+02
    -0.7556934E+02     0.3953235E+02
    -0.7556782E+02     0.3954125E+02
    -0.7556499E+02     0.3954554E+02
    -0.7556608E+02     0.3954786E+02
    -0.7559106E+02     0.3954500E+02
    -0.7557589E+02     0.3953204E+02
END
END
