georgia
1
    -0.8106690E+02     0.3185403E+02
    -0.8106204E+02     0.3184439E+02
    -0.8106527E+02     0.3184480E+02
    -0.8108134E+02     0.3185579E+02
    -0.8107957E+02     0.3186155E+02
    -0.8107500E+02     0.3186138E+02
    -0.8106525E+02     0.3185740E+02
    -0.8105586E+02     0.3185754E+02
    -0.8105421E+02     0.3185573E+02
    -0.8105782E+02     0.3184835E+02
    -0.8106204E+02     0.3184439E+02
END
2
    -0.8325776E+02     0.3296484E+02
    -0.8521545E+02     0.3300138E+02
    -0.8522529E+02     0.3305223E+02
    -0.8522711E+02     0.3306433E+02
    -0.8522797E+02     0.3307001E+02
    -0.8523219E+02     0.3309760E+02
    -0.8523492E+02     0.3311607E+02
    -0.8523689E+02     0.3313528E+02
    -0.8523968E+02     0.3314771E+02
    -0.8524333E+02     0.3315953E+02
    -0.8524434E+02     0.3316936E+02
    -0.8525676E+02     0.3322985E+02
    -0.8525922E+02     0.3324810E+02
    -0.8526215E+02     0.3325439E+02
    -0.8526814E+02     0.3328717E+02
    -0.8527362E+02     0.3331286E+02
    -0.8528342E+02     0.3336760E+02
    -0.8528915E+02     0.3339962E+02
    -0.8529187E+02     0.3341028E+02
    -0.8529823E+02     0.3343661E+02
    -0.8529976E+02     0.3344228E+02
    -0.8530193E+02     0.3346032E+02
    -0.8530413E+02     0.3347860E+02
    -0.8531490E+02     0.3353780E+02
    -0.8531773E+02     0.3355352E+02
    -0.8532666E+02     0.3359535E+02
    -0.8534446E+02     0.3368522E+02
    -0.8534490E+02     0.3369830E+02
    -0.8534789E+02     0.3370504E+02
    -0.8536031E+02     0.3375612E+02
    -0.8535995E+02     0.3376235E+02
    -0.8536472E+02     0.3378799E+02
    -0.8537189E+02     0.3382658E+02
    -0.8537397E+02     0.3383771E+02
    -0.8537940E+02     0.3385835E+02
    -0.8538387E+02     0.3388800E+02
    -0.8538768E+02     0.3390528E+02
    -0.8539613E+02     0.3394346E+02
    -0.8539777E+02     0.3395326E+02
    -0.8540021E+02     0.3396785E+02
    -0.8540816E+02     0.3400595E+02
    -0.8540895E+02     0.3400970E+02
    -0.8541424E+02     0.3403172E+02
    -0.8542993E+02     0.3410264E+02
    -0.8543297E+02     0.3412041E+02
    -0.8543767E+02     0.3414178E+02
    -0.8544386E+02     0.3417181E+02
    -0.8545806E+02     0.3424051E+02
    -0.8546387E+02     0.3426894E+02
    -0.8547204E+02     0.3430968E+02
    -0.8547483E+02     0.3431344E+02
    -0.8547520E+02     0.3432537E+02
    -0.8548058E+02     0.3435112E+02
    -0.8548807E+02     0.3438702E+02
    -0.8549733E+02     0.3443436E+02
    -0.8550491E+02     0.3446505E+02
    -0.8550629E+02     0.3447068E+02
    -0.8551595E+02     0.3451571E+02
    -0.8551714E+02     0.3452259E+02
    -0.8552260E+02     0.3455423E+02
    -0.8553421E+02     0.3461202E+02
    -0.8553653E+02     0.3461788E+02
    -0.8553643E+02     0.3462364E+02
    -0.8554743E+02     0.3467596E+02
    -0.8554604E+02     0.3467810E+02
    -0.8555294E+02     0.3469843E+02
    -0.8555793E+02     0.3472622E+02
    -0.8556100E+02     0.3474722E+02
    -0.8556832E+02     0.3477972E+02
    -0.8557951E+02     0.3483249E+02
    -0.8558208E+02     0.3484730E+02
    -0.8559024E+02     0.3488298E+02
    -0.8559796E+02     0.3492006E+02
    -0.8560942E+02     0.3497580E+02
    -0.8560789E+02     0.3500000E+02
    -0.8558510E+02     0.3500000E+02
    -0.8550180E+02     0.3500000E+02
    -0.8541850E+02     0.3500000E+02
    -0.8533520E+02     0.3500000E+02
    -0.8525190E+02     0.3500000E+02
    -0.8516860E+02     0.3500000E+02
    -0.8508530E+02     0.3500000E+02
    -0.8500200E+02     0.3500000E+02
    -0.8500000E+02     0.3500000E+02
    -0.8491670E+02     0.3500000E+02
    -0.8483340E+02     0.3500000E+02
    -0.8475010E+02     0.3500000E+02
    -0.8466680E+02     0.3500000E+02
    -0.8458350E+02     0.3500000E+02
    -0.8450020E+02     0.3500000E+02
    -0.8441690E+02     0.3500000E+02
    -0.8433360E+02     0.3500000E+02
    -0.8431763E+02     0.3500000E+02
    -0.8425030E+02     0.3500000E+02
    -0.8416700E+02     0.3500000E+02
    -0.8408370E+02     0.3500000E+02
    -0.8400040E+02     0.3500000E+02
    -0.8391710E+02     0.3500000E+02
    -0.8383380E+02     0.3500000E+02
    -0.8375050E+02     0.3500000E+02
    -0.8366720E+02     0.3500000E+02
    -0.8358390E+02     0.3500000E+02
    -0.8350060E+02     0.3500000E+02
    -0.8341730E+02     0.3500000E+02
    -0.8333400E+02     0.3500000E+02
    -0.8325070E+02     0.3500000E+02
    -0.8316740E+02     0.3500000E+02
    -0.8309665E+02     0.3500000E+02
    -0.8310019E+02     0.3499917E+02
    -0.8310019E+02     0.3499917E+02
    -0.8310973E+02     0.3498464E+02
    -0.8311477E+02     0.3497984E+02
    -0.8312189E+02     0.3496762E+02
    -0.8312379E+02     0.3496180E+02
    -0.8312267E+02     0.3495219E+02
    -0.8312753E+02     0.3494924E+02
    -0.8312791E+02     0.3494624E+02
    -0.8312036E+02     0.3493642E+02
    -0.8312106E+02     0.3493387E+02
    -0.8312709E+02     0.3493202E+02
    -0.8313231E+02     0.3493527E+02
    -0.8313644E+02     0.3493441E+02
    -0.8314352E+02     0.3492633E+02
    -0.8315184E+02     0.3492531E+02
    -0.8315675E+02     0.3492810E+02
    -0.8315981E+02     0.3492798E+02
    -0.8316301E+02     0.3492533E+02
    -0.8316187E+02     0.3492009E+02
    -0.8316303E+02     0.3491613E+02
    -0.8316874E+02     0.3491821E+02
    -0.8317206E+02     0.3491762E+02
    -0.8317250E+02     0.3491728E+02
    -0.8318649E+02     0.3490648E+02
    -0.8319411E+02     0.3489836E+02
    -0.8319858E+02     0.3489841E+02
    -0.8320216E+02     0.3489299E+02
    -0.8320602E+02     0.3489214E+02
    -0.8320761E+02     0.3488588E+02
    -0.8321124E+02     0.3488113E+02
    -0.8321593E+02     0.3488026E+02
    -0.8321864E+02     0.3488819E+02
    -0.8322026E+02     0.3488744E+02
    -0.8322235E+02     0.3488023E+02
    -0.8322839E+02     0.3488321E+02
    -0.8323457E+02     0.3487928E+02
    -0.8324403E+02     0.3487867E+02
    -0.8324611E+02     0.3487606E+02
    -0.8324280E+02     0.3487206E+02
    -0.8324370E+02     0.3486835E+02
    -0.8324608E+02     0.3486618E+02
    -0.8324974E+02     0.3486673E+02
    -0.8325240E+02     0.3486455E+02
    -0.8325330E+02     0.3485624E+02
    -0.8325520E+02     0.3485524E+02
    -0.8325565E+02     0.3484879E+02
    -0.8325855E+02     0.3484592E+02
    -0.8327213E+02     0.3484422E+02
    -0.8327508E+02     0.3484226E+02
    -0.8327617E+02     0.3483716E+02
    -0.8327345E+02     0.3483360E+02
    -0.8327294E+02     0.3482876E+02
    -0.8327278E+02     0.3482719E+02
    -0.8327458E+02     0.3481999E+02
    -0.8327834E+02     0.3481754E+02
    -0.8328285E+02     0.3481828E+02
    -0.8328742E+02     0.3482476E+02
    -0.8329305E+02     0.3482568E+02
    -0.8329633E+02     0.3482440E+02
    -0.8329755E+02     0.3481699E+02
    -0.8329968E+02     0.3481530E+02
    -0.8330270E+02     0.3481448E+02
    -0.8330502E+02     0.3481577E+02
    -0.8330672E+02     0.3482099E+02
    -0.8331005E+02     0.3482062E+02
    -0.8330841E+02     0.3480736E+02
    -0.8331041E+02     0.3480337E+02
    -0.8332584E+02     0.3479562E+02
    -0.8332777E+02     0.3478611E+02
    -0.8332463E+02     0.3475706E+02
    -0.8332463E+02     0.3475706E+02
    -0.8332661E+02     0.3475392E+02
    -0.8332736E+02     0.3475288E+02
    -0.8333010E+02     0.3475076E+02
    -0.8333322E+02     0.3474828E+02
    -0.8333591E+02     0.3474549E+02
    -0.8334023E+02     0.3474230E+02
    -0.8334379E+02     0.3474048E+02
    -0.8334776E+02     0.3473864E+02
    -0.8335048E+02     0.3473619E+02
    -0.8335308E+02     0.3473172E+02
    -0.8335651E+02     0.3472755E+02
    -0.8335787E+02     0.3472279E+02
    -0.8335647E+02     0.3471948E+02
    -0.8335485E+02     0.3471248E+02
    -0.8335387E+02     0.3470949E+02
    -0.8335313E+02     0.3470346E+02
    -0.8334991E+02     0.3469687E+02
    -0.8334761E+02     0.3469225E+02
    -0.8334563E+02     0.3468495E+02
    -0.8334563E+02     0.3468495E+02
    -0.8334271E+02     0.3468277E+02
    -0.8332809E+02     0.3468039E+02
    -0.8331645E+02     0.3467672E+02
    -0.8330754E+02     0.3467203E+02
    -0.8329929E+02     0.3465973E+02
    -0.8329227E+02     0.3465886E+02
    -0.8328846E+02     0.3465557E+02
    -0.8328603E+02     0.3465222E+02
    -0.8328894E+02     0.3464958E+02
    -0.8328467E+02     0.3464791E+02
    -0.8328252E+02     0.3464934E+02
    -0.8328252E+02     0.3464934E+02
    -0.8326450E+02     0.3464733E+02
    -0.8326118E+02     0.3464611E+02
    -0.8325697E+02     0.3464358E+02
    -0.8325350E+02     0.3463968E+02
    -0.8325121E+02     0.3463506E+02
    -0.8325016E+02     0.3463073E+02
    -0.8324869E+02     0.3462607E+02
    -0.8324528E+02     0.3462318E+02
    -0.8323946E+02     0.3462104E+02
    -0.8323444E+02     0.3461854E+02
    -0.8322665E+02     0.3461749E+02
    -0.8321807E+02     0.3461680E+02
    -0.8321154E+02     0.3461637E+02
    -0.8320781E+02     0.3461517E+02
    -0.8320193E+02     0.3461169E+02
    -0.8319783E+02     0.3461116E+02
    -0.8319174E+02     0.3461139E+02
    -0.8318484E+02     0.3461165E+02
    -0.8317670E+02     0.3461161E+02
    -0.8317100E+02     0.3461149E+02
    -0.8316810E+02     0.3461059E+02
    -0.8316676E+02     0.3460828E+02
    -0.8316661E+02     0.3460560E+02
    -0.8317012E+02     0.3460278E+02
    -0.8317367E+02     0.3460063E+02
    -0.8317434E+02     0.3459792E+02
    -0.8317361E+02     0.3459576E+02
    -0.8317091E+02     0.3459468E+02
    -0.8316823E+02     0.3459394E+02
    -0.8316514E+02     0.3459322E+02
    -0.8316303E+02     0.3459195E+02
    -0.8316252E+02     0.3458995E+02
    -0.8316280E+02     0.3458759E+02
    -0.8316184E+02     0.3458493E+02
    -0.8316016E+02     0.3458382E+02
    -0.8315572E+02     0.3458079E+02
    -0.8314863E+02     0.3457735E+02
    -0.8314558E+02     0.3457343E+02
    -0.8314073E+02     0.3456654E+02
    -0.8313068E+02     0.3456086E+02
    -0.8312525E+02     0.3455837E+02
    -0.8312096E+02     0.3455416E+02
    -0.8311703E+02     0.3454892E+02
    -0.8311096E+02     0.3454175E+02
    -0.8310471E+02     0.3453895E+02
    -0.8310050E+02     0.3453994E+02
    -0.8309787E+02     0.3454021E+02
    -0.8309494E+02     0.3453864E+02
    -0.8309027E+02     0.3453477E+02
    -0.8308639E+02     0.3453054E+02
    -0.8308311E+02     0.3452225E+02
    -0.8307984E+02     0.3451430E+02
    -0.8307751E+02     0.3450867E+02
    -0.8307445E+02     0.3450441E+02
    -0.8306972E+02     0.3450324E+02
    -0.8306236E+02     0.3450249E+02
    -0.8305730E+02     0.3449898E+02
    -0.8305172E+02     0.3449313E+02
    -0.8304381E+02     0.3448938E+02
    -0.8303799E+02     0.3448690E+02
    -0.8303512E+02     0.3448633E+02
    -0.8302934E+02     0.3448452E+02
    -0.8302555E+02     0.3448197E+02
    -0.8302053E+02     0.3447912E+02
    -0.8301512E+02     0.3447663E+02
    -0.8300857E+02     0.3447552E+02
    -0.8300407E+02     0.3447501E+02
    -0.8299886E+02     0.3447620E+02
    -0.8299531E+02     0.3447834E+02
    -0.8299258E+02     0.3448063E+02
    -0.8299101E+02     0.3448169E+02
    -0.8298782E+02     0.3448264E+02
    -0.8297845E+02     0.3448230E+02
    -0.8296930E+02     0.3448196E+02
    -0.8295955E+02     0.3448196E+02
    -0.8294822E+02     0.3448270E+02
    -0.8293202E+02     0.3448377E+02
    -0.8291830E+02     0.3448560E+02
    -0.8291016E+02     0.3448521E+02
    -0.8289825E+02     0.3448260E+02
    -0.8289092E+02     0.3447815E+02
    -0.8288750E+02     0.3447457E+02
    -0.8288307E+02     0.3446732E+02
    -0.8288080E+02     0.3446236E+02
    -0.8287476E+02     0.3445954E+02
    -0.8286940E+02     0.3445771E+02
    -0.8286761E+02     0.3445441E+02
    -0.8286621E+02     0.3444673E+02
    -0.8286271E+02     0.3443340E+02
    -0.8285692E+02     0.3442318E+02
    -0.8284686E+02     0.3441010E+02
    -0.8284427E+02     0.3440363E+02
    -0.8284101E+02     0.3439485E+02
    -0.8283746E+02     0.3437999E+02
    -0.8282845E+02     0.3435782E+02
    -0.8282399E+02     0.3435329E+02
    -0.8281992E+02     0.3435084E+02
    -0.8281992E+02     0.3435084E+02
    -0.8280202E+02     0.3433830E+02
    -0.8279508E+02     0.3432658E+02
    -0.8278835E+02     0.3431029E+02
    -0.8278596E+02     0.3430475E+02
    -0.8277530E+02     0.3428578E+02
    -0.8277083E+02     0.3428101E+02
    -0.8276244E+02     0.3427391E+02
    -0.8275273E+02     0.3426580E+02
    -0.8274789E+02     0.3426210E+02
    -0.8274204E+02     0.3424613E+02
    -0.8273878E+02     0.3423991E+02
    -0.8273275E+02     0.3421129E+02
    -0.8273277E+02     0.3419407E+02
    -0.8272668E+02     0.3418197E+02
    -0.8272718E+02     0.3417457E+02
    -0.8272603E+02     0.3416829E+02
    -0.8271340E+02     0.3414305E+02
    -0.8270509E+02     0.3413700E+02
    -0.8268491E+02     0.3413064E+02
    -0.8267748E+02     0.3412561E+02
    -0.8267337E+02     0.3411907E+02
    -0.8266897E+02     0.3411535E+02
    -0.8266532E+02     0.3410985E+02
    -0.8265666E+02     0.3409643E+02
    -0.8264970E+02     0.3409002E+02
    -0.8264970E+02     0.3409002E+02
    -0.8264870E+02     0.3407872E+02
    -0.8264315E+02     0.3406814E+02
    -0.8263729E+02     0.3406318E+02
    -0.8263154E+02     0.3406056E+02
    -0.8262749E+02     0.3405835E+02
    -0.8262512E+02     0.3405562E+02
    -0.8261440E+02     0.3404287E+02
    -0.8260436E+02     0.3403266E+02
    -0.8260230E+02     0.3402242E+02
    -0.8260230E+02     0.3402242E+02
    -0.8259164E+02     0.3400645E+02
    -0.8258738E+02     0.3400344E+02
    -0.8256310E+02     0.3396128E+02
    -0.8256031E+02     0.3395307E+02
    -0.8255775E+02     0.3394972E+02
    -0.8254536E+02     0.3394181E+02
    -0.8253954E+02     0.3394200E+02
    -0.8253307E+02     0.3394335E+02
    -0.8252540E+02     0.3394102E+02
    -0.8251374E+02     0.3393394E+02
    -0.8251023E+02     0.3393234E+02
    -0.8249049E+02     0.3391350E+02
    -0.8247587E+02     0.3390136E+02
    -0.8245357E+02     0.3388631E+02
    -0.8244901E+02     0.3388417E+02
    -0.8243943E+02     0.3387731E+02
    -0.8243092E+02     0.3387128E+02
    -0.8241526E+02     0.3386632E+02
    -0.8240794E+02     0.3386369E+02
    -0.8239642E+02     0.3385946E+02
    -0.8239462E+02     0.3385751E+02
    -0.8238728E+02     0.3385459E+02
    -0.8238163E+02     0.3385075E+02
    -0.8236504E+02     0.3384010E+02
    -0.8234794E+02     0.3383346E+02
    -0.8232985E+02     0.3381969E+02
    -0.8232390E+02     0.3381701E+02
    -0.8230145E+02     0.3379708E+02
    -0.8229994E+02     0.3378596E+02
    -0.8229603E+02     0.3378264E+02
    -0.8228493E+02     0.3377954E+02
    -0.8227576E+02     0.3377380E+02
    -0.8226644E+02     0.3376406E+02
    -0.8225218E+02     0.3375103E+02
    -0.8223882E+02     0.3372624E+02
    -0.8223609E+02     0.3370199E+02
    -0.8221817E+02     0.3368277E+02
    -0.8221202E+02     0.3367493E+02
    -0.8220770E+02     0.3366991E+02
    -0.8220408E+02     0.3365903E+02
    -0.8220408E+02     0.3365903E+02
    -0.8220404E+02     0.3364617E+02
    -0.8220097E+02     0.3363295E+02
    -0.8219595E+02     0.3362530E+02
    -0.8218877E+02     0.3361841E+02
    -0.8217678E+02     0.3361466E+02
    -0.8217530E+02     0.3361218E+02
    -0.8217530E+02     0.3361218E+02
    -0.8216905E+02     0.3361151E+02
    -0.8216713E+02     0.3361104E+02
    -0.8216165E+02     0.3360881E+02
    -0.8215836E+02     0.3360572E+02
    -0.8215694E+02     0.3360231E+02
    -0.8215428E+02     0.3359921E+02
    -0.8214519E+02     0.3359389E+02
    -0.8213941E+02     0.3359221E+02
    -0.8213432E+02     0.3359182E+02
    -0.8212962E+02     0.3359301E+02
    -0.8212302E+02     0.3359453E+02
    -0.8212022E+02     0.3359594E+02
    -0.8211511E+02     0.3359502E+02
    -0.8211283E+02     0.3359349E+02
    -0.8210338E+02     0.3358713E+02
    -0.8209333E+02     0.3358158E+02
    -0.8208179E+02     0.3357819E+02
    -0.8206895E+02     0.3357431E+02
    -0.8205889E+02     0.3356849E+02
    -0.8204971E+02     0.3356052E+02
    -0.8204179E+02     0.3355252E+02
    -0.8203085E+02     0.3354009E+02
    -0.8202296E+02     0.3353315E+02
    -0.8201620E+02     0.3353015E+02
    -0.8201230E+02     0.3352761E+02
    -0.8200860E+02     0.3352214E+02
    -0.8200366E+02     0.3351723E+02
    -0.8199966E+02     0.3351204E+02
    -0.8199622E+02     0.3350497E+02
    -0.8199516E+02     0.3349413E+02
    -0.8199415E+02     0.3349230E+02
    -0.8199142E+02     0.3348734E+02
    -0.8198882E+02     0.3348555E+02
    -0.8197024E+02     0.3347995E+02
    -0.8196215E+02     0.3347540E+02
    -0.8194807E+02     0.3347128E+02
    -0.8194169E+02     0.3347012E+02
    -0.8193687E+02     0.3346839E+02
    -0.8193169E+02     0.3346508E+02
    -0.8192934E+02     0.3346170E+02
    -0.8192426E+02     0.3345282E+02
    -0.8192214E+02     0.3344704E+02
    -0.8192104E+02     0.3344283E+02
    -0.8192122E+02     0.3343937E+02
    -0.8192240E+02     0.3343722E+02
    -0.8192485E+02     0.3343503E+02
    -0.8192855E+02     0.3343228E+02
    -0.8193226E+02     0.3343006E+02
    -0.8193530E+02     0.3342680E+02
    -0.8193518E+02     0.3342362E+02
    -0.8193289E+02     0.3342156E+02
    -0.8193153E+02     0.3341921E+02
    -0.8193623E+02     0.3340953E+02
    -0.8193909E+02     0.3340999E+02
    -0.8194415E+02     0.3340985E+02
    -0.8194852E+02     0.3340814E+02
    -0.8195006E+02     0.3340704E+02
    -0.8194997E+02     0.3340466E+02
    -0.8194830E+02     0.3340231E+02
    -0.8194432E+02     0.3339765E+02
    -0.8194193E+02     0.3339294E+02
    -0.8193840E+02     0.3338322E+02
    -0.8193471E+02     0.3337749E+02
    -0.8193275E+02     0.3337595E+02
    -0.8193330E+02     0.3337381E+02
    -0.8193565E+02     0.3336924E+02
    -0.8194069E+02     0.3336857E+02
    -0.8194904E+02     0.3337180E+02
    -0.8195093E+02     0.3337174E+02
    -0.8195207E+02     0.3336853E+02
    -0.8195135E+02     0.3336616E+02
    -0.8194440E+02     0.3335786E+02
    -0.8194236E+02     0.3335421E+02
    -0.8194621E+02     0.3334747E+02
    -0.8194490E+02     0.3334618E+02
    -0.8194170E+02     0.3334494E+02
    -0.8193375E+02     0.3334383E+02
    -0.8192957E+02     0.3334209E+02
    -0.8191963E+02     0.3332989E+02
    -0.8191764E+02     0.3332729E+02
    -0.8191695E+02     0.3332572E+02
    -0.8191409E+02     0.3332526E+02
    -0.8191168E+02     0.3332851E+02
    -0.8191139E+02     0.3332932E+02
    -0.8190798E+02     0.3333100E+02
    -0.8190601E+02     0.3332893E+02
    -0.8190529E+02     0.3332656E+02
    -0.8190452E+02     0.3332287E+02
    -0.8190102E+02     0.3332217E+02
    -0.8189877E+02     0.3332117E+02
    -0.8189873E+02     0.3332011E+02
    -0.8189835E+02     0.3331852E+02
    -0.8189701E+02     0.3331644E+02
    -0.8189321E+02     0.3331628E+02
    -0.8188998E+02     0.3331450E+02
    -0.8188981E+02     0.3330973E+02
    -0.8188837E+02     0.3330500E+02
    -0.8188397E+02     0.3330565E+02
    -0.8188155E+02     0.3330863E+02
    -0.8188101E+02     0.3331103E+02
    -0.8187600E+02     0.3331222E+02
    -0.8187310E+02     0.3331071E+02
    -0.8187179E+02     0.3330942E+02
    -0.8187232E+02     0.3330675E+02
    -0.8187162E+02     0.3330491E+02
    -0.8187064E+02     0.3330414E+02
    -0.8186783E+02     0.3330475E+02
    -0.8186565E+02     0.3330587E+02
    -0.8186125E+02     0.3330651E+02
    -0.8185905E+02     0.3330684E+02
    -0.8185744E+02     0.3330608E+02
    -0.8185674E+02     0.3330398E+02
    -0.8185632E+02     0.3330134E+02
    -0.8185998E+02     0.3329753E+02
    -0.8186720E+02     0.3329628E+02
    -0.8186688E+02     0.3328780E+02
    -0.8186074E+02     0.3328399E+02
    -0.8185750E+02     0.3328168E+02
    -0.8185303E+02     0.3328048E+02
    -0.8184916E+02     0.3327819E+02
    -0.8184688E+02     0.3327639E+02
    -0.8184460E+02     0.3327433E+02
    -0.8184201E+02     0.3327281E+02
    -0.8184181E+02     0.3326725E+02
    -0.8184299E+02     0.3326509E+02
    -0.8184613E+02     0.3326448E+02
    -0.8184956E+02     0.3326333E+02
    -0.8185233E+02     0.3326114E+02
    -0.8185345E+02     0.3325740E+02
    -0.8185333E+02     0.3325422E+02
    -0.8185483E+02     0.3325206E+02
    -0.8185596E+02     0.3324831E+02
    -0.8185487E+02     0.3324437E+02
    -0.8185194E+02     0.3324205E+02
    -0.8184611E+02     0.3323796E+02
    -0.8183736E+02     0.3323183E+02
    -0.8183157E+02     0.3322880E+02
    -0.8182638E+02     0.3322496E+02
    -0.8181871E+02     0.3322250E+02
    -0.8181646E+02     0.3322124E+02
    -0.8181467E+02     0.3321545E+02
    -0.8181194E+02     0.3320995E+02
    -0.8180584E+02     0.3320693E+02
    -0.8179473E+02     0.3320509E+02
    -0.8178969E+02     0.3320522E+02
    -0.8178533E+02     0.3320692E+02
    -0.8178478E+02     0.3320933E+02
    -0.8178427E+02     0.3321252E+02
    -0.8178316E+02     0.3321679E+02
    -0.8178133E+02     0.3321843E+02
    -0.8177750E+02     0.3321721E+02
    -0.8177557E+02     0.3321646E+02
    -0.8177364E+02     0.3321545E+02
    -0.8177099E+02     0.3321180E+02
    -0.8177009E+02     0.3320414E+02
    -0.8176778E+02     0.3320128E+02
    -0.8176575E+02     0.3319762E+02
    -0.8176501E+02     0.3319472E+02
    -0.8176642E+02     0.3318991E+02
    -0.8176875E+02     0.3318428E+02
    -0.8177147E+02     0.3318103E+02
    -0.8177317E+02     0.3317569E+02
    -0.8177366E+02     0.3317170E+02
    -0.8177150E+02     0.3316433E+02
    -0.8176917E+02     0.3316094E+02
    -0.8176428E+02     0.3315629E+02
    -0.8175603E+02     0.3314616E+02
    -0.8174720E+02     0.3313710E+02
    -0.8173946E+02     0.3313200E+02
    -0.8173199E+02     0.3312609E+02
    -0.8172909E+02     0.3312404E+02
    -0.8172556E+02     0.3312227E+02
    -0.8172173E+02     0.3312078E+02
    -0.8171853E+02     0.3311953E+02
    -0.8171370E+02     0.3311674E+02
    -0.8170728E+02     0.3311345E+02
    -0.8169835E+02     0.3311023E+02
    -0.8169199E+02     0.3310880E+02
    -0.8168628E+02     0.3310761E+02
    -0.8167960E+02     0.3310566E+02
    -0.8167161E+02     0.3310267E+02
    -0.8166618E+02     0.3310069E+02
    -0.8166041E+02     0.3309765E+02
    -0.8165392E+02     0.3309224E+02
    -0.8164945E+02     0.3309050E+02
    -0.8164658E+02     0.3308924E+02
    -0.8163402E+02     0.3309061E+02
    -0.8162553E+02     0.3309134E+02
    -0.8162207E+02     0.3309143E+02
    -0.8162078E+02     0.3309066E+02
    -0.8161949E+02     0.3308963E+02
    -0.8161940E+02     0.3308699E+02
    -0.8161864E+02     0.3308329E+02
    -0.8161697E+02     0.3308042E+02
    -0.8161412E+02     0.3307996E+02
    -0.8161095E+02     0.3307950E+02
    -0.8160757E+02     0.3308170E+02
    -0.8160436E+02     0.3308019E+02
    -0.8160426E+02     0.3307701E+02
    -0.8160479E+02     0.3307409E+02
    -0.8160631E+02     0.3307246E+02
    -0.8160594E+02     0.3307087E+02
    -0.8160212E+02     0.3306964E+02
    -0.8159895E+02     0.3306892E+02
    -0.8159390E+02     0.3306878E+02
    -0.8158909E+02     0.3306624E+02
    -0.8158617E+02     0.3306366E+02
    -0.8158358E+02     0.3306160E+02
    -0.8158165E+02     0.3306033E+02
    -0.8157862E+02     0.3305457E+02
    -0.8157604E+02     0.3305277E+02
    -0.8157352E+02     0.3305283E+02
    -0.8156948E+02     0.3305425E+02
    -0.8156818E+02     0.3305322E+02
    -0.8156808E+02     0.3305005E+02
    -0.8156794E+02     0.3304581E+02
    -0.8156754E+02     0.3304343E+02
    -0.8156435E+02     0.3304192E+02
    -0.8156025E+02     0.3304175E+02
    -0.8155492E+02     0.3304267E+02
    -0.8155278E+02     0.3304457E+02
    -0.8154897E+02     0.3304361E+02
    -0.8154473E+02     0.3303920E+02
    -0.8153897E+02     0.3303642E+02
    -0.8153579E+02     0.3303543E+02
    -0.8153190E+02     0.3303181E+02
    -0.8152866E+02     0.3302897E+02
    -0.8152194E+02     0.3302595E+02
    -0.8152045E+02     0.3301883E+02
    -0.8151545E+02     0.3301020E+02
    -0.8150793E+02     0.3301117E+02
    -0.8150083E+02     0.3300576E+02
    -0.8150347E+02     0.3299987E+02
    -0.8150122E+02     0.3299833E+02
    -0.8149899E+02     0.3299733E+02
    -0.8149627E+02     0.3299129E+02
    -0.8149889E+02     0.3298487E+02
    -0.8149887E+02     0.3298407E+02
    -0.8150053E+02     0.3297714E+02
    -0.8150033E+02     0.3297078E+02
    -0.8150207E+02     0.3296624E+02
    -0.8150325E+02     0.3296383E+02
    -0.8151146E+02     0.3296469E+02
    -0.8151338E+02     0.3296597E+02
    -0.8151434E+02     0.3296622E+02
    -0.8151556E+02     0.3296513E+02
    -0.8151511E+02     0.3296116E+02
    -0.8151561E+02     0.3295691E+02
    -0.8151427E+02     0.3295429E+02
    -0.8151222E+02     0.3294957E+02
    -0.8150865E+02     0.3294620E+02
    -0.8150756E+02     0.3294146E+02
    -0.8150440E+02     0.3293146E+02
    -0.8150023E+02     0.3292864E+02
    -0.8149478E+02     0.3292558E+02
    -0.8149253E+02     0.3292405E+02
    -0.8149219E+02     0.3292326E+02
    -0.8149082E+02     0.3291985E+02
    -0.8148909E+02     0.3291485E+02
    -0.8148676E+02     0.3291066E+02
    -0.8148598E+02     0.3290617E+02
    -0.8148515E+02     0.3289983E+02
    -0.8148254E+02     0.3289671E+02
    -0.8148093E+02     0.3289542E+02
    -0.8147720E+02     0.3289683E+02
    -0.8147316E+02     0.3289852E+02
    -0.8147192E+02     0.3289907E+02
    -0.8147062E+02     0.3289751E+02
    -0.8147144E+02     0.3289352E+02
    -0.8147285E+02     0.3288872E+02
    -0.8147689E+02     0.3288730E+02
    -0.8148186E+02     0.3288559E+02
    -0.8148433E+02     0.3288395E+02
    -0.8148354E+02     0.3287919E+02
    -0.8148225E+02     0.3287790E+02
    -0.8147717E+02     0.3287616E+02
    -0.8147430E+02     0.3287516E+02
    -0.8146998E+02     0.3287738E+02
    -0.8146555E+02     0.3287643E+02
    -0.8146261E+02     0.3287305E+02
    -0.8145995E+02     0.3286834E+02
    -0.8145854E+02     0.3286360E+02
    -0.8145930E+02     0.3285802E+02
    -0.8146336E+02     0.3284732E+02
    -0.8146454E+02     0.3284491E+02
    -0.8146452E+02     0.3284411E+02
    -0.8146134E+02     0.3284312E+02
    -0.8145881E+02     0.3284239E+02
    -0.8145728E+02     0.3284348E+02
    -0.8145420E+02     0.3284567E+02
    -0.8145176E+02     0.3284785E+02
    -0.8144987E+02     0.3284789E+02
    -0.8144792E+02     0.3284582E+02
    -0.8144724E+02     0.3284424E+02
    -0.8144561E+02     0.3284216E+02
    -0.8144056E+02     0.3284148E+02
    -0.8143645E+02     0.3284052E+02
    -0.8143516E+02     0.3283948E+02
    -0.8143098E+02     0.3283666E+02
    -0.8143027E+02     0.3283403E+02
    -0.8143079E+02     0.3283030E+02
    -0.8143191E+02     0.3282604E+02
    -0.8143114E+02     0.3282182E+02
    -0.8142725E+02     0.3281766E+02
    -0.8142589E+02     0.3281425E+02
    -0.8142767E+02     0.3281129E+02
    -0.8142876E+02     0.3280597E+02
    -0.8143237E+02     0.3280058E+02
    -0.8143161E+02     0.3279662E+02
    -0.8142838E+02     0.3279352E+02
    -0.8142734E+02     0.3279036E+02
    -0.8142905E+02     0.3278502E+02
    -0.8142887E+02     0.3277919E+02
    -0.8142686E+02     0.3277500E+02
    -0.8142798E+02     0.3277073E+02
    -0.8142694E+02     0.3276784E+02
    -0.8142046E+02     0.3276110E+02
    -0.8141756E+02     0.3275878E+02
    -0.8141493E+02     0.3275513E+02
    -0.8141675E+02     0.3275296E+02
    -0.8142102E+02     0.3274916E+02
    -0.8142162E+02     0.3274809E+02
    -0.8142065E+02     0.3274731E+02
    -0.8141499E+02     0.3274691E+02
    -0.8141212E+02     0.3274538E+02
    -0.8141145E+02     0.3274381E+02
    -0.8141075E+02     0.3274170E+02
    -0.8141470E+02     0.3273737E+02
    -0.8141953E+02     0.3273143E+02
    -0.8142067E+02     0.3272770E+02
    -0.8141869E+02     0.3272483E+02
    -0.8141889E+02     0.3272111E+02
    -0.8142198E+02     0.3271945E+02
    -0.8142373E+02     0.3271517E+02
    -0.8142490E+02     0.3271249E+02
    -0.8142702E+02     0.3271033E+02
    -0.8142944E+02     0.3270709E+02
    -0.8142896E+02     0.3270206E+02
    -0.8142348E+02     0.3269742E+02
    -0.8141998E+02     0.3269564E+02
    -0.8141682E+02     0.3269466E+02
    -0.8141334E+02     0.3269368E+02
    -0.8141204E+02     0.3269238E+02
    -0.8141199E+02     0.3269079E+02
    -0.8141251E+02     0.3268733E+02
    -0.8141084E+02     0.3268393E+02
    -0.8140859E+02     0.3268238E+02
    -0.8140737E+02     0.3267340E+02
    -0.8140762E+02     0.3266121E+02
    -0.8140720E+02     0.3265751E+02
    -0.8140527E+02     0.3265596E+02
    -0.8140205E+02     0.3265338E+02
    -0.8140136E+02     0.3265128E+02
    -0.8140411E+02     0.3264909E+02
    -0.8141267E+02     0.3264201E+02
    -0.8141815E+02     0.3263712E+02
    -0.8141933E+02     0.3263470E+02
    -0.8141882E+02     0.3263021E+02
    -0.8141905E+02     0.3262660E+02
    -0.8141534E+02     0.3262127E+02
    -0.8141269E+02     0.3261621E+02
    -0.8140280E+02     0.3260711E+02
    -0.8139912E+02     0.3260298E+02
    -0.8139249E+02     0.3259591E+02
    -0.8138664E+02     0.3259062E+02
    -0.8138344E+02     0.3259039E+02
    -0.8137885E+02     0.3259140E+02
    -0.8137637E+02     0.3259175E+02
    -0.8137458E+02     0.3259149E+02
    -0.8137008E+02     0.3258377E+02
    -0.8136821E+02     0.3258080E+02
    -0.8136572E+02     0.3258056E+02
    -0.8136110E+02     0.3258066E+02
    -0.8135961E+02     0.3257859E+02
    -0.8135984E+02     0.3257437E+02
    -0.8135655E+02     0.3257143E+02
    -0.8133858E+02     0.3256491E+02
    -0.8132888E+02     0.3256151E+02
    -0.8131998E+02     0.3256111E+02
    -0.8131609E+02     0.3256179E+02
    -0.8131113E+02     0.3256190E+02
    -0.8130547E+02     0.3256293E+02
    -0.8130261E+02     0.3256239E+02
    -0.8130148E+02     0.3256031E+02
    -0.8129786E+02     0.3255798E+02
    -0.8129324E+02     0.3255807E+02
    -0.8128788E+02     0.3255699E+02
    -0.8128461E+02     0.3255495E+02
    -0.8128223E+02     0.3254628E+02
    -0.8128064E+02     0.3254060E+02
    -0.8128019E+02     0.3253730E+02
    -0.8127542E+02     0.3253228E+02
    -0.8125878E+02     0.3252211E+02
    -0.8125483E+02     0.3252069E+02
    -0.8124915E+02     0.3252081E+02
    -0.8124343E+02     0.3251943E+02
    -0.8124055E+02     0.3251799E+02
    -0.8123761E+02     0.3251474E+02
    -0.8123792E+02     0.3251293E+02
    -0.8123852E+02     0.3250930E+02
    -0.8123917E+02     0.3250718E+02
    -0.8123796E+02     0.3250240E+02
    -0.8121348E+02     0.3247824E+02
    -0.8120803E+02     0.3247414E+02
    -0.8120149E+02     0.3246886E+02
    -0.8119573E+02     0.3246598E+02
    -0.8119321E+02     0.3246482E+02
    -0.8119315E+02     0.3246242E+02
    -0.8119560E+02     0.3246147E+02
    -0.8119967E+02     0.3245477E+02
    -0.8120242E+02     0.3245170E+02
    -0.8120522E+02     0.3245044E+02
    -0.8120699E+02     0.3244980E+02
    -0.8120766E+02     0.3244858E+02
    -0.8120615E+02     0.3244561E+02
    -0.8120642E+02     0.3244259E+02
    -0.8120741E+02     0.3243987E+02
    -0.8120938E+02     0.3243441E+02
    -0.8120925E+02     0.3242990E+02
    -0.8120731E+02     0.3242392E+02
    -0.8120390E+02     0.3241743E+02
    -0.8119450E+02     0.3240822E+02
    -0.8118847E+02     0.3240226E+02
    -0.8118241E+02     0.3239574E+02
    -0.8118098E+02     0.3239135E+02
    -0.8118214E+02     0.3238634E+02
    -0.8118337E+02     0.3238355E+02
    -0.8118327E+02     0.3238023E+02
    -0.8118121E+02     0.3237640E+02
    -0.8117654E+02     0.3237262E+02
    -0.8117579E+02     0.3236932E+02
    -0.8117500E+02     0.3236435E+02
    -0.8117427E+02     0.3236160E+02
    -0.8117289E+02     0.3235886E+02
    -0.8116631E+02     0.3235678E+02
    -0.8116357E+02     0.3235242E+02
    -0.8116283E+02     0.3234911E+02
    -0.8116276E+02     0.3234635E+02
    -0.8116331E+02     0.3234301E+02
    -0.8115872E+02     0.3234200E+02
    -0.8115683E+02     0.3234425E+02
    -0.8115365E+02     0.3234708E+02
    -0.8115045E+02     0.3234937E+02
    -0.8114852E+02     0.3235051E+02
    -0.8114722E+02     0.3235054E+02
    -0.8114587E+02     0.3234890E+02
    -0.8114116E+02     0.3234347E+02
    -0.8113448E+02     0.3233807E+02
    -0.8113441E+02     0.3233530E+02
    -0.8113823E+02     0.3233191E+02
    -0.8113946E+02     0.3232911E+02
    -0.8113805E+02     0.3232527E+02
    -0.8113654E+02     0.3231811E+02
    -0.8113564E+02     0.3230927E+02
    -0.8112974E+02     0.3230773E+02
    -0.8112836E+02     0.3230499E+02
    -0.8112724E+02     0.3228786E+02
    -0.8112778E+02     0.3228398E+02
    -0.8113031E+02     0.3228116E+02
    -0.8113087E+02     0.3227783E+02
    -0.8113277E+02     0.3227613E+02
    -0.8113731E+02     0.3227493E+02
    -0.8113923E+02     0.3227379E+02
    -0.8114248E+02     0.3227372E+02
    -0.8114509E+02     0.3227367E+02
    -0.8114629E+02     0.3227032E+02
    -0.8114743E+02     0.3226421E+02
    -0.8115117E+02     0.3225805E+02
    -0.8115363E+02     0.3225302E+02
    -0.8115867E+02     0.3224683E+02
    -0.8116059E+02     0.3224569E+02
    -0.8116109E+02     0.3224014E+02
    -0.8115768E+02     0.3223468E+02
    -0.8115358E+02     0.3222757E+02
    -0.8115591E+02     0.3221812E+02
    -0.8115707E+02     0.3221256E+02
    -0.8115694E+02     0.3220814E+02
    -0.8115875E+02     0.3220312E+02
    -0.8116120E+02     0.3219754E+02
    -0.8116234E+02     0.3219143E+02
    -0.8116225E+02     0.3218867E+02
    -0.8116085E+02     0.3218482E+02
    -0.8116063E+02     0.3217708E+02
    -0.8115652E+02     0.3216942E+02
    -0.8115652E+02     0.3216942E+02
    -0.8115255E+02     0.3216870E+02
    -0.8114836E+02     0.3216668E+02
    -0.8114575E+02     0.3216216E+02
    -0.8114433E+02     0.3215585E+02
    -0.8114069E+02     0.3214396E+02
    -0.8113943E+02     0.3214293E+02
    -0.8113231E+02     0.3213991E+02
    -0.8112891E+02     0.3213681E+02
    -0.8112674E+02     0.3213298E+02
    -0.8112408E+02     0.3212671E+02
    -0.8112230E+02     0.3212181E+02
    -0.8112048E+02     0.3211587E+02
    -0.8111701E+02     0.3210996E+02
    -0.8111023E+02     0.3210411E+02
    -0.8109731E+02     0.3210050E+02
    -0.8108476E+02     0.3209512E+02
    -0.8105135E+02     0.3208241E+02
    -0.8104634E+02     0.3208075E+02
    -0.8103893E+02     0.3208160E+02
    -0.8103239E+02     0.3208454E+02
    -0.8102664E+02     0.3208606E+02
    -0.8101958E+02     0.3208479E+02
    -0.8101331E+02     0.3208245E+02
    -0.8100744E+02     0.3207904E+02
    -0.8100072E+02     0.3207530E+02
    -0.8098904E+02     0.3207095E+02
    -0.8098360E+02     0.3206824E+02
    -0.8097898E+02     0.3206551E+02
    -0.8097269E+02     0.3206176E+02
    -0.8096386E+02     0.3205595E+02
    -0.8096004E+02     0.3205215E+02
    -0.8095112E+02     0.3204247E+02
    -0.8094189E+02     0.3203701E+02
    -0.8093310E+02     0.3203260E+02
    -0.8091599E+02     0.3202588E+02
    -0.8090141E+02     0.3202087E+02
    -0.8089643E+02     0.3201991E+02
    -0.8088839E+02     0.3201651E+02
    -0.8088839E+02     0.3201651E+02
    -0.8087599E+02     0.3201658E+02
    -0.8085197E+02     0.3202396E+02
    -0.8085004E+02     0.3202262E+02
    -0.8084644E+02     0.3200963E+02
    -0.8084508E+02     0.3200000E+02
    -0.8084676E+02     0.3199645E+02
    -0.8084747E+02     0.3199048E+02
    -0.8085072E+02     0.3199250E+02
    -0.8085072E+02     0.3199250E+02
    -0.8085445E+02     0.3199062E+02
    -0.8085665E+02     0.3199288E+02
    -0.8085665E+02     0.3199288E+02
    -0.8085975E+02     0.3198597E+02
    -0.8085555E+02     0.3197641E+02
    -0.8085708E+02     0.3197227E+02
    -0.8089509E+02     0.3194886E+02
    -0.8089726E+02     0.3195021E+02
    -0.8089466E+02     0.3195460E+02
    -0.8090059E+02     0.3195543E+02
    -0.8090594E+02     0.3195444E+02
    -0.8091116E+02     0.3194613E+02
    -0.8092078E+02     0.3194325E+02
    -0.8092751E+02     0.3194362E+02
    -0.8092258E+02     0.3195285E+02
    -0.8092944E+02     0.3196031E+02
    -0.8092576E+02     0.3196471E+02
    -0.8092190E+02     0.3197393E+02
    -0.8092199E+02     0.3197851E+02
    -0.8092199E+02     0.3197851E+02
    -0.8092764E+02     0.3197866E+02
    -0.8092764E+02     0.3197866E+02
    -0.8092918E+02     0.3197474E+02
    -0.8093341E+02     0.3197125E+02
    -0.8094725E+02     0.3196419E+02
    -0.8096332E+02     0.3197474E+02
    -0.8096461E+02     0.3197220E+02
    -0.8095854E+02     0.3196404E+02
    -0.8095178E+02     0.3196207E+02
    -0.8094797E+02     0.3195914E+02
    -0.8095432E+02     0.3195402E+02
    -0.8095967E+02     0.3195303E+02
    -0.8096333E+02     0.3194771E+02
    -0.8096655E+02     0.3194721E+02
    -0.8097025E+02     0.3194372E+02
    -0.8097292E+02     0.3194323E+02
    -0.8098301E+02     0.3195065E+02
    -0.8098301E+02     0.3195065E+02
    -0.8098961E+02     0.3194437E+02
    -0.8098961E+02     0.3194437E+02
    -0.8098608E+02     0.3194236E+02
    -0.8098521E+02     0.3193916E+02
    -0.8098671E+02     0.3193365E+02
    -0.8099339E+02     0.3193126E+02
    -0.8098928E+02     0.3192743E+02
    -0.8098861E+02     0.3192056E+02
    -0.8098196E+02     0.3192455E+02
    -0.8097847E+02     0.3192414E+02
    -0.8097104E+02     0.3191813E+02
    -0.8096427E+02     0.3191266E+02
    -0.8094789E+02     0.3191288E+02
    -0.8094067E+02     0.3191458E+02
    -0.8093203E+02     0.3191241E+02
    -0.8093089E+02     0.3190922E+02
    -0.8093241E+02     0.3190416E+02
    -0.8094006E+02     0.3189650E+02
    -0.8098325E+02     0.3186613E+02
    -0.8098878E+02     0.3186009E+02
    -0.8099385E+02     0.3185865E+02
    -0.8099928E+02     0.3186178E+02
    -0.8100314E+02     0.3186654E+02
    -0.8100314E+02     0.3186654E+02
    -0.8101147E+02     0.3186564E+02
    -0.8101147E+02     0.3186564E+02
    -0.8101733E+02     0.3186427E+02
    -0.8102406E+02     0.3186509E+02
    -0.8103680E+02     0.3187132E+02
    -0.8105410E+02     0.3187680E+02
    -0.8106752E+02     0.3187638E+02
    -0.8107738E+02     0.3188586E+02
    -0.8107738E+02     0.3188586E+02
    -0.8108804E+02     0.3188135E+02
    -0.8108804E+02     0.3188135E+02
    -0.8108022E+02     0.3186658E+02
    -0.8108177E+02     0.3186403E+02
    -0.8108629E+02     0.3186168E+02
    -0.8108890E+02     0.3185774E+02
    -0.8109315E+02     0.3185562E+02
    -0.8109315E+02     0.3185562E+02
    -0.8108382E+02     0.3184568E+02
    -0.8108292E+02     0.3184134E+02
    -0.8107497E+02     0.3183344E+02
    -0.8107136E+02     0.3182730E+02
    -0.8107136E+02     0.3182730E+02
    -0.8106649E+02     0.3182554E+02
    -0.8105560E+02     0.3181768E+02
    -0.8104843E+02     0.3182168E+02
    -0.8104409E+02     0.3181945E+02
    -0.8103890E+02     0.3181495E+02
    -0.8103931E+02     0.3180830E+02
    -0.8105232E+02     0.3178370E+02
    -0.8105482E+02     0.3177898E+02
    -0.8106056E+02     0.3177088E+02
    -0.8106689E+02     0.3176552E+02
    -0.8107436E+02     0.3176358E+02
    -0.8107967E+02     0.3176029E+02
    -0.8108691E+02     0.3176064E+02
    -0.8113010E+02     0.3172106E+02
    -0.8113892E+02     0.3171955E+02
    -0.8114346E+02     0.3173185E+02
    -0.8114928E+02     0.3174116E+02
    -0.8115670E+02     0.3174929E+02
    -0.8116853E+02     0.3175565E+02
    -0.8116853E+02     0.3175565E+02
    -0.8117408E+02     0.3175397E+02
    -0.8117408E+02     0.3175397E+02
    -0.8116100E+02     0.3173709E+02
    -0.8116695E+02     0.3172669E+02
    -0.8117527E+02     0.3172679E+02
    -0.8118851E+02     0.3173117E+02
    -0.8119395E+02     0.3173498E+02
    -0.8120229E+02     0.3173600E+02
    -0.8120229E+02     0.3173600E+02
    -0.8120517E+02     0.3172037E+02
    -0.8120517E+02     0.3172037E+02
    -0.8119077E+02     0.3171120E+02
    -0.8118768E+02     0.3170506E+02
    -0.8118652E+02     0.3170096E+02
    -0.8119141E+02     0.3169149E+02
    -0.8119141E+02     0.3169149E+02
    -0.8118639E+02     0.3168217E+02
    -0.8118639E+02     0.3168217E+02
    -0.8117075E+02     0.3169066E+02
    -0.8115437E+02     0.3168953E+02
    -0.8115340E+02     0.3169413E+02
    -0.8114863E+02     0.3169695E+02
    -0.8114062E+02     0.3169868E+02
    -0.8113494E+02     0.3169624E+02
    -0.8113239E+02     0.3168986E+02
    -0.8113503E+02     0.3167447E+02
    -0.8113177E+02     0.3165986E+02
    -0.8113120E+02     0.3164543E+02
    -0.8113209E+02     0.3163625E+02
    -0.8113576E+02     0.3163230E+02
    -0.8112896E+02     0.3162782E+02
    -0.8113652E+02     0.3161763E+02
    -0.8115374E+02     0.3158254E+02
    -0.8116718E+02     0.3155919E+02
    -0.8117855E+02     0.3155283E+02
    -0.8118157E+02     0.3155622E+02
    -0.8118309E+02     0.3156490E+02
    -0.8118702E+02     0.3157309E+02
    -0.8118145E+02     0.3158830E+02
    -0.8118539E+02     0.3159741E+02
    -0.8118539E+02     0.3159741E+02
    -0.8119658E+02     0.3159448E+02
    -0.8119992E+02     0.3160039E+02
    -0.8120840E+02     0.3160874E+02
    -0.8121762E+02     0.3161364E+02
    -0.8122201E+02     0.3161838E+02
    -0.8122201E+02     0.3161838E+02
    -0.8123353E+02     0.3161843E+02
    -0.8123815E+02     0.3162156E+02
    -0.8124211E+02     0.3163112E+02
    -0.8124607E+02     0.3162831E+02
    -0.8124863E+02     0.3162277E+02
    -0.8124743E+02     0.3161683E+02
    -0.8124441E+02     0.3161367E+02
    -0.8123552E+02     0.3161129E+02
    -0.8123360E+02     0.3160926E+02
    -0.8123457E+02     0.3160466E+02
    -0.8123314E+02     0.3160033E+02
    -0.8122823E+02     0.3159651E+02
    -0.8122133E+02     0.3159937E+02
    -0.8121356E+02     0.3159949E+02
    -0.8120651E+02     0.3159571E+02
    -0.8119926E+02     0.3158184E+02
    -0.8119827E+02     0.3157361E+02
    -0.8120137E+02     0.3156806E+02
    -0.8121476E+02     0.3155571E+02
    -0.8121957E+02     0.3155494E+02
    -0.8122495E+02     0.3155646E+02
    -0.8122815E+02     0.3155550E+02
    -0.8122944E+02     0.3155341E+02
    -0.8123610E+02     0.3155170E+02
    -0.8124466E+02     0.3155157E+02
    -0.8124466E+02     0.3155157E+02
    -0.8124467E+02     0.3153965E+02
    -0.8124789E+02     0.3154006E+02
    -0.8125027E+02     0.3153865E+02
    -0.8125912E+02     0.3152728E+02
    -0.8125912E+02     0.3152728E+02
    -0.8125824E+02     0.3152272E+02
    -0.8125824E+02     0.3152272E+02
    -0.8124889E+02     0.3152423E+02
    -0.8124269E+02     0.3152250E+02
    -0.8124269E+02     0.3152250E+02
    -0.8123422E+02     0.3152699E+02
    -0.8123206E+02     0.3152587E+02
    -0.8122056E+02     0.3152651E+02
    -0.8121672E+02     0.3152245E+02
    -0.8121414E+02     0.3152432E+02
    -0.8120222E+02     0.3153298E+02
    -0.8119447E+02     0.3153356E+02
    -0.8118389E+02     0.3152685E+02
    -0.8117350E+02     0.3151647E+02
    -0.8118301E+02     0.3151036E+02
    -0.8118926E+02     0.3150248E+02
    -0.8120702E+02     0.3146920E+02
    -0.8121124E+02     0.3146661E+02
    -0.8122086E+02     0.3145386E+02
    -0.8122561E+02     0.3145080E+02
    -0.8122904E+02     0.3144869E+02
    -0.8122940E+02     0.3144043E+02
    -0.8123279E+02     0.3143625E+02
    -0.8123960E+02     0.3142973E+02
    -0.8124477E+02     0.3142185E+02
    -0.8125323E+02     0.3141691E+02
    -0.8126101E+02     0.3139386E+02
    -0.8126905E+02     0.3138273E+02
    -0.8127867E+02     0.3138258E+02
    -0.8128220E+02     0.3138504E+02
    -0.8129024E+02     0.3139775E+02
    -0.8129024E+02     0.3139775E+02
    -0.8129832E+02     0.3137630E+02
    -0.8129832E+02     0.3137630E+02
    -0.8129424E+02     0.3137339E+02
    -0.8129415E+02     0.3136949E+02
    -0.8129809E+02     0.3136599E+02
    -0.8128544E+02     0.3136207E+02
    -0.8128207E+02     0.3135456E+02
    -0.8128006E+02     0.3133648E+02
    -0.8128150E+02     0.3132913E+02
    -0.8128564E+02     0.3132333E+02
    -0.8129235E+02     0.3132437E+02
    -0.8129928E+02     0.3132357E+02
    -0.8129928E+02     0.3132357E+02
    -0.8130144E+02     0.3131253E+02
    -0.8130144E+02     0.3131253E+02
    -0.8129895E+02     0.3130890E+02
    -0.8129572E+02     0.3130804E+02
    -0.8128891E+02     0.3130196E+02
    -0.8128831E+02     0.3129922E+02
    -0.8129270E+02     0.3129227E+02
    -0.8128513E+02     0.3128803E+02
    -0.8128532E+02     0.3127244E+02
    -0.8127938E+02     0.3126933E+02
    -0.8127742E+02     0.3126524E+02
    -0.8128093E+02     0.3125486E+02
    -0.8128194E+02     0.3124063E+02
    -0.8128844E+02     0.3123273E+02
    -0.8129194E+02     0.3122167E+02
    -0.8129667E+02     0.3121839E+02
    -0.8130470E+02     0.3121963E+02
    -0.8130634E+02     0.3122144E+02
    -0.8130634E+02     0.3122144E+02
    -0.8130946E+02     0.3121726E+02
    -0.8130946E+02     0.3121726E+02
    -0.8130828E+02     0.3121247E+02
    -0.8132458E+02     0.3120143E+02
    -0.8133480E+02     0.3119193E+02
    -0.8133739E+02     0.3118952E+02
    -0.8136155E+02     0.3116092E+02
    -0.8136613E+02     0.3115099E+02
    -0.8137664E+02     0.3114439E+02
    -0.8138131E+02     0.3113858E+02
    -0.8139325E+02     0.3113586E+02
    -0.8139992E+02     0.3113597E+02
    -0.8141065E+02     0.3113877E+02
    -0.8141718E+02     0.3115540E+02
    -0.8141648E+02     0.3115977E+02
    -0.8140974E+02     0.3116859E+02
    -0.8141506E+02     0.3116781E+02
    -0.8142164E+02     0.3116380E+02
    -0.8142616E+02     0.3116281E+02
    -0.8143182E+02     0.3116569E+02
    -0.8143632E+02     0.3115277E+02
    -0.8144271E+02     0.3115244E+02
    -0.8143610E+02     0.3114361E+02
    -0.8143787E+02     0.3113945E+02
    -0.8143509E+02     0.3113445E+02
    -0.8144054E+02     0.3112840E+02
    -0.8144459E+02     0.3111893E+02
    -0.8145294E+02     0.3111122E+02
    -0.8145853E+02     0.3111066E+02
    -0.8146822E+02     0.3111485E+02
    -0.8146822E+02     0.3111485E+02
    -0.8147269E+02     0.3111179E+02
    -0.8147549E+02     0.3110624E+02
    -0.8147549E+02     0.3110624E+02
    -0.8147644E+02     0.3110141E+02
    -0.8147080E+02     0.3109990E+02
    -0.8146371E+02     0.3109292E+02
    -0.8146371E+02     0.3109292E+02
    -0.8145841E+02     0.3109461E+02
    -0.8144072E+02     0.3109056E+02
    -0.8144072E+02     0.3109056E+02
    -0.8143813E+02     0.3109405E+02
    -0.8142634E+02     0.3110250E+02
    -0.8142018E+02     0.3111293E+02
    -0.8141160E+02     0.3112202E+02
    -0.8140731E+02     0.3112117E+02
    -0.8140316E+02     0.3111482E+02
    -0.8140061E+02     0.3108529E+02
    -0.8140382E+02     0.3106276E+02
    -0.8141039E+02     0.3104706E+02
    -0.8141175E+02     0.3104193E+02
    -0.8141504E+02     0.3102955E+02
    -0.8142298E+02     0.3101612E+02
    -0.8142776E+02     0.3101558E+02
    -0.8143506E+02     0.3101981E+02
    -0.8143506E+02     0.3101981E+02
    -0.8144536E+02     0.3101619E+02
    -0.8144875E+02     0.3101269E+02
    -0.8145564E+02     0.3101166E+02
    -0.8145564E+02     0.3101166E+02
    -0.8146407E+02     0.3099615E+02
    -0.8147333E+02     0.3099346E+02
    -0.8148198E+02     0.3098780E+02
    -0.8148198E+02     0.3098780E+02
    -0.8147851E+02     0.3097617E+02
    -0.8147491E+02     0.3097073E+02
    -0.8147491E+02     0.3097073E+02
    -0.8147202E+02     0.3097216E+02
    -0.8146721E+02     0.3097155E+02
    -0.8145407E+02     0.3096765E+02
    -0.8144979E+02     0.3096704E+02
    -0.8144759E+02     0.3096387E+02
    -0.8144480E+02     0.3094740E+02
    -0.8144480E+02     0.3094740E+02
    -0.8143603E+02     0.3093655E+02
    -0.8143603E+02     0.3093655E+02
    -0.8143236E+02     0.3093891E+02
    -0.8142237E+02     0.3096705E+02
    -0.8141827E+02     0.3097400E+02
    -0.8141304E+02     0.3097822E+02
    -0.8140879E+02     0.3097852E+02
    -0.8140662E+02     0.3097696E+02
    -0.8140434E+02     0.3097012E+02
    -0.8140567E+02     0.3095886E+02
    -0.8140445E+02     0.3095223E+02
    -0.8141132E+02     0.3093881E+02
    -0.8141676E+02     0.3093229E+02
    -0.8141618E+02     0.3092978E+02
    -0.8141352E+02     0.3093028E+02
    -0.8140714E+02     0.3094209E+02
    -0.8140270E+02     0.3094561E+02
    -0.8140192E+02     0.3094407E+02
    -0.8140075E+02     0.3094174E+02
    -0.8140088E+02     0.3093600E+02
    -0.8140340E+02     0.3092977E+02
    -0.8140269E+02     0.3092221E+02
    -0.8140503E+02     0.3090841E+02
    -0.8142152E+02     0.3085126E+02
    -0.8143040E+02     0.3083298E+02
    -0.8143561E+02     0.3082785E+02
    -0.8143777E+02     0.3082412E+02
    -0.8144353E+02     0.3081418E+02
    -0.8145820E+02     0.3077126E+02
    -0.8146052E+02     0.3075700E+02
    -0.8145967E+02     0.3074371E+02
    -0.8145007E+02     0.3071957E+02
    -0.8145181E+02     0.3071449E+02
    -0.8145181E+02     0.3071449E+02
    -0.8144738E+02     0.3070822E+02
    -0.8144738E+02     0.3070822E+02
    -0.8147817E+02     0.3070953E+02
    -0.8149395E+02     0.3072484E+02
    -0.8153058E+02     0.3072326E+02
    -0.8153584E+02     0.3072087E+02
    -0.8153436E+02     0.3071494E+02
    -0.8153799E+02     0.3071120E+02
    -0.8154383E+02     0.3071132E+02
    -0.8154792E+02     0.3071560E+02
    -0.8155219E+02     0.3071622E+02
    -0.8156035E+02     0.3071308E+02
    -0.8156035E+02     0.3071308E+02
    -0.8156199E+02     0.3071300E+02
    -0.8156516E+02     0.3071699E+02
    -0.8156931E+02     0.3071813E+02
    -0.8158214E+02     0.3072111E+02
    -0.8158595E+02     0.3072448E+02
    -0.8159454E+02     0.3071790E+02
    -0.8159774E+02     0.3071830E+02
    -0.8160031E+02     0.3072536E+02
    -0.8160326E+02     0.3072668E+02
    -0.8160716E+02     0.3072317E+02
    -0.8160801E+02     0.3072019E+02
    -0.8160887E+02     0.3071717E+02
    -0.8161179E+02     0.3071689E+02
    -0.8161666E+02     0.3072047E+02
    -0.8162197E+02     0.3072037E+02
    -0.8162436E+02     0.3073088E+02
    -0.8162708E+02     0.3073335E+02
    -0.8163436E+02     0.3072702E+02
    -0.8163843E+02     0.3073038E+02
    -0.8164900E+02     0.3072835E+02
    -0.8165356E+02     0.3073010E+02
    -0.8165553E+02     0.3073419E+02
    -0.8165511E+02     0.3073879E+02
    -0.8165944E+02     0.3074169E+02
    -0.8166387E+02     0.3074871E+02
    -0.8166923E+02     0.3075022E+02
    -0.8167400E+02     0.3074990E+02
    -0.8167767E+02     0.3074754E+02
    -0.8167680E+02     0.3074480E+02
    -0.8167033E+02     0.3074125E+02
    -0.8167370E+02     0.3073821E+02
    -0.8168062E+02     0.3073853E+02
    -0.8168920E+02     0.3074158E+02
    -0.8169480E+02     0.3074580E+02
    -0.8169543E+02     0.3074628E+02
    -0.8170419E+02     0.3074527E+02
    -0.8170419E+02     0.3074527E+02
    -0.8171455E+02     0.3073768E+02
    -0.8172227E+02     0.3073776E+02
    -0.8173408E+02     0.3074234E+02
    -0.8175857E+02     0.3076365E+02
    -0.8176897E+02     0.3076505E+02
    -0.8177773E+02     0.3075478E+02
    -0.8178435E+02     0.3075373E+02
    -0.8178813E+02     0.3075595E+02
    -0.8179635E+02     0.3077460E+02
    -0.8179979E+02     0.3078278E+02
    -0.8179979E+02     0.3078278E+02
    -0.8180870E+02     0.3078788E+02
    -0.8181323E+02     0.3078848E+02
    -0.8183766E+02     0.3078730E+02
    -0.8184814E+02     0.3079168E+02
    -0.8186073E+02     0.3079486E+02
    -0.8186872E+02     0.3079539E+02
    -0.8188255E+02     0.3080520E+02
    -0.8189151E+02     0.3082153E+02
    -0.8189857E+02     0.3082689E+02
    -0.8190338E+02     0.3082748E+02
    -0.8190496E+02     0.3081735E+02
    -0.8191320E+02     0.3081753E+02
    -0.8192678E+02     0.3081782E+02
    -0.8193759E+02     0.3082402E+02
    -0.8194321E+02     0.3082528E+02
    -0.8195090E+02     0.3082466E+02
    -0.8195589E+02     0.3082226E+02
    -0.8196023E+02     0.3081598E+02
    -0.8196723E+02     0.3079105E+02
    -0.8197229E+02     0.3078200E+02
    -0.8197823E+02     0.3077568E+02
    -0.8198436E+02     0.3077647E+02
    -0.8199934E+02     0.3078877E+02
    -0.8200471E+02     0.3079095E+02
    -0.8201294E+02     0.3079031E+02
    -0.8201690E+02     0.3078931E+02
    -0.8201999E+02     0.3078580E+02
    -0.8201460E+02     0.3077422E+02
    -0.8201411E+02     0.3076666E+02
    -0.8201679E+02     0.3075812E+02
    -0.8202357E+02     0.3075345E+02
    -0.8202357E+02     0.3075345E+02
    -0.8203813E+02     0.3074315E+02
    -0.8204063E+02     0.3072887E+02
    -0.8203636E+02     0.3070144E+02
    -0.8204929E+02     0.3065344E+02
    -0.8204929E+02     0.3065344E+02
    -0.8204794E+02     0.3065100E+02
    -0.8203966E+02     0.3063994E+02
    -0.8203004E+02     0.3061973E+02
    -0.8202820E+02     0.3061701E+02
    -0.8201534E+02     0.3059802E+02
    -0.8200818E+02     0.3057959E+02
    -0.8200679E+02     0.3056815E+02
    -0.8200853E+02     0.3055480E+02
    -0.8201716E+02     0.3052318E+02
    -0.8201505E+02     0.3051428E+02
    -0.8201848E+02     0.3050457E+02
    -0.8201763E+02     0.3049658E+02
    -0.8201665E+02     0.3048740E+02
    -0.8201864E+02     0.3047986E+02
    -0.8201907E+02     0.3046574E+02
    -0.8201907E+02     0.3046574E+02
    -0.8202111E+02     0.3045376E+02
    -0.8203096E+02     0.3043726E+02
    -0.8203238E+02     0.3043149E+02
    -0.8203169E+02     0.3041705E+02
    -0.8203897E+02     0.3040335E+02
    -0.8203757E+02     0.3037448E+02
    -0.8203757E+02     0.3037448E+02
    -0.8203896E+02     0.3037012E+02
    -0.8204982E+02     0.3036116E+02
    -0.8205694E+02     0.3036009E+02
    -0.8206136E+02     0.3035747E+02
    -0.8207491E+02     0.3035878E+02
    -0.8208106E+02     0.3036094E+02
    -0.8209239E+02     0.3035908E+02
    -0.8210336E+02     0.3036297E+02
    -0.8210636E+02     0.3036589E+02
    -0.8211452E+02     0.3036433E+02
    -0.8212120E+02     0.3036625E+02
    -0.8213563E+02     0.3036180E+02
    -0.8214888E+02     0.3036219E+02
    -0.8215756E+02     0.3036016E+02
    -0.8216657E+02     0.3036041E+02
    -0.8217516E+02     0.3036435E+02
    -0.8218494E+02     0.3037239E+02
    -0.8219623E+02     0.3038636E+02
    -0.8220238E+02     0.3039701E+02
    -0.8220712E+02     0.3041603E+02
    -0.8220842E+02     0.3042119E+02
    -0.8220362E+02     0.3044187E+02
    -0.8220362E+02     0.3044187E+02
    -0.8220824E+02     0.3048835E+02
    -0.8221098E+02     0.3049953E+02
    -0.8222315E+02     0.3050705E+02
    -0.8222994E+02     0.3051779E+02
    -0.8224103E+02     0.3053600E+02
    -0.8222973E+02     0.3056471E+02
    -0.8223038E+02     0.3056883E+02
    -0.8231185E+02     0.3057454E+02
    -0.8233570E+02     0.3057621E+02
    -0.8247107E+02     0.3058389E+02
    -0.8249766E+02     0.3058549E+02
    -0.8264317E+02     0.3059417E+02
    -0.8278870E+02     0.3060269E+02
    -0.8289130E+02     0.3060861E+02
    -0.8291397E+02     0.3061119E+02
    -0.8294029E+02     0.3061203E+02
    -0.8299992E+02     0.3061478E+02
    -0.8302168E+02     0.3061592E+02
    -0.8303797E+02     0.3061844E+02
    -0.8306985E+02     0.3061889E+02
    -0.8308053E+02     0.3062041E+02
    -0.8308798E+02     0.3062088E+02
    -0.8309328E+02     0.3062030E+02
    -0.8309728E+02     0.3062107E+02
    -0.8311624E+02     0.3062169E+02
    -0.8320132E+02     0.3062647E+02
    -0.8320668E+02     0.3062745E+02
    -0.8321044E+02     0.3062849E+02
    -0.8322452E+02     0.3062852E+02
    -0.8325112E+02     0.3062978E+02
    -0.8328903E+02     0.3062816E+02
    -0.8332821E+02     0.3063154E+02
    -0.8335316E+02     0.3063220E+02
    -0.8337426E+02     0.3063401E+02
    -0.8337431E+02     0.3063515E+02
    -0.8341099E+02     0.3063584E+02
    -0.8341985E+02     0.3063831E+02
    -0.8342664E+02     0.3063773E+02
    -0.8343282E+02     0.3063721E+02
    -0.8357216E+02     0.3064617E+02
    -0.8368997E+02     0.3065262E+02
    -0.8375082E+02     0.3065591E+02
    -0.8376848E+02     0.3065875E+02
    -0.8377374E+02     0.3065765E+02
    -0.8383525E+02     0.3066059E+02
    -0.8383722E+02     0.3066069E+02
    -0.8388933E+02     0.3066353E+02
    -0.8390383E+02     0.3066692E+02
    -0.8391121E+02     0.3066551E+02
    -0.8398249E+02     0.3066916E+02
    -0.8402360E+02     0.3067093E+02
    -0.8403901E+02     0.3067092E+02
    -0.8405628E+02     0.3067090E+02
    -0.8406274E+02     0.3067251E+02
    -0.8407832E+02     0.3067056E+02
    -0.8410839E+02     0.3067130E+02
    -0.8418439E+02     0.3067556E+02
    -0.8418754E+02     0.3067574E+02
    -0.8420172E+02     0.3067774E+02
    -0.8425091E+02     0.3067819E+02
    -0.8425204E+02     0.3067953E+02
    -0.8425703E+02     0.3067819E+02
    -0.8427119E+02     0.3067973E+02
    -0.8428173E+02     0.3067795E+02
    -0.8429255E+02     0.3068167E+02
    -0.8432795E+02     0.3068353E+02
    -0.8447368E+02     0.3069107E+02
    -0.8448581E+02     0.3069165E+02
    -0.8462623E+02     0.3069827E+02
    -0.8463158E+02     0.3069863E+02
    -0.8473910E+02     0.3070563E+02
    -0.8475976E+02     0.3070432E+02
    -0.8477692E+02     0.3070719E+02
    -0.8477927E+02     0.3070605E+02
    -0.8479746E+02     0.3070805E+02
    -0.8480322E+02     0.3070643E+02
    -0.8483183E+02     0.3070915E+02
    -0.8483816E+02     0.3071302E+02
    -0.8484509E+02     0.3071342E+02
    -0.8487280E+02     0.3070491E+02
    -0.8487360E+02     0.3070949E+02
    -0.8487555E+02     0.3072064E+02
    -0.8491765E+02     0.3076409E+02
    -0.8492175E+02     0.3077058E+02
    -0.8492668E+02     0.3078713E+02
    -0.8493218E+02     0.3079493E+02
    -0.8493378E+02     0.3080626E+02
    -0.8493378E+02     0.3080626E+02
    -0.8493441E+02     0.3081068E+02
    -0.8493335E+02     0.3081072E+02
    -0.8493371E+02     0.3081850E+02
    -0.8493444E+02     0.3083455E+02
    -0.8493977E+02     0.3088575E+02
    -0.8496796E+02     0.3092197E+02
    -0.8497396E+02     0.3092591E+02
    -0.8497396E+02     0.3092591E+02
    -0.8498182E+02     0.3093107E+02
    -0.8498032E+02     0.3094234E+02
    -0.8498158E+02     0.3095950E+02
    -0.8500000E+02     0.3096719E+02
    -0.8500000E+02     0.3096719E+02
    -0.8500000E+02     0.3099901E+02
    -0.8500000E+02     0.3099960E+02
    -0.8500000E+02     0.3099960E+02
    -0.8499823E+02     0.3100098E+02
    -0.8499224E+02     0.3100766E+02
    -0.8500000E+02     0.3101908E+02
    -0.8500428E+02     0.3102532E+02
    -0.8500819E+02     0.3103421E+02
    -0.8501058E+02     0.3104882E+02
    -0.8501753E+02     0.3106270E+02
    -0.8502277E+02     0.3107697E+02
    -0.8502747E+02     0.3109073E+02
    -0.8503699E+02     0.3110811E+02
    -0.8505219E+02     0.3112480E+02
    -0.8506313E+02     0.3114659E+02
    -0.8507357E+02     0.3115870E+02
    -0.8508038E+02     0.3116555E+02
    -0.8508038E+02     0.3116555E+02
    -0.8508517E+02     0.3117037E+02
    -0.8509369E+02     0.3118624E+02
    -0.8509218E+02     0.3120067E+02
    -0.8509042E+02     0.3121894E+02
    -0.8509052E+02     0.3123440E+02
    -0.8509759E+02     0.3124682E+02
    -0.8510014E+02     0.3125951E+02
    -0.8510037E+02     0.3127305E+02
    -0.8510037E+02     0.3127305E+02
    -0.8509425E+02     0.3128048E+02
    -0.8508939E+02     0.3128604E+02
    -0.8508572E+02     0.3129891E+02
    -0.8508181E+02     0.3131562E+02
    -0.8508067E+02     0.3133296E+02
    -0.8508115E+02     0.3134264E+02
    -0.8508501E+02     0.3135249E+02
    -0.8508501E+02     0.3135249E+02
    -0.8508062E+02     0.3137643E+02
    -0.8507900E+02     0.3140099E+02
    -0.8507274E+02     0.3141904E+02
    -0.8506866E+02     0.3142947E+02
    -0.8506698E+02     0.3145498E+02
    -0.8506577E+02     0.3147328E+02
    -0.8505804E+02     0.3148787E+02
    -0.8505002E+02     0.3150680E+02
    -0.8504562E+02     0.3153895E+02
    -0.8504562E+02     0.3153895E+02
    -0.8504089E+02     0.3155079E+02
    -0.8504782E+02     0.3155692E+02
    -0.8505168E+02     0.3156677E+02
    -0.8505323E+02     0.3157747E+02
    -0.8505459E+02     0.3159106E+02
    -0.8505191E+02     0.3160590E+02
    -0.8506023E+02     0.3162513E+02
    -0.8506676E+02     0.3162883E+02
    -0.8506779E+02     0.3163033E+02
    -0.8506779E+02     0.3163033E+02
    -0.8507946E+02     0.3165890E+02
    -0.8509624E+02     0.3168723E+02
    -0.8511209E+02     0.3173821E+02
    -0.8513164E+02     0.3178502E+02
    -0.8513625E+02     0.3181807E+02
    -0.8513021E+02     0.3185833E+02
    -0.8511501E+02     0.3190008E+02
    -0.8509913E+02     0.3194324E+02
    -0.8508578E+02     0.3196528E+02
    -0.8506543E+02     0.3199857E+02
    -0.8506526E+02     0.3200000E+02
    -0.8506526E+02     0.3200000E+02
    -0.8506427E+02     0.3200703E+02
    -0.8505855E+02     0.3201856E+02
    -0.8505964E+02     0.3202513E+02
    -0.8506048E+02     0.3203631E+02
    -0.8506151E+02     0.3205002E+02
    -0.8505825E+02     0.3205453E+02
    -0.8505742E+02     0.3205943E+02
    -0.8505643E+02     0.3207019E+02
    -0.8505496E+02     0.3207868E+02
    -0.8505326E+02     0.3208796E+02
    -0.8505264E+02     0.3209564E+02
    -0.8505605E+02     0.3210107E+02
    -0.8505836E+02     0.3210808E+02
    -0.8505838E+02     0.3211624E+02
    -0.8505999E+02     0.3212176E+02
    -0.8506345E+02     0.3212642E+02
    -0.8506345E+02     0.3212642E+02
    -0.8506496E+02     0.3213184E+02
    -0.8505997E+02     0.3214384E+02
    -0.8505911E+02     0.3214665E+02
    -0.8504940E+02     0.3215708E+02
    -0.8503825E+02     0.3216645E+02
    -0.8501688E+02     0.3217992E+02
    -0.8501302E+02     0.3218236E+02
    -0.8500000E+02     0.3218808E+02
    -0.8497643E+02     0.3219844E+02
    -0.8497485E+02     0.3220244E+02
    -0.8498518E+02     0.3221357E+02
    -0.8498074E+02     0.3221888E+02
    -0.8497456E+02     0.3221945E+02
    -0.8495763E+02     0.3221742E+02
    -0.8493812E+02     0.3222380E+02
    -0.8493133E+02     0.3223038E+02
    -0.8492572E+02     0.3224173E+02
    -0.8492731E+02     0.3224485E+02
    -0.8492522E+02     0.3225018E+02
    -0.8491950E+02     0.3225406E+02
    -0.8490885E+02     0.3225615E+02
    -0.8490006E+02     0.3225917E+02
    -0.8489841E+02     0.3226130E+02
    -0.8489922E+02     0.3226406E+02
    -0.8490088E+02     0.3226678E+02
    -0.8490388E+02     0.3227051E+02
    -0.8491293E+02     0.3227552E+02
    -0.8493101E+02     0.3229219E+02
    -0.8494325E+02     0.3230001E+02
    -0.8495748E+02     0.3230541E+02
    -0.8500000E+02     0.3231890E+02
    -0.8500664E+02     0.3232101E+02
    -0.8501097E+02     0.3232788E+02
    -0.8500803E+02     0.3234206E+02
    -0.8500384E+02     0.3234736E+02
    -0.8500000E+02     0.3234932E+02
    -0.8499473E+02     0.3235201E+02
    -0.8499050E+02     0.3235684E+02
    -0.8498822E+02     0.3236226E+02
    -0.8498862E+02     0.3237073E+02
    -0.8497782E+02     0.3237479E+02
    -0.8497585E+02     0.3237720E+02
    -0.8498096E+02     0.3238013E+02
    -0.8498829E+02     0.3238040E+02
    -0.8499052E+02     0.3238464E+02
    -0.8498937E+02     0.3238723E+02
    -0.8497754E+02     0.3238836E+02
    -0.8497281E+02     0.3239024E+02
    -0.8497280E+02     0.3239368E+02
    -0.8498243E+02     0.3239888E+02
    -0.8498473E+02     0.3240403E+02
    -0.8498349E+02     0.3240893E+02
    -0.8497574E+02     0.3241373E+02
    -0.8496852E+02     0.3242195E+02
    -0.8496553E+02     0.3242878E+02
    -0.8496719E+02     0.3243259E+02
    -0.8497427E+02     0.3244001E+02
    -0.8499350E+02     0.3244995E+02
    -0.8499844E+02     0.3245404E+02
    -0.8499907E+02     0.3245880E+02
    -0.8500000E+02     0.3246407E+02
    -0.8499747E+02     0.3250027E+02
    -0.8500000E+02     0.3250935E+02
    -0.8500000E+02     0.3250935E+02
    -0.8500000E+02     0.3250996E+02
    -0.8500000E+02     0.3250996E+02
    -0.8500198E+02     0.3251265E+02
    -0.8500198E+02     0.3251265E+02
    -0.8500758E+02     0.3252166E+02
    -0.8501540E+02     0.3252699E+02
    -0.8502402E+02     0.3253490E+02
    -0.8502862E+02     0.3254669E+02
    -0.8503378E+02     0.3254955E+02
    -0.8504167E+02     0.3255592E+02
    -0.8505199E+02     0.3256165E+02
    -0.8505956E+02     0.3257170E+02
    -0.8506233E+02     0.3257574E+02
    -0.8506811E+02     0.3257856E+02
    -0.8507446E+02     0.3258083E+02
    -0.8508014E+02     0.3259047E+02
    -0.8508180E+02     0.3259613E+02
    -0.8508452E+02     0.3260750E+02
    -0.8508607E+02     0.3261160E+02
    -0.8508904E+02     0.3261824E+02
    -0.8509187E+02     0.3262280E+02
    -0.8509322E+02     0.3262429E+02
    -0.8509033E+02     0.3262707E+02
    -0.8508803E+02     0.3262929E+02
    -0.8508768E+02     0.3263297E+02
    -0.8508920E+02     0.3263655E+02
    -0.8509347E+02     0.3263580E+02
    -0.8510160E+02     0.3263692E+02
    -0.8510549E+02     0.3263932E+02
    -0.8510696E+02     0.3264238E+02
    -0.8510477E+02     0.3264617E+02
    -0.8509901E+02     0.3265172E+02
    -0.8509566E+02     0.3265661E+02
    -0.8509602E+02     0.3266130E+02
    -0.8509839E+02     0.3266798E+02
    -0.8510280E+02     0.3267715E+02
    -0.8510870E+02     0.3268154E+02
    -0.8511531E+02     0.3268694E+02
    -0.8511996E+02     0.3269925E+02
    -0.8512489E+02     0.3271520E+02
    -0.8512244E+02     0.3272371E+02
    -0.8512221E+02     0.3273681E+02
    -0.8512519E+02     0.3274345E+02
    -0.8513468E+02     0.3274607E+02
    -0.8514114E+02     0.3274938E+02
    -0.8514396E+02     0.3275393E+02
    -0.8514603E+02     0.3276481E+02
    -0.8514434E+02     0.3276700E+02
    -0.8512919E+02     0.3277150E+02
    -0.8512754E+02     0.3277420E+02
    -0.8512806E+02     0.3278098E+02
    -0.8513142E+02     0.3278446E+02
    -0.8514345E+02     0.3279584E+02
    -0.8515385E+02     0.3280207E+02
    -0.8516174E+02     0.3280792E+02
    -0.8516909E+02     0.3281484E+02
    -0.8517023E+02     0.3282159E+02
    -0.8517010E+02     0.3282787E+02
    -0.8516803E+02     0.3283323E+02
    -0.8516348E+02     0.3283871E+02
    -0.8516072E+02     0.3284305E+02
    -0.8515992E+02     0.3284885E+02
    -0.8516152E+02     0.3285347E+02
    -0.8516354E+02     0.3285546E+02
    -0.8516686E+02     0.3285841E+02
    -0.8517112E+02     0.3285962E+02
    -0.8517607E+02     0.3285615E+02
    -0.8517982E+02     0.3285554E+02
    -0.8518384E+02     0.3285852E+02
    -0.8518515E+02     0.3286324E+02
    -0.8518577E+02     0.3287121E+02
    -0.8518441E+02     0.3289049E+02
    -0.8518584E+02     0.3289681E+02
    -0.8519166E+02     0.3290449E+02
    -0.8519300E+02     0.3290961E+02
    -0.8519252E+02     0.3291564E+02
    -0.8519064E+02     0.3292815E+02
    -0.8519449E+02     0.3294113E+02
    -0.8519701E+02     0.3296140E+02
    -0.8519880E+02     0.3298450E+02
    -0.8519944E+02     0.3299287E+02
    -0.8520706E+02     0.3299924E+02
    -0.8521545E+02     0.3300138E+02
END
END
