hawaii
1
    -0.1646962E+03     0.2357863E+02
    -0.1647069E+03     0.2358642E+02
    -0.1647032E+03     0.2358682E+02
    -0.1647012E+03     0.2358517E+02
    -0.1646993E+03     0.2358284E+02
    -0.1646986E+03     0.2358076E+02
    -0.1646983E+03     0.2357938E+02
    -0.1646966E+03     0.2357935E+02
    -0.1646931E+03     0.2357929E+02
    -0.1646914E+03     0.2357927E+02
    -0.1646891E+03     0.2357923E+02
    -0.1646889E+03     0.2357716E+02
    -0.1646927E+03     0.2357607E+02
    -0.1646960E+03     0.2357498E+02
    -0.1646989E+03     0.2357618E+02
    -0.1647019E+03     0.2357784E+02
    -0.1647045E+03     0.2357943E+02
    -0.1647063E+03     0.2358066E+02
    -0.1647070E+03     0.2358183E+02
    -0.1647073E+03     0.2358321E+02
    -0.1647069E+03     0.2358642E+02
END
2
    -0.1619245E+03     0.2305924E+02
    -0.1619321E+03     0.2306462E+02
    -0.1619249E+03     0.2306306E+02
    -0.1619136E+03     0.2305797E+02
    -0.1619175E+03     0.2305408E+02
    -0.1619235E+03     0.2305476E+02
    -0.1619294E+03     0.2305172E+02
    -0.1619316E+03     0.2305627E+02
    -0.1619321E+03     0.2306462E+02
END
3
    -0.1600988E+03     0.2202393E+02
    -0.1600972E+03     0.2201754E+02
    -0.1601037E+03     0.2201740E+02
    -0.1601064E+03     0.2202009E+02
    -0.1601044E+03     0.2202818E+02
    -0.1600999E+03     0.2202460E+02
    -0.1600970E+03     0.2202513E+02
    -0.1600943E+03     0.2202909E+02
    -0.1600924E+03     0.2202868E+02
    -0.1600913E+03     0.2202594E+02
    -0.1600927E+03     0.2202247E+02
    -0.1600972E+03     0.2201754E+02
END
4
    -0.1601440E+03     0.2191025E+02
    -0.1601826E+03     0.2192948E+02
    -0.1601743E+03     0.2193243E+02
    -0.1601700E+03     0.2193597E+02
    -0.1601650E+03     0.2194137E+02
    -0.1601432E+03     0.2194829E+02
    -0.1601320E+03     0.2195429E+02
    -0.1601169E+03     0.2197576E+02
    -0.1601150E+03     0.2198867E+02
    -0.1601115E+03     0.2199747E+02
    -0.1600950E+03     0.2200749E+02
    -0.1600848E+03     0.2200151E+02
    -0.1600803E+03     0.2200207E+02
    -0.1600768E+03     0.2200388E+02
    -0.1600728E+03     0.2200591E+02
    -0.1600593E+03     0.2199932E+02
    -0.1600562E+03     0.2199480E+02
    -0.1600551E+03     0.2198862E+02
    -0.1600574E+03     0.2198030E+02
    -0.1600658E+03     0.2197506E+02
    -0.1600742E+03     0.2196454E+02
    -0.1600804E+03     0.2194832E+02
    -0.1600845E+03     0.2192618E+02
    -0.1600826E+03     0.2191818E+02
    -0.1600758E+03     0.2190318E+02
    -0.1600758E+03     0.2190231E+02
    -0.1600757E+03     0.2189812E+02
    -0.1600853E+03     0.2189056E+02
    -0.1600937E+03     0.2188968E+02
    -0.1600963E+03     0.2188756E+02
    -0.1601032E+03     0.2188855E+02
    -0.1601095E+03     0.2188313E+02
    -0.1601186E+03     0.2188361E+02
    -0.1601237E+03     0.2188143E+02
    -0.1601284E+03     0.2188132E+02
    -0.1601328E+03     0.2188077E+02
    -0.1601379E+03     0.2187743E+02
    -0.1601499E+03     0.2187647E+02
    -0.1601570E+03     0.2187264E+02
    -0.1601654E+03     0.2186487E+02
    -0.1601831E+03     0.2183553E+02
    -0.1601948E+03     0.2181618E+02
    -0.1601963E+03     0.2180535E+02
    -0.1602016E+03     0.2179995E+02
    -0.1602058E+03     0.2178561E+02
    -0.1602093E+03     0.2178668E+02
    -0.1602171E+03     0.2178535E+02
    -0.1602232E+03     0.2179141E+02
    -0.1602269E+03     0.2179270E+02
    -0.1602336E+03     0.2179186E+02
    -0.1602364E+03     0.2179524E+02
    -0.1602357E+03     0.2180008E+02
    -0.1602394E+03     0.2180597E+02
    -0.1602439E+03     0.2180908E+02
    -0.1602494E+03     0.2182228E+02
    -0.1602482E+03     0.2182869E+02
    -0.1602470E+03     0.2183519E+02
    -0.1602480E+03     0.2184275E+02
    -0.1602503E+03     0.2184546E+02
    -0.1602382E+03     0.2186388E+02
    -0.1602361E+03     0.2187565E+02
    -0.1602296E+03     0.2188912E+02
    -0.1602108E+03     0.2190517E+02
    -0.1601902E+03     0.2192701E+02
    -0.1601826E+03     0.2192948E+02
END
5
    -0.1605472E+03     0.2165757E+02
    -0.1605446E+03     0.2166240E+02
    -0.1605441E+03     0.2165202E+02
    -0.1605467E+03     0.2165153E+02
    -0.1605502E+03     0.2165380E+02
    -0.1605500E+03     0.2165981E+02
    -0.1605446E+03     0.2166240E+02
END
6
    -0.1595547E+03     0.2207339E+02
    -0.1593872E+03     0.2222399E+02
    -0.1593861E+03     0.2222171E+02
    -0.1593737E+03     0.2221712E+02
    -0.1593562E+03     0.2221583E+02
    -0.1593510E+03     0.2221409E+02
    -0.1593399E+03     0.2220648E+02
    -0.1593356E+03     0.2219875E+02
    -0.1593191E+03     0.2218872E+02
    -0.1593175E+03     0.2218530E+02
    -0.1593181E+03     0.2217748E+02
    -0.1593120E+03     0.2217001E+02
    -0.1593131E+03     0.2216471E+02
    -0.1593103E+03     0.2216040E+02
    -0.1593096E+03     0.2215301E+02
    -0.1593069E+03     0.2214921E+02
    -0.1593015E+03     0.2215091E+02
    -0.1592990E+03     0.2215027E+02
    -0.1592974E+03     0.2214387E+02
    -0.1592977E+03     0.2213146E+02
    -0.1593009E+03     0.2212406E+02
    -0.1593019E+03     0.2211187E+02
    -0.1593105E+03     0.2209839E+02
    -0.1593136E+03     0.2209122E+02
    -0.1593203E+03     0.2208352E+02
    -0.1593289E+03     0.2206086E+02
    -0.1593408E+03     0.2204893E+02
    -0.1593452E+03     0.2203737E+02
    -0.1593463E+03     0.2202908E+02
    -0.1593426E+03     0.2200756E+02
    -0.1593470E+03     0.2199737E+02
    -0.1593463E+03     0.2199555E+02
    -0.1593364E+03     0.2199688E+02
    -0.1593404E+03     0.2198670E+02
    -0.1593372E+03     0.2197734E+02
    -0.1593382E+03     0.2196561E+02
    -0.1593406E+03     0.2196097E+02
    -0.1593428E+03     0.2196231E+02
    -0.1593517E+03     0.2196077E+02
    -0.1593580E+03     0.2196232E+02
    -0.1593612E+03     0.2195784E+02
    -0.1593664E+03     0.2195683E+02
    -0.1593702E+03     0.2195308E+02
    -0.1593801E+03     0.2195382E+02
    -0.1593874E+03     0.2195047E+02
    -0.1593854E+03     0.2194844E+02
    -0.1593626E+03     0.2195139E+02
    -0.1593559E+03     0.2195105E+02
    -0.1593547E+03     0.2194211E+02
    -0.1593604E+03     0.2194086E+02
    -0.1593647E+03     0.2193481E+02
    -0.1593730E+03     0.2193259E+02
    -0.1593734E+03     0.2193214E+02
    -0.1593764E+03     0.2192909E+02
    -0.1593859E+03     0.2192546E+02
    -0.1593907E+03     0.2191826E+02
    -0.1593968E+03     0.2191654E+02
    -0.1593944E+03     0.2190992E+02
    -0.1593956E+03     0.2190668E+02
    -0.1594071E+03     0.2190532E+02
    -0.1594119E+03     0.2189857E+02
    -0.1594163E+03     0.2189711E+02
    -0.1594206E+03     0.2189244E+02
    -0.1594253E+03     0.2189143E+02
    -0.1594296E+03     0.2188653E+02
    -0.1594365E+03     0.2188456E+02
    -0.1594408E+03     0.2188081E+02
    -0.1594457E+03     0.2188003E+02
    -0.1594513E+03     0.2187556E+02
    -0.1594559E+03     0.2187547E+02
    -0.1594755E+03     0.2188199E+02
    -0.1594902E+03     0.2188883E+02
    -0.1595032E+03     0.2188767E+02
    -0.1595097E+03     0.2189122E+02
    -0.1595257E+03     0.2188908E+02
    -0.1595296E+03     0.2188716E+02
    -0.1595368E+03     0.2189024E+02
    -0.1595444E+03     0.2189009E+02
    -0.1595567E+03     0.2189031E+02
    -0.1595783E+03     0.2189702E+02
    -0.1595811E+03     0.2189926E+02
    -0.1595872E+03     0.2189983E+02
    -0.1595925E+03     0.2190386E+02
    -0.1595979E+03     0.2190330E+02
    -0.1596034E+03     0.2189721E+02
    -0.1596098E+03     0.2189709E+02
    -0.1596164E+03     0.2190477E+02
    -0.1596281E+03     0.2191235E+02
    -0.1596323E+03     0.2191341E+02
    -0.1596475E+03     0.2193103E+02
    -0.1596569E+03     0.2194301E+02
    -0.1596656E+03     0.2194720E+02
    -0.1596692E+03     0.2195310E+02
    -0.1596681E+03     0.2195703E+02
    -0.1597101E+03     0.2196469E+02
    -0.1597199E+03     0.2196954E+02
    -0.1597352E+03     0.2197313E+02
    -0.1597375E+03     0.2197515E+02
    -0.1597402E+03     0.2197717E+02
    -0.1597526E+03     0.2197898E+02
    -0.1597658E+03     0.2198445E+02
    -0.1597713E+03     0.2199054E+02
    -0.1597761E+03     0.2200422E+02
    -0.1597891E+03     0.2201980E+02
    -0.1597917E+03     0.2202664E+02
    -0.1597884E+03     0.2206368E+02
    -0.1597861E+03     0.2207269E+02
    -0.1597769E+03     0.2207839E+02
    -0.1597663E+03     0.2208894E+02
    -0.1597578E+03     0.2209417E+02
    -0.1597492E+03     0.2210330E+02
    -0.1597473E+03     0.2210724E+02
    -0.1597435E+03     0.2212179E+02
    -0.1597358E+03     0.2214376E+02
    -0.1597264E+03     0.2215291E+02
    -0.1597072E+03     0.2216478E+02
    -0.1597016E+03     0.2216558E+02
    -0.1596905E+03     0.2216603E+02
    -0.1596859E+03     0.2216888E+02
    -0.1596770E+03     0.2216952E+02
    -0.1596700E+03     0.2217448E+02
    -0.1596617E+03     0.2217649E+02
    -0.1596578E+03     0.2218024E+02
    -0.1596549E+03     0.2218374E+02
    -0.1596476E+03     0.2218756E+02
    -0.1596369E+03     0.2219627E+02
    -0.1596274E+03     0.2220105E+02
    -0.1596031E+03     0.2221438E+02
    -0.1595900E+03     0.2222497E+02
    -0.1595849E+03     0.2222737E+02
    -0.1595816E+03     0.2222651E+02
    -0.1595725E+03     0.2222394E+02
    -0.1595647E+03     0.2222822E+02
    -0.1595578E+03     0.2222881E+02
    -0.1595530E+03     0.2222730E+02
    -0.1595503E+03     0.2222459E+02
    -0.1595486E+03     0.2221682E+02
    -0.1595446E+03     0.2221529E+02
    -0.1595398E+03     0.2221906E+02
    -0.1595359E+03     0.2222051E+02
    -0.1595319E+03     0.2221760E+02
    -0.1595250E+03     0.2221796E+02
    -0.1595196E+03     0.2221003E+02
    -0.1595149E+03     0.2220805E+02
    -0.1595080E+03     0.2220841E+02
    -0.1595043E+03     0.2221124E+02
    -0.1595035E+03     0.2221791E+02
    -0.1595021E+03     0.2222299E+02
    -0.1594992E+03     0.2222603E+02
    -0.1594912E+03     0.2222986E+02
    -0.1594806E+03     0.2223029E+02
    -0.1594692E+03     0.2222729E+02
    -0.1594561E+03     0.2222845E+02
    -0.1594398E+03     0.2222646E+02
    -0.1594328E+03     0.2222154E+02
    -0.1594287E+03     0.2222575E+02
    -0.1594255E+03     0.2222810E+02
    -0.1594164E+03     0.2222896E+02
    -0.1594118E+03     0.2223387E+02
    -0.1594059E+03     0.2223444E+02
    -0.1593981E+03     0.2222792E+02
    -0.1593878E+03     0.2222811E+02
    -0.1593872E+03     0.2222399E+02
END
7
    -0.1579502E+03     0.2139772E+02
    -0.1579560E+03     0.2169758E+02
    -0.1579497E+03     0.2168593E+02
    -0.1579424E+03     0.2167705E+02
    -0.1579422E+03     0.2167430E+02
    -0.1579336E+03     0.2166221E+02
    -0.1579306E+03     0.2165627E+02
    -0.1579239E+03     0.2165266E+02
    -0.1579209E+03     0.2164213E+02
    -0.1579247E+03     0.2163313E+02
    -0.1579184E+03     0.2162263E+02
    -0.1579117E+03     0.2161213E+02
    -0.1579047E+03     0.2160554E+02
    -0.1578860E+03     0.2158047E+02
    -0.1578810E+03     0.2157730E+02
    -0.1578787E+03     0.2157227E+02
    -0.1578808E+03     0.2156329E+02
    -0.1578796E+03     0.2155917E+02
    -0.1578732E+03     0.2155831E+02
    -0.1578696E+03     0.2156409E+02
    -0.1578622E+03     0.2156187E+02
    -0.1578513E+03     0.2155600E+02
    -0.1578488E+03     0.2155258E+02
    -0.1578495E+03     0.2154959E+02
    -0.1578470E+03     0.2154893E+02
    -0.1578389E+03     0.2152558E+02
    -0.1578417E+03     0.2151705E+02
    -0.1578517E+03     0.2150615E+02
    -0.1578546E+03     0.2150658E+02
    -0.1578556E+03     0.2150290E+02
    -0.1578510E+03     0.2149467E+02
    -0.1578527E+03     0.2149259E+02
    -0.1578512E+03     0.2148939E+02
    -0.1578463E+03     0.2148599E+02
    -0.1578450E+03     0.2148095E+02
    -0.1578471E+03     0.2147174E+02
    -0.1578456E+03     0.2146624E+02
    -0.1578421E+03     0.2146191E+02
    -0.1578379E+03     0.2146310E+02
    -0.1578374E+03     0.2146196E+02
    -0.1578310E+03     0.2146041E+02
    -0.1578275E+03     0.2145746E+02
    -0.1578216E+03     0.2145683E+02
    -0.1578139E+03     0.2144381E+02
    -0.1578165E+03     0.2144080E+02
    -0.1578091E+03     0.2143168E+02
    -0.1578019E+03     0.2142647E+02
    -0.1577985E+03     0.2142972E+02
    -0.1577963E+03     0.2142859E+02
    -0.1577938E+03     0.2142448E+02
    -0.1577927E+03     0.2141875E+02
    -0.1577885E+03     0.2141327E+02
    -0.1577823E+03     0.2141172E+02
    -0.1577757E+03     0.2141271E+02
    -0.1577706E+03     0.2141505E+02
    -0.1577665E+03     0.2144082E+02
    -0.1577771E+03     0.2144462E+02
    -0.1577818E+03     0.2145055E+02
    -0.1577811E+03     0.2145446E+02
    -0.1577769E+03     0.2145519E+02
    -0.1577714E+03     0.2146145E+02
    -0.1577667E+03     0.2146126E+02
    -0.1577512E+03     0.2145520E+02
    -0.1577448E+03     0.2145618E+02
    -0.1577331E+03     0.2146203E+02
    -0.1577282E+03     0.2146116E+02
    -0.1577269E+03     0.2145841E+02
    -0.1577317E+03     0.2145102E+02
    -0.1577393E+03     0.2144636E+02
    -0.1577406E+03     0.2143095E+02
    -0.1577474E+03     0.2142239E+02
    -0.1577481E+03     0.2141779E+02
    -0.1577415E+03     0.2140613E+02
    -0.1577358E+03     0.2140090E+02
    -0.1577258E+03     0.2139778E+02
    -0.1577206E+03     0.2139438E+02
    -0.1577129E+03     0.2138549E+02
    -0.1577116E+03     0.2138275E+02
    -0.1577147E+03     0.2137078E+02
    -0.1577100E+03     0.2135152E+02
    -0.1577045E+03     0.2134100E+02
    -0.1576961E+03     0.2133304E+02
    -0.1576902E+03     0.2132896E+02
    -0.1576786E+03     0.2132653E+02
    -0.1576635E+03     0.2131472E+02
    -0.1576547E+03     0.2131572E+02
    -0.1576510E+03     0.2131207E+02
    -0.1576510E+03     0.2130909E+02
    -0.1576582E+03     0.2130075E+02
    -0.1576764E+03     0.2128475E+02
    -0.1576864E+03     0.2127592E+02
    -0.1576915E+03     0.2127312E+02
    -0.1576974E+03     0.2127261E+02
    -0.1577007E+03     0.2126270E+02
    -0.1577110E+03     0.2126215E+02
    -0.1577142E+03     0.2126395E+02
    -0.1577155E+03     0.2126946E+02
    -0.1577146E+03     0.2127452E+02
    -0.1577164E+03     0.2127887E+02
    -0.1577196E+03     0.2128205E+02
    -0.1577260E+03     0.2128360E+02
    -0.1577556E+03     0.2127896E+02
    -0.1577727E+03     0.2127490E+02
    -0.1577803E+03     0.2127092E+02
    -0.1577951E+03     0.2125791E+02
    -0.1578000E+03     0.2125695E+02
    -0.1578051E+03     0.2125897E+02
    -0.1578220E+03     0.2125811E+02
    -0.1578267E+03     0.2126220E+02
    -0.1578293E+03     0.2127458E+02
    -0.1578348E+03     0.2127935E+02
    -0.1578427E+03     0.2128249E+02
    -0.1578462E+03     0.2128797E+02
    -0.1578504E+03     0.2129253E+02
    -0.1578607E+03     0.2129449E+02
    -0.1578661E+03     0.2129788E+02
    -0.1578689E+03     0.2130291E+02
    -0.1578705E+03     0.2131323E+02
    -0.1578737E+03     0.2131550E+02
    -0.1578794E+03     0.2131613E+02
    -0.1578853E+03     0.2131975E+02
    -0.1578934E+03     0.2131898E+02
    -0.1578973E+03     0.2132284E+02
    -0.1578976E+03     0.2132628E+02
    -0.1578955E+03     0.2133021E+02
    -0.1578982E+03     0.2133271E+02
    -0.1579187E+03     0.2132033E+02
    -0.1579286E+03     0.2131195E+02
    -0.1579325E+03     0.2131260E+02
    -0.1579380E+03     0.2131691E+02
    -0.1579512E+03     0.2131769E+02
    -0.1579626E+03     0.2132056E+02
    -0.1579670E+03     0.2132488E+02
    -0.1579711E+03     0.2133402E+02
    -0.1579709E+03     0.2133508E+02
    -0.1579695E+03     0.2134208E+02
    -0.1579715E+03     0.2134757E+02
    -0.1579693E+03     0.2135242E+02
    -0.1579615E+03     0.2135618E+02
    -0.1579473E+03     0.2135380E+02
    -0.1579461E+03     0.2135611E+02
    -0.1579486E+03     0.2135999E+02
    -0.1579464E+03     0.2136438E+02
    -0.1579404E+03     0.2137593E+02
    -0.1579415E+03     0.2137913E+02
    -0.1579451E+03     0.2137863E+02
    -0.1579609E+03     0.2138697E+02
    -0.1579671E+03     0.2138920E+02
    -0.1579722E+03     0.2138777E+02
    -0.1579732E+03     0.2138523E+02
    -0.1579707E+03     0.2138043E+02
    -0.1579735E+03     0.2137374E+02
    -0.1579777E+03     0.2137507E+02
    -0.1579862E+03     0.2138601E+02
    -0.1579889E+03     0.2138874E+02
    -0.1579916E+03     0.2138917E+02
    -0.1579949E+03     0.2137857E+02
    -0.1579922E+03     0.2137331E+02
    -0.1579850E+03     0.2136696E+02
    -0.1579801E+03     0.2136678E+02
    -0.1579760E+03     0.2136016E+02
    -0.1579767E+03     0.2134912E+02
    -0.1579793E+03     0.2134772E+02
    -0.1579927E+03     0.2135608E+02
    -0.1579920E+03     0.2135976E+02
    -0.1579937E+03     0.2136135E+02
    -0.1580018E+03     0.2135897E+02
    -0.1580047E+03     0.2135962E+02
    -0.1580080E+03     0.2136533E+02
    -0.1580069E+03     0.2137155E+02
    -0.1580081E+03     0.2137521E+02
    -0.1580123E+03     0.2137470E+02
    -0.1580156E+03     0.2138018E+02
    -0.1580246E+03     0.2137388E+02
    -0.1580245E+03     0.2137172E+02
    -0.1580245E+03     0.2136745E+02
    -0.1580269E+03     0.2136283E+02
    -0.1580234E+03     0.2135919E+02
    -0.1580027E+03     0.2135413E+02
    -0.1579849E+03     0.2134536E+02
    -0.1579790E+03     0.2134037E+02
    -0.1579760E+03     0.2133259E+02
    -0.1579790E+03     0.2132291E+02
    -0.1579853E+03     0.2131664E+02
    -0.1579956E+03     0.2131240E+02
    -0.1580254E+03     0.2130863E+02
    -0.1580469E+03     0.2130288E+02
    -0.1581025E+03     0.2129629E+02
    -0.1581114E+03     0.2129848E+02
    -0.1581168E+03     0.2130279E+02
    -0.1581211E+03     0.2130871E+02
    -0.1581278E+03     0.2133253E+02
    -0.1581295E+03     0.2133320E+02
    -0.1581323E+03     0.2133960E+02
    -0.1581336E+03     0.2134602E+02
    -0.1581410E+03     0.2137005E+02
    -0.1581485E+03     0.2137984E+02
    -0.1581570E+03     0.2138917E+02
    -0.1581798E+03     0.2140360E+02
    -0.1581838E+03     0.2140861E+02
    -0.1581854E+03     0.2142237E+02
    -0.1581882E+03     0.2143015E+02
    -0.1581998E+03     0.2144908E+02
    -0.1582117E+03     0.2145974E+02
    -0.1582186E+03     0.2146126E+02
    -0.1582219E+03     0.2146949E+02
    -0.1582294E+03     0.2147836E+02
    -0.1582339E+03     0.2148015E+02
    -0.1582362E+03     0.2148563E+02
    -0.1582341E+03     0.2149967E+02
    -0.1582345E+03     0.2152356E+02
    -0.1582368E+03     0.2153180E+02
    -0.1582424E+03     0.2154253E+02
    -0.1582504E+03     0.2155139E+02
    -0.1582655E+03     0.2156417E+02
    -0.1582678E+03     0.2156611E+02
    -0.1582846E+03     0.2157647E+02
    -0.1582832E+03     0.2157878E+02
    -0.1582486E+03     0.2158219E+02
    -0.1582186E+03     0.2158370E+02
    -0.1581745E+03     0.2158354E+02
    -0.1581737E+03     0.2158354E+02
    -0.1581555E+03     0.2158444E+02
    -0.1581433E+03     0.2158711E+02
    -0.1581366E+03     0.2158466E+02
    -0.1581322E+03     0.2158517E+02
    -0.1581246E+03     0.2159077E+02
    -0.1581100E+03     0.2160081E+02
    -0.1581087E+03     0.2160795E+02
    -0.1580807E+03     0.2163077E+02
    -0.1580694E+03     0.2164652E+02
    -0.1580683E+03     0.2165847E+02
    -0.1580406E+03     0.2168358E+02
    -0.1580323E+03     0.2169217E+02
    -0.1580207E+03     0.2170103E+02
    -0.1580104E+03     0.2170458E+02
    -0.1580053E+03     0.2170785E+02
    -0.1579923E+03     0.2171006E+02
    -0.1579867E+03     0.2171448E+02
    -0.1579716E+03     0.2171211E+02
    -0.1579560E+03     0.2169758E+02
END
8
    -0.1579635E+03     0.2136689E+02
    -0.1579689E+03     0.2135932E+02
    -0.1579716E+03     0.2136112E+02
    -0.1579712E+03     0.2136366E+02
    -0.1579649E+03     0.2137268E+02
    -0.1579598E+03     0.2137159E+02
    -0.1579568E+03     0.2136817E+02
    -0.1579643E+03     0.2136028E+02
    -0.1579689E+03     0.2135932E+02
END
9
    -0.1576622E+03     0.2133175E+02
    -0.1576617E+03     0.2132737E+02
    -0.1576657E+03     0.2133078E+02
    -0.1576647E+03     0.2133470E+02
    -0.1576613E+03     0.2133519E+02
    -0.1576583E+03     0.2133085E+02
    -0.1576593E+03     0.2132808E+02
    -0.1576617E+03     0.2132737E+02
END
10
    -0.1579100E+03     0.2131237E+02
    -0.1579099E+03     0.2131031E+02
    -0.1579119E+03     0.2131189E+02
    -0.1579100E+03     0.2131398E+02
    -0.1579083E+03     0.2131285E+02
    -0.1579099E+03     0.2131031E+02
END
11
    -0.1578848E+03     0.2130938E+02
    -0.1578762E+03     0.2130123E+02
    -0.1578905E+03     0.2130200E+02
    -0.1578898E+03     0.2130592E+02
    -0.1578931E+03     0.2131231E+02
    -0.1578923E+03     0.2131485E+02
    -0.1578872E+03     0.2131582E+02
    -0.1578810E+03     0.2131221E+02
    -0.1578753E+03     0.2130675E+02
    -0.1578750E+03     0.2130193E+02
    -0.1578762E+03     0.2130123E+02
END
12
    -0.1570010E+03     0.2115142E+02
    -0.1571573E+03     0.2120201E+02
    -0.1571479E+03     0.2119861E+02
    -0.1571428E+03     0.2120094E+02
    -0.1571286E+03     0.2120103E+02
    -0.1571210E+03     0.2119877E+02
    -0.1571036E+03     0.2119864E+02
    -0.1570930E+03     0.2119847E+02
    -0.1570592E+03     0.2118832E+02
    -0.1570386E+03     0.2119050E+02
    -0.1570074E+03     0.2118308E+02
    -0.1569927E+03     0.2118316E+02
    -0.1569879E+03     0.2118870E+02
    -0.1569816E+03     0.2120895E+02
    -0.1569745E+03     0.2121840E+02
    -0.1569692E+03     0.2121797E+02
    -0.1569605E+03     0.2121204E+02
    -0.1569514E+03     0.2119279E+02
    -0.1569494E+03     0.2118429E+02
    -0.1569449E+03     0.2117788E+02
    -0.1569346E+03     0.2117242E+02
    -0.1569292E+03     0.2117382E+02
    -0.1569262E+03     0.2117131E+02
    -0.1569223E+03     0.2117064E+02
    -0.1569162E+03     0.2117297E+02
    -0.1569125E+03     0.2116977E+02
    -0.1569069E+03     0.2116956E+02
    -0.1569037E+03     0.2116636E+02
    -0.1568953E+03     0.2116617E+02
    -0.1568934E+03     0.2117284E+02
    -0.1568821E+03     0.2116485E+02
    -0.1568758E+03     0.2116878E+02
    -0.1568674E+03     0.2116400E+02
    -0.1568549E+03     0.2116382E+02
    -0.1568478E+03     0.2116868E+02
    -0.1568319E+03     0.2116759E+02
    -0.1568263E+03     0.2116762E+02
    -0.1568141E+03     0.2117548E+02
    -0.1568050E+03     0.2117735E+02
    -0.1567937E+03     0.2117349E+02
    -0.1567922E+03     0.2117281E+02
    -0.1567854E+03     0.2117743E+02
    -0.1567582E+03     0.2117708E+02
    -0.1567457E+03     0.2117827E+02
    -0.1567396E+03     0.2117600E+02
    -0.1567369E+03     0.2117233E+02
    -0.1567410E+03     0.2116474E+02
    -0.1567270E+03     0.2115835E+02
    -0.1567126E+03     0.2116300E+02
    -0.1567094E+03     0.2116002E+02
    -0.1567125E+03     0.2115014E+02
    -0.1567386E+03     0.2111719E+02
    -0.1567590E+03     0.2109919E+02
    -0.1567693E+03     0.2109318E+02
    -0.1567781E+03     0.2108579E+02
    -0.1567874E+03     0.2108139E+02
    -0.1567925E+03     0.2107724E+02
    -0.1568037E+03     0.2107145E+02
    -0.1568079E+03     0.2106936E+02
    -0.1568177E+03     0.2107047E+02
    -0.1568208E+03     0.2106816E+02
    -0.1568245E+03     0.2106792E+02
    -0.1568299E+03     0.2106261E+02
    -0.1568343E+03     0.2106190E+02
    -0.1568365E+03     0.2105937E+02
    -0.1568382E+03     0.2105775E+02
    -0.1568423E+03     0.2105796E+02
    -0.1568509E+03     0.2105333E+02
    -0.1568499E+03     0.2105816E+02
    -0.1568565E+03     0.2105928E+02
    -0.1568636E+03     0.2105741E+02
    -0.1568668E+03     0.2105441E+02
    -0.1568717E+03     0.2105255E+02
    -0.1568820E+03     0.2105274E+02
    -0.1568896E+03     0.2105316E+02
    -0.1568955E+03     0.2105819E+02
    -0.1569146E+03     0.2106155E+02
    -0.1569538E+03     0.2106825E+02
    -0.1569773E+03     0.2107549E+02
    -0.1569778E+03     0.2107457E+02
    -0.1569972E+03     0.2108090E+02
    -0.1570097E+03     0.2108681E+02
    -0.1570269E+03     0.2109177E+02
    -0.1570363E+03     0.2109816E+02
    -0.1570475E+03     0.2110085E+02
    -0.1570591E+03     0.2110493E+02
    -0.1570855E+03     0.2110639E+02
    -0.1570875E+03     0.2110569E+02
    -0.1570968E+03     0.2110862E+02
    -0.1571012E+03     0.2110561E+02
    -0.1571274E+03     0.2110201E+02
    -0.1571462E+03     0.2109593E+02
    -0.1571562E+03     0.2109679E+02
    -0.1571631E+03     0.2109514E+02
    -0.1571665E+03     0.2109581E+02
    -0.1571754E+03     0.2109759E+02
    -0.1571803E+03     0.2109595E+02
    -0.1571969E+03     0.2109493E+02
    -0.1572375E+03     0.2109192E+02
    -0.1572716E+03     0.2109422E+02
    -0.1573027E+03     0.2109746E+02
    -0.1573071E+03     0.2109949E+02
    -0.1573116E+03     0.2110337E+02
    -0.1573111E+03     0.2110705E+02
    -0.1573055E+03     0.2111467E+02
    -0.1573029E+03     0.2111859E+02
    -0.1573008E+03     0.2113147E+02
    -0.1572991E+03     0.2113585E+02
    -0.1572940E+03     0.2113933E+02
    -0.1572923E+03     0.2114417E+02
    -0.1572901E+03     0.2114923E+02
    -0.1572787E+03     0.2116379E+02
    -0.1572724E+03     0.2116475E+02
    -0.1572675E+03     0.2116846E+02
    -0.1572563E+03     0.2117726E+02
    -0.1572517E+03     0.2118441E+02
    -0.1572500E+03     0.2118741E+02
    -0.1572494E+03     0.2119477E+02
    -0.1572497E+03     0.2120592E+02
    -0.1572497E+03     0.2120740E+02
    -0.1572539E+03     0.2121380E+02
    -0.1572598E+03     0.2121767E+02
    -0.1572606E+03     0.2122134E+02
    -0.1572582E+03     0.2122549E+02
    -0.1572545E+03     0.2122598E+02
    -0.1572454E+03     0.2122213E+02
    -0.1572228E+03     0.2121860E+02
    -0.1572133E+03     0.2122096E+02
    -0.1572010E+03     0.2121828E+02
    -0.1571926E+03     0.2120914E+02
    -0.1571882E+03     0.2120664E+02
    -0.1571580E+03     0.2120315E+02
    -0.1571573E+03     0.2120201E+02
END
13
    -0.1563759E+03     0.2083456E+02
    -0.1566385E+03     0.2102172E+02
    -0.1566417E+03     0.2102562E+02
    -0.1566378E+03     0.2102954E+02
    -0.1566322E+03     0.2103001E+02
    -0.1566241E+03     0.2102728E+02
    -0.1566163E+03     0.2103075E+02
    -0.1566086E+03     0.2102710E+02
    -0.1566030E+03     0.2103194E+02
    -0.1565901E+03     0.2103312E+02
    -0.1565817E+03     0.2102488E+02
    -0.1565724E+03     0.2102169E+02
    -0.1565660E+03     0.2101665E+02
    -0.1565592E+03     0.2101437E+02
    -0.1565540E+03     0.2100703E+02
    -0.1565469E+03     0.2100223E+02
    -0.1565339E+03     0.2098962E+02
    -0.1565270E+03     0.2098688E+02
    -0.1565250E+03     0.2098183E+02
    -0.1565252E+03     0.2096943E+02
    -0.1565164E+03     0.2095658E+02
    -0.1565122E+03     0.2095452E+02
    -0.1565107E+03     0.2095131E+02
    -0.1565043E+03     0.2094122E+02
    -0.1564940E+03     0.2093090E+02
    -0.1564896E+03     0.2091965E+02
    -0.1564768E+03     0.2090383E+02
    -0.1564727E+03     0.2090108E+02
    -0.1564688E+03     0.2090086E+02
    -0.1564467E+03     0.2090228E+02
    -0.1564367E+03     0.2090644E+02
    -0.1564245E+03     0.2091427E+02
    -0.1564113E+03     0.2091384E+02
    -0.1564032E+03     0.2091730E+02
    -0.1563942E+03     0.2091800E+02
    -0.1563866E+03     0.2091871E+02
    -0.1563805E+03     0.2092147E+02
    -0.1563685E+03     0.2093367E+02
    -0.1563585E+03     0.2093874E+02
    -0.1563475E+03     0.2094197E+02
    -0.1563387E+03     0.2094038E+02
    -0.1563314E+03     0.2094774E+02
    -0.1563226E+03     0.2095051E+02
    -0.1563133E+03     0.2094983E+02
    -0.1563069E+03     0.2094456E+02
    -0.1562979E+03     0.2094526E+02
    -0.1562866E+03     0.2094941E+02
    -0.1562820E+03     0.2094918E+02
    -0.1562741E+03     0.2094207E+02
    -0.1562607E+03     0.2094415E+02
    -0.1562555E+03     0.2094071E+02
    -0.1562541E+03     0.2094117E+02
    -0.1562472E+03     0.2094209E+02
    -0.1562369E+03     0.2093774E+02
    -0.1562289E+03     0.2093453E+02
    -0.1562225E+03     0.2092511E+02
    -0.1562166E+03     0.2092190E+02
    -0.1562080E+03     0.2090927E+02
    -0.1562034E+03     0.2090698E+02
    -0.1561892E+03     0.2089573E+02
    -0.1561791E+03     0.2088264E+02
    -0.1561676E+03     0.2087483E+02
    -0.1561622E+03     0.2086564E+02
    -0.1561576E+03     0.2086473E+02
    -0.1561442E+03     0.2086772E+02
    -0.1561393E+03     0.2086312E+02
    -0.1561312E+03     0.2086221E+02
    -0.1561265E+03     0.2085669E+02
    -0.1561219E+03     0.2084199E+02
    -0.1561180E+03     0.2083992E+02
    -0.1561104E+03     0.2083119E+02
    -0.1561062E+03     0.2082958E+02
    -0.1561006E+03     0.2082958E+02
    -0.1560923E+03     0.2083234E+02
    -0.1560850E+03     0.2083211E+02
    -0.1560803E+03     0.2082913E+02
    -0.1560686E+03     0.2082522E+02
    -0.1560544E+03     0.2081304E+02
    -0.1560282E+03     0.2080844E+02
    -0.1560165E+03     0.2080499E+02
    -0.1560001E+03     0.2079625E+02
    -0.1559784E+03     0.2077119E+02
    -0.1559801E+03     0.2076315E+02
    -0.1559808E+03     0.2075924E+02
    -0.1559794E+03     0.2075074E+02
    -0.1559833E+03     0.2073489E+02
    -0.1559823E+03     0.2073052E+02
    -0.1559860E+03     0.2072133E+02
    -0.1559847E+03     0.2071651E+02
    -0.1559896E+03     0.2070985E+02
    -0.1560016E+03     0.2069354E+02
    -0.1560075E+03     0.2068895E+02
    -0.1560202E+03     0.2068459E+02
    -0.1560260E+03     0.2068091E+02
    -0.1560380E+03     0.2066598E+02
    -0.1560439E+03     0.2065702E+02
    -0.1560485E+03     0.2065403E+02
    -0.1560641E+03     0.2064967E+02
    -0.1560690E+03     0.2064967E+02
    -0.1560744E+03     0.2065358E+02
    -0.1560773E+03     0.2065358E+02
    -0.1560834E+03     0.2064967E+02
    -0.1560937E+03     0.2064324E+02
    -0.1561015E+03     0.2064255E+02
    -0.1561142E+03     0.2063427E+02
    -0.1561200E+03     0.2063289E+02
    -0.1561256E+03     0.2062738E+02
    -0.1561308E+03     0.2062692E+02
    -0.1561335E+03     0.2062324E+02
    -0.1561369E+03     0.2062232E+02
    -0.1561427E+03     0.2062760E+02
    -0.1561479E+03     0.2062852E+02
    -0.1561574E+03     0.2062737E+02
    -0.1561615E+03     0.2062461E+02
    -0.1561686E+03     0.2062552E+02
    -0.1561730E+03     0.2062460E+02
    -0.1561818E+03     0.2062988E+02
    -0.1561933E+03     0.2062942E+02
    -0.1562055E+03     0.2062665E+02
    -0.1562174E+03     0.2062205E+02
    -0.1562323E+03     0.2061307E+02
    -0.1562479E+03     0.2060732E+02
    -0.1562589E+03     0.2060133E+02
    -0.1562682E+03     0.2060017E+02
    -0.1562740E+03     0.2059626E+02
    -0.1562816E+03     0.2059441E+02
    -0.1562904E+03     0.2058820E+02
    -0.1562965E+03     0.2058635E+02
    -0.1563079E+03     0.2058611E+02
    -0.1563197E+03     0.2058793E+02
    -0.1563284E+03     0.2058723E+02
    -0.1563341E+03     0.2058447E+02
    -0.1563377E+03     0.2058262E+02
    -0.1563448E+03     0.2058399E+02
    -0.1563504E+03     0.2058123E+02
    -0.1563582E+03     0.2058076E+02
    -0.1563692E+03     0.2057706E+02
    -0.1563750E+03     0.2057659E+02
    -0.1563821E+03     0.2058095E+02
    -0.1564017E+03     0.2058114E+02
    -0.1564066E+03     0.2058389E+02
    -0.1564117E+03     0.2058434E+02
    -0.1564141E+03     0.2058755E+02
    -0.1564134E+03     0.2059238E+02
    -0.1564171E+03     0.2059904E+02
    -0.1564283E+03     0.2059764E+02
    -0.1564339E+03     0.2060061E+02
    -0.1564418E+03     0.2061140E+02
    -0.1564411E+03     0.2061445E+02
    -0.1564401E+03     0.2061921E+02
    -0.1564413E+03     0.2062427E+02
    -0.1564470E+03     0.2063482E+02
    -0.1564524E+03     0.2064010E+02
    -0.1564453E+03     0.2064907E+02
    -0.1564431E+03     0.2065413E+02
    -0.1564422E+03     0.2066746E+02
    -0.1564456E+03     0.2068331E+02
    -0.1564442E+03     0.2069526E+02
    -0.1564452E+03     0.2069779E+02
    -0.1564489E+03     0.2071846E+02
    -0.1564585E+03     0.2074073E+02
    -0.1564620E+03     0.2075612E+02
    -0.1564615E+03     0.2076003E+02
    -0.1564613E+03     0.2077014E+02
    -0.1564635E+03     0.2077886E+02
    -0.1564696E+03     0.2078689E+02
    -0.1564802E+03     0.2079330E+02
    -0.1564929E+03     0.2079787E+02
    -0.1564985E+03     0.2079854E+02
    -0.1565078E+03     0.2079576E+02
    -0.1565122E+03     0.2079392E+02
    -0.1565285E+03     0.2078009E+02
    -0.1565334E+03     0.2077847E+02
    -0.1565371E+03     0.2077915E+02
    -0.1565621E+03     0.2079425E+02
    -0.1565797E+03     0.2079696E+02
    -0.1565882E+03     0.2080015E+02
    -0.1566032E+03     0.2081091E+02
    -0.1566113E+03     0.2081364E+02
    -0.1566245E+03     0.2081245E+02
    -0.1566277E+03     0.2081796E+02
    -0.1566367E+03     0.2083241E+02
    -0.1566424E+03     0.2083721E+02
    -0.1566492E+03     0.2084018E+02
    -0.1566515E+03     0.2084408E+02
    -0.1566579E+03     0.2085325E+02
    -0.1566736E+03     0.2086629E+02
    -0.1566790E+03     0.2087432E+02
    -0.1566820E+03     0.2088970E+02
    -0.1566857E+03     0.2089727E+02
    -0.1566852E+03     0.2090554E+02
    -0.1566904E+03     0.2091701E+02
    -0.1566936E+03     0.2091953E+02
    -0.1566968E+03     0.2092572E+02
    -0.1566976E+03     0.2093192E+02
    -0.1566949E+03     0.2093768E+02
    -0.1566916E+03     0.2095331E+02
    -0.1566841E+03     0.2097310E+02
    -0.1566760E+03     0.2098277E+02
    -0.1566726E+03     0.2098761E+02
    -0.1566666E+03     0.2100670E+02
    -0.1566619E+03     0.2101131E+02
    -0.1566573E+03     0.2101224E+02
    -0.1566511E+03     0.2100918E+02
    -0.1566385E+03     0.2102172E+02
END
14
    -0.1565175E+03     0.2096588E+02
    -0.1565100E+03     0.2095751E+02
    -0.1565122E+03     0.2095751E+02
    -0.1565220E+03     0.2096874E+02
    -0.1565221E+03     0.2097242E+02
    -0.1565174E+03     0.2096898E+02
    -0.1565100E+03     0.2095751E+02
END
15
    -0.1569124E+03     0.2084875E+02
    -0.1569975E+03     0.2093294E+02
    -0.1569841E+03     0.2093369E+02
    -0.1569769E+03     0.2093212E+02
    -0.1569677E+03     0.2093056E+02
    -0.1569549E+03     0.2092901E+02
    -0.1569485E+03     0.2092859E+02
    -0.1569417E+03     0.2093023E+02
    -0.1569150E+03     0.2092300E+02
    -0.1568981E+03     0.2091802E+02
    -0.1568823E+03     0.2090770E+02
    -0.1568703E+03     0.2089678E+02
    -0.1568522E+03     0.2088216E+02
    -0.1568443E+03     0.2087599E+02
    -0.1568295E+03     0.2085996E+02
    -0.1568123E+03     0.2083752E+02
    -0.1568056E+03     0.2082376E+02
    -0.1568041E+03     0.2081572E+02
    -0.1568063E+03     0.2080905E+02
    -0.1568226E+03     0.2078716E+02
    -0.1568318E+03     0.2076851E+02
    -0.1568366E+03     0.2076297E+02
    -0.1568544E+03     0.2076221E+02
    -0.1568749E+03     0.2075063E+02
    -0.1568832E+03     0.2074990E+02
    -0.1568896E+03     0.2074619E+02
    -0.1568959E+03     0.2074502E+02
    -0.1568986E+03     0.2074592E+02
    -0.1569066E+03     0.2074152E+02
    -0.1569201E+03     0.2074169E+02
    -0.1569357E+03     0.2073955E+02
    -0.1569474E+03     0.2073949E+02
    -0.1569547E+03     0.2073785E+02
    -0.1569594E+03     0.2073851E+02
    -0.1569626E+03     0.2074102E+02
    -0.1569715E+03     0.2074807E+02
    -0.1569783E+03     0.2075427E+02
    -0.1569815E+03     0.2075954E+02
    -0.1569885E+03     0.2077858E+02
    -0.1569889E+03     0.2079026E+02
    -0.1569893E+03     0.2080339E+02
    -0.1569875E+03     0.2081443E+02
    -0.1569880E+03     0.2082339E+02
    -0.1569920E+03     0.2083348E+02
    -0.1570092E+03     0.2085567E+02
    -0.1570169E+03     0.2086069E+02
    -0.1570468E+03     0.2087524E+02
    -0.1570564E+03     0.2088644E+02
    -0.1570604E+03     0.2089607E+02
    -0.1570590E+03     0.2090780E+02
    -0.1570561E+03     0.2091608E+02
    -0.1570512E+03     0.2091956E+02
    -0.1570441E+03     0.2092074E+02
    -0.1570422E+03     0.2091984E+02
    -0.1570349E+03     0.2092677E+02
    -0.1570268E+03     0.2093003E+02
    -0.1570168E+03     0.2093100E+02
    -0.1569975E+03     0.2093294E+02
END
16
    -0.1564957E+03     0.2063473E+02
    -0.1564987E+03     0.2063333E+02
    -0.1564987E+03     0.2063770E+02
    -0.1564924E+03     0.2063542E+02
    -0.1564934E+03     0.2063358E+02
    -0.1564987E+03     0.2063333E+02
END
17
    -0.1566031E+03     0.2056056E+02
    -0.1565894E+03     0.2060162E+02
    -0.1565768E+03     0.2060487E+02
    -0.1565643E+03     0.2060513E+02
    -0.1565526E+03     0.2059896E+02
    -0.1565496E+03     0.2059552E+02
    -0.1565464E+03     0.2059002E+02
    -0.1565401E+03     0.2058521E+02
    -0.1565371E+03     0.2058085E+02
    -0.1565390E+03     0.2057073E+02
    -0.1565470E+03     0.2055279E+02
    -0.1565499E+03     0.2054474E+02
    -0.1565499E+03     0.2053899E+02
    -0.1565519E+03     0.2053577E+02
    -0.1565467E+03     0.2053533E+02
    -0.1565404E+03     0.2053902E+02
    -0.1565380E+03     0.2053880E+02
    -0.1565345E+03     0.2053467E+02
    -0.1565297E+03     0.2053606E+02
    -0.1565294E+03     0.2053284E+02
    -0.1565313E+03     0.2052870E+02
    -0.1565387E+03     0.2052225E+02
    -0.1565420E+03     0.2051695E+02
    -0.1565455E+03     0.2051534E+02
    -0.1565518E+03     0.2051509E+02
    -0.1565601E+03     0.2051737E+02
    -0.1565630E+03     0.2051552E+02
    -0.1565681E+03     0.2051574E+02
    -0.1565776E+03     0.2051111E+02
    -0.1565872E+03     0.2050994E+02
    -0.1565920E+03     0.2051337E+02
    -0.1565952E+03     0.2052048E+02
    -0.1566004E+03     0.2052323E+02
    -0.1566060E+03     0.2051632E+02
    -0.1566128E+03     0.2051860E+02
    -0.1566189E+03     0.2051812E+02
    -0.1566394E+03     0.2050772E+02
    -0.1566428E+03     0.2050908E+02
    -0.1566460E+03     0.2051712E+02
    -0.1566591E+03     0.2050513E+02
    -0.1566645E+03     0.2050327E+02
    -0.1566713E+03     0.2050439E+02
    -0.1566818E+03     0.2050919E+02
    -0.1566835E+03     0.2051653E+02
    -0.1566946E+03     0.2052339E+02
    -0.1566997E+03     0.2053141E+02
    -0.1566992E+03     0.2053417E+02
    -0.1566900E+03     0.2054294E+02
    -0.1566837E+03     0.2054641E+02
    -0.1566749E+03     0.2055632E+02
    -0.1566667E+03     0.2055864E+02
    -0.1566606E+03     0.2056050E+02
    -0.1566520E+03     0.2056007E+02
    -0.1566445E+03     0.2056561E+02
    -0.1566379E+03     0.2057137E+02
    -0.1566318E+03     0.2057369E+02
    -0.1566150E+03     0.2058523E+02
    -0.1566082E+03     0.2059306E+02
    -0.1566009E+03     0.2059377E+02
    -0.1565894E+03     0.2060162E+02
END
18
    -0.1555025E+03     0.1967739E+02
    -0.1558214E+03     0.2026227E+02
    -0.1558148E+03     0.2026111E+02
    -0.1557982E+03     0.2025075E+02
    -0.1557887E+03     0.2024958E+02
    -0.1557787E+03     0.2024497E+02
    -0.1557707E+03     0.2024679E+02
    -0.1557527E+03     0.2023550E+02
    -0.1557420E+03     0.2022744E+02
    -0.1557396E+03     0.2022146E+02
    -0.1557369E+03     0.2021961E+02
    -0.1557320E+03     0.2021914E+02
    -0.1557323E+03     0.2021018E+02
    -0.1557303E+03     0.2020558E+02
    -0.1556926E+03     0.2018367E+02
    -0.1556890E+03     0.2018320E+02
    -0.1556827E+03     0.2018250E+02
    -0.1556491E+03     0.2016128E+02
    -0.1556450E+03     0.2015874E+02
    -0.1556370E+03     0.2014838E+02
    -0.1556311E+03     0.2014400E+02
    -0.1556243E+03     0.2014375E+02
    -0.1556175E+03     0.2013983E+02
    -0.1556112E+03     0.2013866E+02
    -0.1556073E+03     0.2013612E+02
    -0.1555983E+03     0.2012346E+02
    -0.1555918E+03     0.2012068E+02
    -0.1555645E+03     0.2012911E+02
    -0.1555565E+03     0.2012908E+02
    -0.1555399E+03     0.2012283E+02
    -0.1555319E+03     0.2012234E+02
    -0.1555166E+03     0.2011448E+02
    -0.1555110E+03     0.2011492E+02
    -0.1555008E+03     0.2011397E+02
    -0.1554842E+03     0.2010725E+02
    -0.1554677E+03     0.2010375E+02
    -0.1554560E+03     0.2009842E+02
    -0.1554461E+03     0.2009655E+02
    -0.1554364E+03     0.2009122E+02
    -0.1554308E+03     0.2008753E+02
    -0.1554227E+03     0.2008566E+02
    -0.1554067E+03     0.2007755E+02
    -0.1553980E+03     0.2007315E+02
    -0.1553914E+03     0.2006784E+02
    -0.1553868E+03     0.2006828E+02
    -0.1553819E+03     0.2006620E+02
    -0.1553642E+03     0.2005349E+02
    -0.1553538E+03     0.2005252E+02
    -0.1553516E+03     0.2005229E+02
    -0.1553344E+03     0.2003980E+02
    -0.1553300E+03     0.2003818E+02
    -0.1552865E+03     0.2001891E+02
    -0.1552742E+03     0.2001564E+02
    -0.1552671E+03     0.2001124E+02
    -0.1552567E+03     0.2000567E+02
    -0.1552518E+03     0.2000000E+02
    -0.1552489E+03     0.1999691E+02
    -0.1552351E+03     0.1998719E+02
    -0.1552249E+03     0.1998415E+02
    -0.1552152E+03     0.1997744E+02
    -0.1552085E+03     0.1997258E+02
    -0.1551988E+03     0.1995989E+02
    -0.1551896E+03     0.1995594E+02
    -0.1551794E+03     0.1994761E+02
    -0.1551707E+03     0.1994366E+02
    -0.1551617E+03     0.1993603E+02
    -0.1551337E+03     0.1991037E+02
    -0.1551284E+03     0.1990414E+02
    -0.1551187E+03     0.1988754E+02
    -0.1551144E+03     0.1988453E+02
    -0.1551083E+03     0.1987668E+02
    -0.1551020E+03     0.1987435E+02
    -0.1550928E+03     0.1986625E+02
    -0.1550851E+03     0.1985518E+02
    -0.1550830E+03     0.1984528E+02
    -0.1550909E+03     0.1982395E+02
    -0.1550924E+03     0.1981523E+02
    -0.1550886E+03     0.1980556E+02
    -0.1550903E+03     0.1979545E+02
    -0.1550872E+03     0.1979061E+02
    -0.1550885E+03     0.1978372E+02
    -0.1550920E+03     0.1976375E+02
    -0.1550919E+03     0.1973961E+02
    -0.1550888E+03     0.1973247E+02
    -0.1550859E+03     0.1972993E+02
    -0.1550764E+03     0.1972758E+02
    -0.1550737E+03     0.1973193E+02
    -0.1550710E+03     0.1973306E+02
    -0.1550672E+03     0.1973120E+02
    -0.1550609E+03     0.1973071E+02
    -0.1550560E+03     0.1973573E+02
    -0.1550484E+03     0.1973638E+02
    -0.1550426E+03     0.1974163E+02
    -0.1550387E+03     0.1974161E+02
    -0.1550322E+03     0.1973559E+02
    -0.1550290E+03     0.1973557E+02
    -0.1550287E+03     0.1973902E+02
    -0.1550211E+03     0.1973880E+02
    -0.1550188E+03     0.1973873E+02
    -0.1550142E+03     0.1974192E+02
    -0.1550071E+03     0.1973912E+02
    -0.1550025E+03     0.1973978E+02
    -0.1550000E+03     0.1973768E+02
    -0.1549989E+03     0.1973677E+02
    -0.1549867E+03     0.1971440E+02
    -0.1549769E+03     0.1969021E+02
    -0.1549774E+03     0.1968332E+02
    -0.1549809E+03     0.1967461E+02
    -0.1549805E+03     0.1966173E+02
    -0.1549791E+03     0.1964656E+02
    -0.1549760E+03     0.1964008E+02
    -0.1549743E+03     0.1963642E+02
    -0.1549680E+03     0.1962971E+02
    -0.1549583E+03     0.1962896E+02
    -0.1549470E+03     0.1962567E+02
    -0.1549445E+03     0.1962221E+02
    -0.1549451E+03     0.1961095E+02
    -0.1549427E+03     0.1960611E+02
    -0.1549311E+03     0.1959868E+02
    -0.1549066E+03     0.1957484E+02
    -0.1548867E+03     0.1956414E+02
    -0.1548835E+03     0.1956160E+02
    -0.1548812E+03     0.1955973E+02
    -0.1548727E+03     0.1955692E+02
    -0.1548633E+03     0.1955134E+02
    -0.1548507E+03     0.1954895E+02
    -0.1548379E+03     0.1954151E+02
    -0.1548258E+03     0.1953981E+02
    -0.1548142E+03     0.1953123E+02
    -0.1548099E+03     0.1952062E+02
    -0.1548132E+03     0.1950939E+02
    -0.1548198E+03     0.1949886E+02
    -0.1548243E+03     0.1948216E+02
    -0.1548245E+03     0.1948120E+02
    -0.1548394E+03     0.1946774E+02
    -0.1548543E+03     0.1945038E+02
    -0.1548694E+03     0.1943831E+02
    -0.1548804E+03     0.1943218E+02
    -0.1548948E+03     0.1941848E+02
    -0.1549244E+03     0.1940045E+02
    -0.1549284E+03     0.1939802E+02
    -0.1549493E+03     0.1937633E+02
    -0.1549727E+03     0.1936039E+02
    -0.1549854E+03     0.1934806E+02
    -0.1549953E+03     0.1934122E+02
    -0.1550000E+03     0.1933936E+02
    -0.1550305E+03     0.1932713E+02
    -0.1550349E+03     0.1932538E+02
    -0.1550774E+03     0.1931137E+02
    -0.1550915E+03     0.1930088E+02
    -0.1551138E+03     0.1929067E+02
    -0.1551326E+03     0.1927606E+02
    -0.1551484E+03     0.1927171E+02
    -0.1551662E+03     0.1926682E+02
    -0.1551759E+03     0.1926618E+02
    -0.1551934E+03     0.1925983E+02
    -0.1552152E+03     0.1925833E+02
    -0.1552295E+03     0.1926093E+02
    -0.1552408E+03     0.1926604E+02
    -0.1552541E+03     0.1926702E+02
    -0.1552626E+03     0.1927051E+02
    -0.1552725E+03     0.1927010E+02
    -0.1552767E+03     0.1926816E+02
    -0.1552815E+03     0.1926600E+02
    -0.1552997E+03     0.1926148E+02
    -0.1553176E+03     0.1924663E+02
    -0.1553378E+03     0.1923752E+02
    -0.1553409E+03     0.1923478E+02
    -0.1553509E+03     0.1921597E+02
    -0.1553575E+03     0.1921025E+02
    -0.1553810E+03     0.1919978E+02
    -0.1553825E+03     0.1919948E+02
    -0.1553914E+03     0.1919775E+02
    -0.1554207E+03     0.1918407E+02
    -0.1554297E+03     0.1917216E+02
    -0.1554368E+03     0.1916621E+02
    -0.1554436E+03     0.1915773E+02
    -0.1554508E+03     0.1915224E+02
    -0.1554634E+03     0.1914700E+02
    -0.1554799E+03     0.1914499E+02
    -0.1554947E+03     0.1914021E+02
    -0.1555085E+03     0.1913474E+02
    -0.1555114E+03     0.1913200E+02
    -0.1555116E+03     0.1912671E+02
    -0.1555150E+03     0.1911661E+02
    -0.1555223E+03     0.1911457E+02
    -0.1555257E+03     0.1911366E+02
    -0.1555441E+03     0.1909211E+02
    -0.1555536E+03     0.1908433E+02
    -0.1555565E+03     0.1907928E+02
    -0.1555551E+03     0.1905859E+02
    -0.1555585E+03     0.1904597E+02
    -0.1555653E+03     0.1903358E+02
    -0.1555813E+03     0.1901845E+02
    -0.1555835E+03     0.1901031E+02
    -0.1555845E+03     0.1900674E+02
    -0.1555920E+03     0.1899413E+02
    -0.1556001E+03     0.1897255E+02
    -0.1556042E+03     0.1896980E+02
    -0.1556160E+03     0.1897167E+02
    -0.1556248E+03     0.1895584E+02
    -0.1556502E+03     0.1892809E+02
    -0.1556628E+03     0.1892010E+02
    -0.1556700E+03     0.1891550E+02
    -0.1556782E+03     0.1891368E+02
    -0.1556819E+03     0.1891461E+02
    -0.1556838E+03     0.1891967E+02
    -0.1556816E+03     0.1893575E+02
    -0.1556837E+03     0.1894012E+02
    -0.1557062E+03     0.1895350E+02
    -0.1557187E+03     0.1896640E+02
    -0.1557286E+03     0.1897193E+02
    -0.1557446E+03     0.1897426E+02
    -0.1557554E+03     0.1897808E+02
    -0.1557590E+03     0.1897935E+02
    -0.1557701E+03     0.1898649E+02
    -0.1557948E+03     0.1900676E+02
    -0.1558015E+03     0.1900975E+02
    -0.1558199E+03     0.1901323E+02
    -0.1558375E+03     0.1902084E+02
    -0.1558731E+03     0.1903217E+02
    -0.1558767E+03     0.1903330E+02
    -0.1558834E+03     0.1903928E+02
    -0.1558914E+03     0.1906043E+02
    -0.1558994E+03     0.1907400E+02
    -0.1559115E+03     0.1908803E+02
    -0.1559165E+03     0.1910067E+02
    -0.1559204E+03     0.1912458E+02
    -0.1559199E+03     0.1913745E+02
    -0.1559156E+03     0.1914347E+02
    -0.1559133E+03     0.1914663E+02
    -0.1559187E+03     0.1915583E+02
    -0.1559189E+03     0.1915974E+02
    -0.1559138E+03     0.1916709E+02
    -0.1559111E+03     0.1917467E+02
    -0.1559119E+03     0.1918317E+02
    -0.1559058E+03     0.1919833E+02
    -0.1559065E+03     0.1920201E+02
    -0.1559029E+03     0.1920890E+02
    -0.1559039E+03     0.1922361E+02
    -0.1559007E+03     0.1924475E+02
    -0.1559009E+03     0.1925303E+02
    -0.1558987E+03     0.1926360E+02
    -0.1558915E+03     0.1929806E+02
    -0.1558927E+03     0.1932012E+02
    -0.1558880E+03     0.1933735E+02
    -0.1558994E+03     0.1938103E+02
    -0.1559036E+03     0.1938598E+02
    -0.1559096E+03     0.1939299E+02
    -0.1559113E+03     0.1939989E+02
    -0.1559084E+03     0.1941229E+02
    -0.1559137E+03     0.1942034E+02
    -0.1559156E+03     0.1942655E+02
    -0.1559214E+03     0.1943391E+02
    -0.1559241E+03     0.1944081E+02
    -0.1559279E+03     0.1946195E+02
    -0.1559204E+03     0.1947390E+02
    -0.1559212E+03     0.1947803E+02
    -0.1559253E+03     0.1948195E+02
    -0.1559296E+03     0.1948241E+02
    -0.1559350E+03     0.1948080E+02
    -0.1559401E+03     0.1948495E+02
    -0.1559443E+03     0.1948588E+02
    -0.1559464E+03     0.1948633E+02
    -0.1559500E+03     0.1949254E+02
    -0.1559493E+03     0.1950104E+02
    -0.1559510E+03     0.1950863E+02
    -0.1559585E+03     0.1952403E+02
    -0.1559563E+03     0.1953782E+02
    -0.1559573E+03     0.1954218E+02
    -0.1559679E+03     0.1956081E+02
    -0.1559645E+03     0.1956724E+02
    -0.1559653E+03     0.1956931E+02
    -0.1559698E+03     0.1957253E+02
    -0.1559694E+03     0.1958333E+02
    -0.1559728E+03     0.1959804E+02
    -0.1559751E+03     0.1960101E+02
    -0.1559781E+03     0.1960471E+02
    -0.1559805E+03     0.1961252E+02
    -0.1559868E+03     0.1962034E+02
    -0.1559895E+03     0.1963045E+02
    -0.1559888E+03     0.1963367E+02
    -0.1559944E+03     0.1963827E+02
    -0.1560048E+03     0.1964034E+02
    -0.1560130E+03     0.1964747E+02
    -0.1560259E+03     0.1965207E+02
    -0.1560288E+03     0.1965483E+02
    -0.1560307E+03     0.1966150E+02
    -0.1560261E+03     0.1967138E+02
    -0.1560274E+03     0.1967735E+02
    -0.1560322E+03     0.1968241E+02
    -0.1560344E+03     0.1968954E+02
    -0.1560458E+03     0.1969758E+02
    -0.1560482E+03     0.1970333E+02
    -0.1560499E+03     0.1971735E+02
    -0.1560521E+03     0.1972171E+02
    -0.1560567E+03     0.1972445E+02
    -0.1560628E+03     0.1972815E+02
    -0.1560640E+03     0.1973091E+02
    -0.1560546E+03     0.1974240E+02
    -0.1560553E+03     0.1974768E+02
    -0.1560495E+03     0.1975894E+02
    -0.1560512E+03     0.1976860E+02
    -0.1560497E+03     0.1977572E+02
    -0.1560446E+03     0.1978261E+02
    -0.1560315E+03     0.1979180E+02
    -0.1560135E+03     0.1980834E+02
    -0.1560028E+03     0.1982190E+02
    -0.1560009E+03     0.1982367E+02
    -0.1559851E+03     0.1983844E+02
    -0.1559778E+03     0.1984831E+02
    -0.1559705E+03     0.1985360E+02
    -0.1559613E+03     0.1985727E+02
    -0.1559489E+03     0.1985795E+02
    -0.1559399E+03     0.1985564E+02
    -0.1559355E+03     0.1985610E+02
    -0.1559292E+03     0.1986046E+02
    -0.1559231E+03     0.1986183E+02
    -0.1559227E+03     0.1986459E+02
    -0.1559253E+03     0.1987333E+02
    -0.1559229E+03     0.1987769E+02
    -0.1559171E+03     0.1988343E+02
    -0.1559151E+03     0.1988779E+02
    -0.1559089E+03     0.1989263E+02
    -0.1559081E+03     0.1989330E+02
    -0.1559063E+03     0.1990203E+02
    -0.1559027E+03     0.1990548E+02
    -0.1559017E+03     0.1991076E+02
    -0.1558881E+03     0.1991856E+02
    -0.1558944E+03     0.1992523E+02
    -0.1558930E+03     0.1993167E+02
    -0.1558893E+03     0.1993787E+02
    -0.1558832E+03     0.1993947E+02
    -0.1558798E+03     0.1994199E+02
    -0.1558803E+03     0.1994728E+02
    -0.1558699E+03     0.1994589E+02
    -0.1558699E+03     0.1995049E+02
    -0.1558545E+03     0.1996954E+02
    -0.1558511E+03     0.1997183E+02
    -0.1558321E+03     0.1998100E+02
    -0.1558287E+03     0.1999616E+02
    -0.1558291E+03     0.2000000E+02
    -0.1558297E+03     0.2000490E+02
    -0.1558250E+03     0.2002305E+02
    -0.1558253E+03     0.2003224E+02
    -0.1558265E+03     0.2003546E+02
    -0.1558423E+03     0.2005387E+02
    -0.1558520E+03     0.2006790E+02
    -0.1558666E+03     0.2008423E+02
    -0.1558785E+03     0.2009597E+02
    -0.1558824E+03     0.2010172E+02
    -0.1558841E+03     0.2010999E+02
    -0.1558860E+03     0.2011781E+02
    -0.1558914E+03     0.2012701E+02
    -0.1558923E+03     0.2013643E+02
    -0.1559013E+03     0.2016218E+02
    -0.1559028E+03     0.2018654E+02
    -0.1559057E+03     0.2019596E+02
    -0.1559043E+03     0.2019919E+02
    -0.1559023E+03     0.2020400E+02
    -0.1559023E+03     0.2021297E+02
    -0.1558966E+03     0.2023548E+02
    -0.1558791E+03     0.2026304E+02
    -0.1558654E+03     0.2026923E+02
    -0.1558367E+03     0.2026781E+02
    -0.1558214E+03     0.2026227E+02
END
END
