illinois
1
    -0.8741887E+02     0.4216835E+02
    -0.8752000E+02     0.4172926E+02
    -0.8752254E+02     0.4173303E+02
    -0.8752436E+02     0.4174581E+02
    -0.8753352E+02     0.4175153E+02
    -0.8753591E+02     0.4175697E+02
    -0.8754485E+02     0.4175811E+02
    -0.8754958E+02     0.4176096E+02
    -0.8755785E+02     0.4177403E+02
    -0.8756385E+02     0.4177777E+02
    -0.8756593E+02     0.4178275E+02
    -0.8757198E+02     0.4178763E+02
    -0.8756654E+02     0.4179557E+02
    -0.8758412E+02     0.4182021E+02
    -0.8758755E+02     0.4182502E+02
    -0.8759862E+02     0.4184467E+02
    -0.8760198E+02     0.4185718E+02
    -0.8760123E+02     0.4186063E+02
    -0.8759882E+02     0.4186161E+02
    -0.8759475E+02     0.4185347E+02
    -0.8759264E+02     0.4185445E+02
    -0.8759204E+02     0.4186111E+02
    -0.8759472E+02     0.4186562E+02
    -0.8760322E+02     0.4187020E+02
    -0.8760403E+02     0.4187431E+02
    -0.8759852E+02     0.4188729E+02
    -0.8760126E+02     0.4189317E+02
    -0.8760933E+02     0.4190143E+02
    -0.8761044E+02     0.4190530E+02
    -0.8760912E+02     0.4190992E+02
    -0.8761491E+02     0.4191661E+02
    -0.8761726E+02     0.4191932E+02
    -0.8762114E+02     0.4191716E+02
    -0.8762273E+02     0.4192467E+02
    -0.8761946E+02     0.4193324E+02
    -0.8762846E+02     0.4194147E+02
    -0.8762466E+02     0.4194524E+02
    -0.8762719E+02     0.4195320E+02
    -0.8762101E+02     0.4195886E+02
    -0.8762118E+02     0.4196230E+02
    -0.8763158E+02     0.4196774E+02
    -0.8764523E+02     0.4198914E+02
    -0.8765804E+02     0.4202294E+02
    -0.8766785E+02     0.4204880E+02
    -0.8766695E+02     0.4205547E+02
    -0.8766164E+02     0.4205401E+02
    -0.8766059E+02     0.4205770E+02
    -0.8767316E+02     0.4207524E+02
    -0.8768858E+02     0.4208192E+02
    -0.8769531E+02     0.4208746E+02
    -0.8770094E+02     0.4209533E+02
    -0.8771982E+02     0.4210924E+02
    -0.8772949E+02     0.4212246E+02
    -0.8775159E+02     0.4215259E+02
    -0.8775941E+02     0.4216085E+02
    -0.8777957E+02     0.4219328E+02
    -0.8778490E+02     0.4219497E+02
    -0.8778849E+02     0.4219876E+02
    -0.8779288E+02     0.4221216E+02
    -0.8780087E+02     0.4221743E+02
    -0.8780172E+02     0.4222795E+02
    -0.8780475E+02     0.4223193E+02
    -0.8780735E+02     0.4223536E+02
    -0.8782506E+02     0.4227908E+02
    -0.8782815E+02     0.4229687E+02
    -0.8781774E+02     0.4234049E+02
    -0.8781639E+02     0.4235456E+02
    -0.8781594E+02     0.4235934E+02
    -0.8781351E+02     0.4236032E+02
    -0.8780912E+02     0.4235907E+02
    -0.8780180E+02     0.4237922E+02
    -0.8779767E+02     0.4238300E+02
    -0.8779579E+02     0.4241262E+02
    -0.8778885E+02     0.4246416E+02
    -0.8779029E+02     0.4247255E+02
    -0.8779372E+02     0.4249245E+02
    -0.8779528E+02     0.4249831E+02
    -0.8779528E+02     0.4249831E+02
    -0.8777696E+02     0.4249700E+02
    -0.8766461E+02     0.4249415E+02
    -0.8763702E+02     0.4249495E+02
    -0.8762653E+02     0.4249525E+02
    -0.8761160E+02     0.4249398E+02
    -0.8746680E+02     0.4249354E+02
    -0.8745596E+02     0.4249350E+02
    -0.8729648E+02     0.4249408E+02
    -0.8712615E+02     0.4249445E+02
    -0.8700502E+02     0.4249454E+02
    -0.8700752E+02     0.4247622E+02
    -0.8702020E+02     0.4243636E+02
    -0.8702642E+02     0.4239845E+02
    -0.8703321E+02     0.4237050E+02
    -0.8706326E+02     0.4224654E+02
    -0.8708881E+02     0.4214072E+02
    -0.8709048E+02     0.4212603E+02
    -0.8709139E+02     0.4212241E+02
    -0.8712223E+02     0.4199858E+02
    -0.8712717E+02     0.4197873E+02
    -0.8716147E+02     0.4187614E+02
    -0.8719405E+02     0.4177840E+02
    -0.8719639E+02     0.4176059E+02
    -0.8722881E+02     0.4176038E+02
    -0.8739711E+02     0.4175913E+02
    -0.8751816E+02     0.4175808E+02
    -0.8752000E+02     0.4172926E+02
END
2
    -0.8929739E+02     0.4139811E+02
    -0.9064056E+02     0.4250691E+02
    -0.9040154E+02     0.4250384E+02
    -0.9023119E+02     0.4250329E+02
    -0.9020155E+02     0.4250317E+02
    -0.9000000E+02     0.4250156E+02
    -0.8979811E+02     0.4249994E+02
    -0.8962777E+02     0.4249943E+02
    -0.8945743E+02     0.4249866E+02
    -0.8928710E+02     0.4249763E+02
    -0.8911678E+02     0.4249635E+02
    -0.8903107E+02     0.4249530E+02
    -0.8886283E+02     0.4249464E+02
    -0.8881513E+02     0.4249578E+02
    -0.8881070E+02     0.4249433E+02
    -0.8878300E+02     0.4249424E+02
    -0.8870639E+02     0.4249395E+02
    -0.8862550E+02     0.4249371E+02
    -0.8861038E+02     0.4249511E+02
    -0.8857652E+02     0.4249411E+02
    -0.8853622E+02     0.4249479E+02
    -0.8840331E+02     0.4249695E+02
    -0.8835374E+02     0.4249788E+02
    -0.8831414E+02     0.4249681E+02
    -0.8829407E+02     0.4249525E+02
    -0.8823709E+02     0.4249688E+02
    -0.8821314E+02     0.4249549E+02
    -0.8815898E+02     0.4249745E+02
    -0.8814410E+02     0.4249737E+02
    -0.8809888E+02     0.4249784E+02
    -0.8789868E+02     0.4249868E+02
    -0.8780716E+02     0.4249889E+02
    -0.8779528E+02     0.4249831E+02
    -0.8779528E+02     0.4249831E+02
    -0.8779372E+02     0.4249245E+02
    -0.8779029E+02     0.4247255E+02
    -0.8778885E+02     0.4246416E+02
    -0.8779579E+02     0.4241262E+02
    -0.8779767E+02     0.4238300E+02
    -0.8780180E+02     0.4237922E+02
    -0.8780912E+02     0.4235907E+02
    -0.8781351E+02     0.4236032E+02
    -0.8781594E+02     0.4235934E+02
    -0.8781639E+02     0.4235456E+02
    -0.8781774E+02     0.4234049E+02
    -0.8782815E+02     0.4229687E+02
    -0.8782506E+02     0.4227908E+02
    -0.8780735E+02     0.4223536E+02
    -0.8780475E+02     0.4223193E+02
    -0.8780172E+02     0.4222795E+02
    -0.8780087E+02     0.4221743E+02
    -0.8779288E+02     0.4221216E+02
    -0.8778849E+02     0.4219876E+02
    -0.8778490E+02     0.4219497E+02
    -0.8777957E+02     0.4219328E+02
    -0.8775941E+02     0.4216085E+02
    -0.8775159E+02     0.4215259E+02
    -0.8772949E+02     0.4212246E+02
    -0.8771982E+02     0.4210924E+02
    -0.8770094E+02     0.4209533E+02
    -0.8769531E+02     0.4208746E+02
    -0.8768858E+02     0.4208192E+02
    -0.8767316E+02     0.4207524E+02
    -0.8766059E+02     0.4205770E+02
    -0.8766164E+02     0.4205401E+02
    -0.8766695E+02     0.4205547E+02
    -0.8766785E+02     0.4204880E+02
    -0.8765804E+02     0.4202294E+02
    -0.8764523E+02     0.4198914E+02
    -0.8763158E+02     0.4196774E+02
    -0.8762118E+02     0.4196230E+02
    -0.8762101E+02     0.4195886E+02
    -0.8762719E+02     0.4195320E+02
    -0.8762466E+02     0.4194524E+02
    -0.8762846E+02     0.4194147E+02
    -0.8761946E+02     0.4193324E+02
    -0.8762273E+02     0.4192467E+02
    -0.8762114E+02     0.4191716E+02
    -0.8761726E+02     0.4191932E+02
    -0.8761491E+02     0.4191661E+02
    -0.8760912E+02     0.4190992E+02
    -0.8761044E+02     0.4190530E+02
    -0.8760933E+02     0.4190143E+02
    -0.8760126E+02     0.4189317E+02
    -0.8759852E+02     0.4188729E+02
    -0.8760403E+02     0.4187431E+02
    -0.8760322E+02     0.4187020E+02
    -0.8759472E+02     0.4186562E+02
    -0.8759204E+02     0.4186111E+02
    -0.8759264E+02     0.4185445E+02
    -0.8759475E+02     0.4185347E+02
    -0.8759882E+02     0.4186161E+02
    -0.8760123E+02     0.4186063E+02
    -0.8760198E+02     0.4185718E+02
    -0.8759862E+02     0.4184467E+02
    -0.8758755E+02     0.4182502E+02
    -0.8758412E+02     0.4182021E+02
    -0.8756654E+02     0.4179557E+02
    -0.8757198E+02     0.4178763E+02
    -0.8756593E+02     0.4178275E+02
    -0.8756385E+02     0.4177777E+02
    -0.8755785E+02     0.4177403E+02
    -0.8754958E+02     0.4176096E+02
    -0.8754485E+02     0.4175811E+02
    -0.8753591E+02     0.4175697E+02
    -0.8753352E+02     0.4175153E+02
    -0.8752436E+02     0.4174581E+02
    -0.8752254E+02     0.4173303E+02
    -0.8752000E+02     0.4172926E+02
    -0.8752000E+02     0.4172926E+02
    -0.8751952E+02     0.4154512E+02
    -0.8752094E+02     0.4151694E+02
    -0.8752096E+02     0.4141440E+02
    -0.8752120E+02     0.4129137E+02
    -0.8752145E+02     0.4116550E+02
    -0.8752170E+02     0.4103963E+02
    -0.8752194E+02     0.4091378E+02
    -0.8752220E+02     0.4087853E+02
    -0.8752313E+02     0.4075270E+02
    -0.8752406E+02     0.4062687E+02
    -0.8752498E+02     0.4050106E+02
    -0.8752589E+02     0.4037526E+02
    -0.8752652E+02     0.4028855E+02
    -0.8752722E+02     0.4024948E+02
    -0.8752948E+02     0.4012372E+02
    -0.8754198E+02     0.4000000E+02
    -0.8754196E+02     0.3999915E+02
    -0.8754092E+02     0.3999500E+02
    -0.8753745E+02     0.3998112E+02
    -0.8753619E+02     0.3992131E+02
    -0.8753767E+02     0.3987923E+02
    -0.8753599E+02     0.3980121E+02
    -0.8753613E+02     0.3976328E+02
    -0.8753786E+02     0.3975006E+02
    -0.8753550E+02     0.3972638E+02
    -0.8753526E+02     0.3968329E+02
    -0.8753542E+02     0.3960434E+02
    -0.8753304E+02     0.3956410E+02
    -0.8753537E+02     0.3955525E+02
    -0.8753564E+02     0.3954003E+02
    -0.8753395E+02     0.3952152E+02
    -0.8753582E+02     0.3949203E+02
    -0.8753509E+02     0.3946902E+02
    -0.8753759E+02     0.3942657E+02
    -0.8753522E+02     0.3938454E+02
    -0.8752994E+02     0.3936971E+02
    -0.8752994E+02     0.3936971E+02
    -0.8752604E+02     0.3935543E+02
    -0.8752854E+02     0.3934888E+02
    -0.8753201E+02     0.3934558E+02
    -0.8754161E+02     0.3934780E+02
    -0.8754845E+02     0.3934716E+02
    -0.8755466E+02     0.3933801E+02
    -0.8756219E+02     0.3933579E+02
    -0.8757775E+02     0.3933733E+02
    -0.8758683E+02     0.3932944E+02
    -0.8759449E+02     0.3932081E+02
    -0.8760312E+02     0.3930626E+02
    -0.8760236E+02     0.3929981E+02
    -0.8759758E+02     0.3929618E+02
    -0.8759658E+02     0.3929339E+02
    -0.8760709E+02     0.3928624E+02
    -0.8760982E+02     0.3928062E+02
    -0.8760925E+02     0.3927579E+02
    -0.8760214E+02     0.3927161E+02
    -0.8759943E+02     0.3926783E+02
    -0.8760162E+02     0.3925715E+02
    -0.8759474E+02     0.3924496E+02
    -0.8758910E+02     0.3924542E+02
    -0.8758190E+02     0.3925178E+02
    -0.8757384E+02     0.3925329E+02
    -0.8756995E+02     0.3924969E+02
    -0.8757819E+02     0.3923650E+02
    -0.8757339E+02     0.3922416E+02
    -0.8757459E+02     0.3921507E+02
    -0.8757516E+02     0.3921071E+02
    -0.8758830E+02     0.3919473E+02
    -0.8759952E+02     0.3918555E+02
    -0.8760565E+02     0.3918190E+02
    -0.8761652E+02     0.3918256E+02
    -0.8761785E+02     0.3918009E+02
    -0.8761567E+02     0.3917290E+02
    -0.8761917E+02     0.3916891E+02
    -0.8763197E+02     0.3916689E+02
    -0.8763690E+02     0.3916365E+02
    -0.8764174E+02     0.3915261E+02
    -0.8765006E+02     0.3914698E+02
    -0.8765337E+02     0.3913221E+02
    -0.8765118E+02     0.3912960E+02
    -0.8764281E+02     0.3912712E+02
    -0.8764223E+02     0.3912696E+02
    -0.8764099E+02     0.3912324E+02
    -0.8764246E+02     0.3911871E+02
    -0.8764867E+02     0.3911391E+02
    -0.8764981E+02     0.3910983E+02
    -0.8764684E+02     0.3910582E+02
    -0.8763815E+02     0.3910364E+02
    -0.8761269E+02     0.3910103E+02
    -0.8761143E+02     0.3909777E+02
    -0.8761804E+02     0.3908680E+02
    -0.8761597E+02     0.3908236E+02
    -0.8760049E+02     0.3908060E+02
    -0.8759365E+02     0.3907712E+02
    -0.8757922E+02     0.3906370E+02
    -0.8757330E+02     0.3905521E+02
    -0.8757156E+02     0.3905056E+02
    -0.8757325E+02     0.3904743E+02
    -0.8757691E+02     0.3904068E+02
    -0.8756778E+02     0.3902290E+02
    -0.8756734E+02     0.3901623E+02
    -0.8757040E+02     0.3900535E+02
    -0.8757553E+02     0.3899891E+02
    -0.8757282E+02     0.3899536E+02
    -0.8756242E+02     0.3899265E+02
    -0.8756053E+02     0.3899005E+02
    -0.8756596E+02     0.3898797E+02
    -0.8757358E+02     0.3898828E+02
    -0.8757767E+02     0.3898431E+02
    -0.8756197E+02     0.3898162E+02
    -0.8752698E+02     0.3896899E+02
    -0.8752550E+02     0.3896846E+02
    -0.8751752E+02     0.3895575E+02
    -0.8751098E+02     0.3895251E+02
    -0.8751033E+02     0.3894904E+02
    -0.8751968E+02     0.3893658E+02
    -0.8751534E+02     0.3893113E+02
    -0.8751498E+02     0.3892768E+02
    -0.8751844E+02     0.3891979E+02
    -0.8752263E+02     0.3891859E+02
    -0.8752405E+02     0.3891497E+02
    -0.8752274E+02     0.3890804E+02
    -0.8751987E+02     0.3890701E+02
    -0.8751620E+02     0.3890480E+02
    -0.8751529E+02     0.3890086E+02
    -0.8751809E+02     0.3889845E+02
    -0.8753037E+02     0.3889482E+02
    -0.8753325E+02     0.3889127E+02
    -0.8753619E+02     0.3888222E+02
    -0.8753465E+02     0.3887894E+02
    -0.8753754E+02     0.3887516E+02
    -0.8754539E+02     0.3887181E+02
    -0.8754585E+02     0.3886931E+02
    -0.8754211E+02     0.3886366E+02
    -0.8754375E+02     0.3886120E+02
    -0.8755079E+02     0.3886125E+02
    -0.8755396E+02     0.3885771E+02
    -0.8754775E+02     0.3885379E+02
    -0.8753876E+02     0.3885228E+02
    -0.8753394E+02     0.3884979E+02
    -0.8752730E+02     0.3884356E+02
    -0.8752183E+02     0.3882431E+02
    -0.8752518E+02     0.3881802E+02
    -0.8752384E+02     0.3881155E+02
    -0.8750304E+02     0.3878583E+02
    -0.8749890E+02     0.3878072E+02
    -0.8749834E+02     0.3877588E+02
    -0.8750148E+02     0.3877280E+02
    -0.8750896E+02     0.3877058E+02
    -0.8751280E+02     0.3876569E+02
    -0.8751149E+02     0.3876334E+02
    -0.8750539E+02     0.3876241E+02
    -0.8749858E+02     0.3876350E+02
    -0.8749779E+02     0.3875774E+02
    -0.8750422E+02     0.3874470E+02
    -0.8750320E+02     0.3874237E+02
    -0.8749728E+02     0.3873891E+02
    -0.8749634E+02     0.3873544E+02
    -0.8750476E+02     0.3872775E+02
    -0.8751724E+02     0.3871175E+02
    -0.8751756E+02     0.3869823E+02
    -0.8752086E+02     0.3868804E+02
    -0.8752222E+02     0.3868664E+02
    -0.8752495E+02     0.3868385E+02
    -0.8754190E+02     0.3867537E+02
    -0.8755418E+02     0.3867127E+02
    -0.8758829E+02     0.3866439E+02
    -0.8759595E+02     0.3865919E+02
    -0.8760423E+02     0.3864439E+02
    -0.8761985E+02     0.3863813E+02
    -0.8762135E+02     0.3863315E+02
    -0.8761745E+02     0.3862542E+02
    -0.8762293E+02     0.3861761E+02
    -0.8762734E+02     0.3859921E+02
    -0.8762640E+02     0.3859573E+02
    -0.8761596E+02     0.3858981E+02
    -0.8761332E+02     0.3858535E+02
    -0.8761745E+02     0.3858091E+02
    -0.8762383E+02     0.3858118E+02
    -0.8763623E+02     0.3858833E+02
    -0.8764180E+02     0.3858809E+02
    -0.8764397E+02     0.3858611E+02
    -0.8764129E+02     0.3857339E+02
    -0.8764436E+02     0.3857109E+02
    -0.8765204E+02     0.3856533E+02
    -0.8765389E+02     0.3855463E+02
    -0.8766863E+02     0.3854351E+02
    -0.8767062E+02     0.3853992E+02
    -0.8766544E+02     0.3853398E+02
    -0.8765879E+02     0.3851927E+02
    -0.8765073E+02     0.3851275E+02
    -0.8764613E+02     0.3850248E+02
    -0.8764873E+02     0.3849846E+02
    -0.8765577E+02     0.3849804E+02
    -0.8767201E+02     0.3850443E+02
    -0.8767474E+02     0.3849834E+02
    -0.8768423E+02     0.3848728E+02
    -0.8768483E+02     0.3848658E+02
    -0.8769513E+02     0.3848079E+02
    -0.8772207E+02     0.3847497E+02
    -0.8773750E+02     0.3847580E+02
    -0.8774264E+02     0.3847302E+02
    -0.8775385E+02     0.3845717E+02
    -0.8775319E+02     0.3845371E+02
    -0.8773254E+02     0.3844785E+02
    -0.8773045E+02     0.3844410E+02
    -0.8774046E+02     0.3843325E+02
    -0.8774387E+02     0.3842559E+02
    -0.8774402E+02     0.3841389E+02
    -0.8774975E+02     0.3839692E+02
    -0.8775510E+02     0.3839070E+02
    -0.8776774E+02     0.3837960E+02
    -0.8777485E+02     0.3837335E+02
    -0.8778024E+02     0.3836644E+02
    -0.8778964E+02     0.3836061E+02
    -0.8780811E+02     0.3835422E+02
    -0.8782105E+02     0.3834302E+02
    -0.8782603E+02     0.3833311E+02
    -0.8783851E+02     0.3828198E+02
    -0.8784367E+02     0.3827708E+02
    -0.8784408E+02     0.3827669E+02
    -0.8785389E+02     0.3827339E+02
    -0.8785913E+02     0.3827337E+02
    -0.8786682E+02     0.3827618E+02
    -0.8787001E+02     0.3828594E+02
    -0.8786518E+02     0.3830777E+02
    -0.8787383E+02     0.3830925E+02
    -0.8787849E+02     0.3830461E+02
    -0.8788370E+02     0.3829082E+02
    -0.8789796E+02     0.3827645E+02
    -0.8790894E+02     0.3826837E+02
    -0.8791724E+02     0.3826593E+02
    -0.8792036E+02     0.3827224E+02
    -0.8791895E+02     0.3827498E+02
    -0.8791045E+02     0.3829160E+02
    -0.8791658E+02     0.3829619E+02
    -0.8792651E+02     0.3829565E+02
    -0.8793127E+02     0.3829399E+02
    -0.8793957E+02     0.3828696E+02
    -0.8795107E+02     0.3826996E+02
    -0.8794514E+02     0.3826194E+02
    -0.8794505E+02     0.3825872E+02
    -0.8795326E+02     0.3825283E+02
    -0.8795953E+02     0.3825032E+02
    -0.8796056E+02     0.3824279E+02
    -0.8796490E+02     0.3824318E+02
    -0.8797863E+02     0.3825699E+02
    -0.8798531E+02     0.3825724E+02
    -0.8798306E+02     0.3823283E+02
    -0.8798306E+02     0.3823283E+02
    -0.8798241E+02     0.3820847E+02
    -0.8797748E+02     0.3819775E+02
    -0.8796669E+02     0.3818796E+02
    -0.8795162E+02     0.3818193E+02
    -0.8794106E+02     0.3817329E+02
    -0.8792874E+02     0.3815473E+02
    -0.8793002E+02     0.3814767E+02
    -0.8793997E+02     0.3813987E+02
    -0.8795216E+02     0.3811097E+02
    -0.8795785E+02     0.3809750E+02
    -0.8795426E+02     0.3807879E+02
    -0.8795935E+02     0.3807094E+02
    -0.8798026E+02     0.3806067E+02
    -0.8800683E+02     0.3805265E+02
    -0.8803229E+02     0.3805423E+02
    -0.8803966E+02     0.3804692E+02
    -0.8803880E+02     0.3804161E+02
    -0.8803299E+02     0.3803594E+02
    -0.8802931E+02     0.3803463E+02
    -0.8802140E+02     0.3803596E+02
    -0.8801073E+02     0.3803466E+02
    -0.8799982E+02     0.3802740E+02
    -0.8800650E+02     0.3802213E+02
    -0.8801411E+02     0.3802080E+02
    -0.8802129E+02     0.3801714E+02
    -0.8802411E+02     0.3801334E+02
    -0.8801105E+02     0.3798214E+02
    -0.8801151E+02     0.3797390E+02
    -0.8801540E+02     0.3796646E+02
    -0.8802445E+02     0.3796354E+02
    -0.8802692E+02     0.3796274E+02
    -0.8803030E+02     0.3795941E+02
    -0.8802967E+02     0.3794448E+02
    -0.8801624E+02     0.3792015E+02
    -0.8801163E+02     0.3789888E+02
    -0.8801722E+02     0.3789219E+02
    -0.8803484E+02     0.3789304E+02
    -0.8804015E+02     0.3789138E+02
    -0.8804855E+02     0.3789145E+02
    -0.8806530E+02     0.3789754E+02
    -0.8807437E+02     0.3790267E+02
    -0.8808862E+02     0.3791073E+02
    -0.8809014E+02     0.3789885E+02
    -0.8806098E+02     0.3786022E+02
    -0.8805357E+02     0.3785285E+02
    -0.8802868E+02     0.3784739E+02
    -0.8802347E+02     0.3784216E+02
    -0.8802375E+02     0.3783185E+02
    -0.8802986E+02     0.3782610E+02
    -0.8803088E+02     0.3782590E+02
    -0.8804009E+02     0.3782416E+02
    -0.8807001E+02     0.3783277E+02
    -0.8808043E+02     0.3783290E+02
    -0.8808305E+02     0.3782726E+02
    -0.8808231E+02     0.3781966E+02
    -0.8807408E+02     0.3780606E+02
    -0.8805415E+02     0.3780537E+02
    -0.8803658E+02     0.3780912E+02
    -0.8803321E+02     0.3780740E+02
    -0.8802478E+02     0.3779242E+02
    -0.8802364E+02     0.3778596E+02
    -0.8802258E+02     0.3777995E+02
    -0.8802787E+02     0.3776797E+02
    -0.8805446E+02     0.3774113E+02
    -0.8806828E+02     0.3772716E+02
    -0.8807947E+02     0.3772342E+02
    -0.8810805E+02     0.3770811E+02
    -0.8813954E+02     0.3768143E+02
    -0.8815019E+02     0.3766596E+02
    -0.8815231E+02     0.3765341E+02
    -0.8815187E+02     0.3764898E+02
    -0.8815063E+02     0.3763637E+02
    -0.8814382E+02     0.3761801E+02
    -0.8813154E+02     0.3759946E+02
    -0.8812506E+02     0.3757515E+02
    -0.8811633E+02     0.3756590E+02
    -0.8807988E+02     0.3754309E+02
    -0.8807867E+02     0.3754234E+02
    -0.8807002E+02     0.3753171E+02
    -0.8806362E+02     0.3751703E+02
    -0.8806169E+02     0.3749952E+02
    -0.8806194E+02     0.3749494E+02
    -0.8806838E+02     0.3748254E+02
    -0.8808774E+02     0.3747105E+02
    -0.8813986E+02     0.3746573E+02
    -0.8816508E+02     0.3746315E+02
    -0.8817735E+02     0.3746012E+02
    -0.8819993E+02     0.3745790E+02
    -0.8823899E+02     0.3744912E+02
    -0.8827880E+02     0.3744792E+02
    -0.8829476E+02     0.3744362E+02
    -0.8830537E+02     0.3744077E+02
    -0.8832344E+02     0.3743103E+02
    -0.8833109E+02     0.3742233E+02
    -0.8835036E+02     0.3740575E+02
    -0.8836207E+02     0.3740177E+02
    -0.8837232E+02     0.3740394E+02
    -0.8839886E+02     0.3741994E+02
    -0.8841039E+02     0.3741962E+02
    -0.8842526E+02     0.3741655E+02
    -0.8843250E+02     0.3741505E+02
    -0.8844283E+02     0.3740987E+02
    -0.8845903E+02     0.3739661E+02
    -0.8846860E+02     0.3738361E+02
    -0.8848185E+02     0.3733056E+02
    -0.8849435E+02     0.3731013E+02
    -0.8849467E+02     0.3730962E+02
    -0.8850346E+02     0.3728259E+02
    -0.8850493E+02     0.3727024E+02
    -0.8849680E+02     0.3725438E+02
    -0.8848304E+02     0.3724202E+02
    -0.8847081E+02     0.3722786E+02
    -0.8845287E+02     0.3721329E+02
    -0.8844382E+02     0.3720146E+02
    -0.8844262E+02     0.3719989E+02
    -0.8841895E+02     0.3715644E+02
    -0.8841676E+02     0.3714857E+02
    -0.8842843E+02     0.3711589E+02
    -0.8843958E+02     0.3709353E+02
    -0.8844811E+02     0.3708524E+02
    -0.8845583E+02     0.3707775E+02
    -0.8848360E+02     0.3706096E+02
    -0.8850272E+02     0.3705674E+02
    -0.8855196E+02     0.3706678E+02
    -0.8858314E+02     0.3708675E+02
    -0.8861453E+02     0.3710707E+02
    -0.8863897E+02     0.3711486E+02
    -0.8870955E+02     0.3713654E+02
    -0.8871804E+02     0.3713470E+02
    -0.8872877E+02     0.3713664E+02
    -0.8874639E+02     0.3714403E+02
    -0.8876997E+02     0.3715894E+02
    -0.8880098E+02     0.3717796E+02
    -0.8881396E+02     0.3718293E+02
    -0.8884082E+02     0.3718553E+02
    -0.8887451E+02     0.3720232E+02
    -0.8889063E+02     0.3720783E+02
    -0.8891004E+02     0.3721158E+02
    -0.8891283E+02     0.3721212E+02
    -0.8894652E+02     0.3722316E+02
    -0.8896748E+02     0.3722328E+02
    -0.8900571E+02     0.3721538E+02
    -0.8902350E+02     0.3720875E+02
    -0.8905007E+02     0.3718654E+02
    -0.8908385E+02     0.3715828E+02
    -0.8910207E+02     0.3713376E+02
    -0.8911417E+02     0.3711136E+02
    -0.8912602E+02     0.3710181E+02
    -0.8914101E+02     0.3709256E+02
    -0.8914540E+02     0.3708834E+02
    -0.8915354E+02     0.3708050E+02
    -0.8917233E+02     0.3705506E+02
    -0.8917767E+02     0.3702892E+02
    -0.8917341E+02     0.3701912E+02
    -0.8915028E+02     0.3699368E+02
    -0.8913288E+02     0.3698725E+02
    -0.8916107E+02     0.3697905E+02
    -0.8917080E+02     0.3697907E+02
    -0.8918397E+02     0.3698606E+02
    -0.8919450E+02     0.3699483E+02
    -0.8920041E+02     0.3701248E+02
    -0.8920217E+02     0.3701774E+02
    -0.8920938E+02     0.3702366E+02
    -0.8921761E+02     0.3702571E+02
    -0.8922076E+02     0.3702835E+02
    -0.8923285E+02     0.3703849E+02
    -0.8925502E+02     0.3707209E+02
    -0.8926279E+02     0.3707871E+02
    -0.8927154E+02     0.3708214E+02
    -0.8928381E+02     0.3708337E+02
    -0.8928934E+02     0.3708121E+02
    -0.8930083E+02     0.3707301E+02
    -0.8930444E+02     0.3706116E+02
    -0.8930325E+02     0.3705494E+02
    -0.8929752E+02     0.3704723E+02
    -0.8929531E+02     0.3704534E+02
    -0.8928726E+02     0.3703848E+02
    -0.8926848E+02     0.3702814E+02
    -0.8926086E+02     0.3701051E+02
    -0.8926524E+02     0.3700099E+02
    -0.8927109E+02     0.3699792E+02
    -0.8928568E+02     0.3699783E+02
    -0.8929440E+02     0.3700218E+02
    -0.8930094E+02     0.3700303E+02
    -0.8931931E+02     0.3700945E+02
    -0.8934317E+02     0.3702174E+02
    -0.8935892E+02     0.3702946E+02
    -0.8937616E+02     0.3704296E+02
    -0.8938282E+02     0.3705643E+02
    -0.8937913E+02     0.3707837E+02
    -0.8938062E+02     0.3709217E+02
    -0.8938599E+02     0.3710171E+02
    -0.8940675E+02     0.3712795E+02
    -0.8942022E+02     0.3714497E+02
    -0.8945039E+02     0.3717948E+02
    -0.8946188E+02     0.3719690E+02
    -0.8946670E+02     0.3721383E+02
    -0.8946626E+02     0.3722443E+02
    -0.8945881E+02     0.3724368E+02
    -0.8946202E+02     0.3724642E+02
    -0.8948742E+02     0.3724797E+02
    -0.8949581E+02     0.3725008E+02
    -0.8950865E+02     0.3726176E+02
    -0.8951430E+02     0.3728070E+02
    -0.8951433E+02     0.3729436E+02
    -0.8950356E+02     0.3731530E+02
    -0.8949406E+02     0.3732381E+02
    -0.8948692E+02     0.3732780E+02
    -0.8948380E+02     0.3732954E+02
    -0.8946180E+02     0.3733361E+02
    -0.8946184E+02     0.3733270E+02
    -0.8944520E+02     0.3733965E+02
    -0.8943343E+02     0.3734694E+02
    -0.8942182E+02     0.3738084E+02
    -0.8942364E+02     0.3739396E+02
    -0.8942928E+02     0.3741245E+02
    -0.8943449E+02     0.3742141E+02
    -0.8943929E+02     0.3742966E+02
    -0.8945111E+02     0.3744485E+02
    -0.8947593E+02     0.3746676E+02
    -0.8949203E+02     0.3749122E+02
    -0.8949875E+02     0.3751271E+02
    -0.8951178E+02     0.3752960E+02
    -0.8951389E+02     0.3753232E+02
    -0.8951913E+02     0.3755469E+02
    -0.8952062E+02     0.3757743E+02
    -0.8950939E+02     0.3761979E+02
    -0.8951395E+02     0.3763462E+02
    -0.8951232E+02     0.3763985E+02
    -0.8951376E+02     0.3765319E+02
    -0.8951363E+02     0.3767604E+02
    -0.8951580E+02     0.3768327E+02
    -0.8952263E+02     0.3769032E+02
    -0.8953393E+02     0.3769746E+02
    -0.8956791E+02     0.3770404E+02
    -0.8959224E+02     0.3771459E+02
    -0.8960769E+02     0.3771857E+02
    -0.8961975E+02     0.3772482E+02
    -0.8961975E+02     0.3772482E+02
    -0.8966659E+02     0.3774745E+02
    -0.8967133E+02     0.3775853E+02
    -0.8967160E+02     0.3776339E+02
    -0.8967160E+02     0.3776339E+02
    -0.8967383E+02     0.3778724E+02
    -0.8967985E+02     0.3779723E+02
    -0.8968912E+02     0.3780523E+02
    -0.8971110E+02     0.3781934E+02
    -0.8972657E+02     0.3783305E+02
    -0.8974314E+02     0.3785340E+02
    -0.8977420E+02     0.3787398E+02
    -0.8980520E+02     0.3788219E+02
    -0.8983795E+02     0.3789890E+02
    -0.8983795E+02     0.3789890E+02
    -0.8985127E+02     0.3790788E+02
    -0.8985789E+02     0.3790916E+02
    -0.8986746E+02     0.3790866E+02
    -0.8987659E+02     0.3790403E+02
    -0.8989482E+02     0.3788559E+02
    -0.8990626E+02     0.3788100E+02
    -0.8991928E+02     0.3788103E+02
    -0.8994075E+02     0.3788879E+02
    -0.8996275E+02     0.3790778E+02
    -0.8996426E+02     0.3790971E+02
    -0.8997418E+02     0.3792244E+02
    -0.8997385E+02     0.3793367E+02
    -0.8997105E+02     0.3794004E+02
    -0.8995863E+02     0.3794828E+02
    -0.8994833E+02     0.3796276E+02
    -0.8994749E+02     0.3797145E+02
    -0.8994749E+02     0.3797145E+02
    -0.8995562E+02     0.3797092E+02
    -0.8996769E+02     0.3796473E+02
    -0.8998653E+02     0.3796463E+02
    -0.8999337E+02     0.3796843E+02
    -0.9000000E+02     0.3797357E+02
    -0.9004041E+02     0.3800485E+02
    -0.9006623E+02     0.3801404E+02
    -0.9008130E+02     0.3801683E+02
    -0.9008815E+02     0.3801810E+02
    -0.9009991E+02     0.3802245E+02
    -0.9010847E+02     0.3802741E+02
    -0.9011768E+02     0.3804019E+02
    -0.9012253E+02     0.3805311E+02
    -0.9014248E+02     0.3806585E+02
    -0.9016062E+02     0.3807075E+02
    -0.9016872E+02     0.3807158E+02
    -0.9018420E+02     0.3807850E+02
    -0.9020224E+02     0.3808902E+02
    -0.9021134E+02     0.3809432E+02
    -0.9024178E+02     0.3811708E+02
    -0.9026725E+02     0.3814203E+02
    -0.9027646E+02     0.3815639E+02
    -0.9029318E+02     0.3817226E+02
    -0.9030968E+02     0.3818010E+02
    -0.9031815E+02     0.3818412E+02
    -0.9034548E+02     0.3820611E+02
    -0.9035901E+02     0.3822283E+02
    -0.9036923E+02     0.3826700E+02
    -0.9037150E+02     0.3828961E+02
    -0.9037458E+02     0.3832048E+02
    -0.9037159E+02     0.3833533E+02
    -0.9035136E+02     0.3837489E+02
    -0.9033781E+02     0.3839232E+02
    -0.9032246E+02     0.3840419E+02
    -0.9031284E+02     0.3841162E+02
    -0.9030515E+02     0.3841562E+02
    -0.9029858E+02     0.3842147E+02
    -0.9029189E+02     0.3843213E+02
    -0.9027944E+02     0.3848418E+02
    -0.9026279E+02     0.3851718E+02
    -0.9025493E+02     0.3853275E+02
    -0.9024150E+02     0.3855129E+02
    -0.9022257E+02     0.3857264E+02
    -0.9019356E+02     0.3859193E+02
    -0.9018607E+02     0.3860397E+02
    -0.9018153E+02     0.3862878E+02
    -0.9018239E+02     0.3864363E+02
    -0.9018680E+02     0.3866359E+02
    -0.9020078E+02     0.3869251E+02
    -0.9020204E+02     0.3869882E+02
    -0.9020412E+02     0.3870929E+02
    -0.9019866E+02     0.3872707E+02
    -0.9017835E+02     0.3875215E+02
    -0.9016900E+02     0.3877261E+02
    -0.9015304E+02     0.3877783E+02
    -0.9013165E+02     0.3878868E+02
    -0.9012206E+02     0.3879829E+02
    -0.9012019E+02     0.3880016E+02
    -0.9011189E+02     0.3881376E+02
    -0.9010758E+02     0.3883086E+02
    -0.9011079E+02     0.3884192E+02
    -0.9012138E+02     0.3885058E+02
    -0.9019632E+02     0.3888464E+02
    -0.9020417E+02     0.3888821E+02
    -0.9023234E+02     0.3890930E+02
    -0.9027625E+02     0.3892377E+02
    -0.9031927E+02     0.3892813E+02
    -0.9033962E+02     0.3893496E+02
    -0.9033962E+02     0.3893496E+02
    -0.9037611E+02     0.3895400E+02
    -0.9041342E+02     0.3896465E+02
    -0.9042923E+02     0.3896627E+02
    -0.9043983E+02     0.3896528E+02
    -0.9045499E+02     0.3895749E+02
    -0.9046113E+02     0.3895195E+02
    -0.9046113E+02     0.3895195E+02
    -0.9048019E+02     0.3893473E+02
    -0.9052576E+02     0.3888043E+02
    -0.9054185E+02     0.3886944E+02
    -0.9056880E+02     0.3886747E+02
    -0.9058120E+02     0.3886656E+02
    -0.9059758E+02     0.3886839E+02
    -0.9061327E+02     0.3887479E+02
    -0.9062735E+02     0.3888758E+02
    -0.9065341E+02     0.3891610E+02
    -0.9066645E+02     0.3893735E+02
    -0.9067001E+02     0.3895104E+02
    -0.9067757E+02     0.3898009E+02
    -0.9068365E+02     0.3901178E+02
    -0.9069179E+02     0.3902929E+02
    -0.9070432E+02     0.3904823E+02
    -0.9070516E+02     0.3906404E+02
    -0.9070209E+02     0.3907041E+02
    -0.9070092E+02     0.3907179E+02
    -0.9069214E+02     0.3908219E+02
    -0.9068772E+02     0.3909610E+02
    -0.9068693E+02     0.3910571E+02
    -0.9069218E+02     0.3912135E+02
    -0.9070390E+02     0.3913753E+02
    -0.9071547E+02     0.3916126E+02
    -0.9072374E+02     0.3918793E+02
    -0.9072372E+02     0.3918986E+02
    -0.9072327E+02     0.3922433E+02
    -0.9073002E+02     0.3923998E+02
    -0.9076789E+02     0.3928991E+02
    -0.9078316E+02     0.3930200E+02
    -0.9079256E+02     0.3930944E+02
    -0.9081887E+02     0.3932098E+02
    -0.9084640E+02     0.3934626E+02
    -0.9087939E+02     0.3936472E+02
    -0.9090977E+02     0.3937855E+02
    -0.9092534E+02     0.3938539E+02
    -0.9098287E+02     0.3942035E+02
    -0.9100368E+02     0.3942904E+02
    -0.9104025E+02     0.3945279E+02
    -0.9105634E+02     0.3946323E+02
    -0.9108623E+02     0.3952966E+02
    -0.9109410E+02     0.3953638E+02
    -0.9113507E+02     0.3954524E+02
    -0.9113673E+02     0.3954585E+02
    -0.9115536E+02     0.3955275E+02
    -0.9117202E+02     0.3956664E+02
    -0.9119609E+02     0.3959958E+02
    -0.9120928E+02     0.3960839E+02
    -0.9121928E+02     0.3961305E+02
    -0.9124635E+02     0.3963531E+02
    -0.9128427E+02     0.3966646E+02
    -0.9132536E+02     0.3969631E+02
    -0.9134769E+02     0.3971067E+02
    -0.9136620E+02     0.3971998E+02
    -0.9137140E+02     0.3973533E+02
    -0.9136844E+02     0.3975910E+02
    -0.9137112E+02     0.3978200E+02
    -0.9137948E+02     0.3980196E+02
    -0.9139239E+02     0.3981373E+02
    -0.9139948E+02     0.3981630E+02
    -0.9140199E+02     0.3981905E+02
    -0.9141334E+02     0.3982440E+02
    -0.9141639E+02     0.3982708E+02
    -0.9143097E+02     0.3983986E+02
    -0.9143973E+02     0.3985250E+02
    -0.9144546E+02     0.3987107E+02
    -0.9144621E+02     0.3988319E+02
    -0.9142532E+02     0.3991599E+02
    -0.9142638E+02     0.3992789E+02
    -0.9143664E+02     0.3994035E+02
    -0.9144514E+02     0.3995066E+02
    -0.9145565E+02     0.3996766E+02
    -0.9146229E+02     0.3998600E+02
    -0.9146455E+02     0.4000000E+02
    -0.9147128E+02     0.4000248E+02
    -0.9148256E+02     0.4002218E+02
    -0.9148198E+02     0.4003917E+02
    -0.9148762E+02     0.4005843E+02
    -0.9149693E+02     0.4009198E+02
    -0.9150320E+02     0.4011686E+02
    -0.9150657E+02     0.4015672E+02
    -0.9150594E+02     0.4016376E+02
    -0.9150594E+02     0.4016376E+02
    -0.9149854E+02     0.4022920E+02
    -0.9148804E+02     0.4024611E+02
    -0.9148706E+02     0.4026376E+02
    -0.9148186E+02     0.4028719E+02
    -0.9147488E+02     0.4031865E+02
    -0.9146705E+02     0.4033313E+02
    -0.9143743E+02     0.4036390E+02
    -0.9143358E+02     0.4037181E+02
    -0.9143358E+02     0.4037181E+02
    -0.9140231E+02     0.4037486E+02
    -0.9137545E+02     0.4038276E+02
    -0.9136378E+02     0.4039233E+02
    -0.9136703E+02     0.4041154E+02
    -0.9137373E+02     0.4043054E+02
    -0.9137374E+02     0.4045173E+02
    -0.9135929E+02     0.4047825E+02
    -0.9136188E+02     0.4050192E+02
    -0.9137184E+02     0.4051894E+02
    -0.9138928E+02     0.4053019E+02
    -0.9140549E+02     0.4054063E+02
    -0.9140061E+02     0.4055948E+02
    -0.9138374E+02     0.4057468E+02
    -0.9135909E+02     0.4059303E+02
    -0.9133511E+02     0.4060692E+02
    -0.9131045E+02     0.4061466E+02
    -0.9127905E+02     0.4062458E+02
    -0.9125294E+02     0.4062976E+02
    -0.9122894E+02     0.4063302E+02
    -0.9119285E+02     0.4063174E+02
    -0.9117152E+02     0.4063836E+02
    -0.9113863E+02     0.4065628E+02
    -0.9111448E+02     0.4066924E+02
    -0.9110383E+02     0.4068931E+02
    -0.9109766E+02     0.4071882E+02
    -0.9108930E+02     0.4073875E+02
    -0.9108529E+02     0.4075577E+02
    -0.9108363E+02     0.4078412E+02
    -0.9108866E+02     0.4079882E+02
    -0.9108445E+02     0.4081408E+02
    -0.9106466E+02     0.4084706E+02
    -0.9103333E+02     0.4087015E+02
    -0.9100323E+02     0.4089404E+02
    -0.9097844E+02     0.4091318E+02
    -0.9095933E+02     0.4093109E+02
    -0.9094850E+02     0.4095028E+02
    -0.9094300E+02     0.4096473E+02
    -0.9094699E+02     0.4100333E+02
    -0.9095240E+02     0.4103303E+02
    -0.9094807E+02     0.4105889E+02
    -0.9094408E+02     0.4107678E+02
    -0.9095287E+02     0.4109392E+02
    -0.9096318E+02     0.4111449E+02
    -0.9097852E+02     0.4113830E+02
    -0.9098820E+02     0.4115273E+02
    -0.9099832E+02     0.4116007E+02
    -0.9101128E+02     0.4116106E+02
    -0.9102746E+02     0.4115921E+02
    -0.9104456E+02     0.4116613E+02
    -0.9105561E+02     0.4118224E+02
    -0.9106909E+02     0.4119909E+02
    -0.9108295E+02     0.4121944E+02
    -0.9109393E+02     0.4123467E+02
    -0.9109383E+02     0.4125587E+02
    -0.9108346E+02     0.4127946E+02
    -0.9106878E+02     0.4130684E+02
    -0.9106062E+02     0.4132941E+02
    -0.9105408E+02     0.4135630E+02
    -0.9104805E+02     0.4137697E+02
    -0.9105172E+02     0.4140059E+02
    -0.9104449E+02     0.4140986E+02
    -0.9102478E+02     0.4142340E+02
    -0.9099069E+02     0.4143427E+02
    -0.9096922E+02     0.4143113E+02
    -0.9094534E+02     0.4142724E+02
    -0.9091005E+02     0.4142667E+02
    -0.9088114E+02     0.4143102E+02
    -0.9084595E+02     0.4144278E+02
    -0.9082637E+02     0.4144657E+02
    -0.9077563E+02     0.4144420E+02
    -0.9073593E+02     0.4144648E+02
    -0.9069066E+02     0.4145170E+02
    -0.9066108E+02     0.4146132E+02
    -0.9063786E+02     0.4147587E+02
    -0.9061372E+02     0.4149311E+02
    -0.9059649E+02     0.4150909E+02
    -0.9058523E+02     0.4151413E+02
    -0.9055726E+02     0.4151656E+02
    -0.9050647E+02     0.4151407E+02
    -0.9046939E+02     0.4151963E+02
    -0.9045253E+02     0.4152761E+02
    -0.9042005E+02     0.4155674E+02
    -0.9040451E+02     0.4156641E+02
    -0.9038419E+02     0.4157545E+02
    -0.9035050E+02     0.4157991E+02
    -0.9034071E+02     0.4158837E+02
    -0.9033970E+02     0.4160255E+02
    -0.9033951E+02     0.4163787E+02
    -0.9033371E+02     0.4166377E+02
    -0.9032289E+02     0.4168642E+02
    -0.9032136E+02     0.4170768E+02
    -0.9031413E+02     0.4173101E+02
    -0.9030766E+02     0.4174990E+02
    -0.9029573E+02     0.4176112E+02
    -0.9027291E+02     0.4176938E+02
    -0.9025286E+02     0.4176955E+02
    -0.9023951E+02     0.4177820E+02
    -0.9022538E+02     0.4179129E+02
    -0.9020420E+02     0.4180475E+02
    -0.9018966E+02     0.4181345E+02
    -0.9018098E+02     0.4182185E+02
    -0.9017531E+02     0.4183714E+02
    -0.9016886E+02     0.4185690E+02
    -0.9016452E+02     0.4187389E+02
    -0.9016161E+02     0.4188472E+02
    -0.9016161E+02     0.4188472E+02
    -0.9014394E+02     0.4189437E+02
    -0.9014004E+02     0.4190339E+02
    -0.9014076E+02     0.4191130E+02
    -0.9014615E+02     0.4193132E+02
    -0.9015402E+02     0.4193975E+02
    -0.9015366E+02     0.4194859E+02
    -0.9014561E+02     0.4196401E+02
    -0.9013739E+02     0.4197767E+02
    -0.9012933E+02     0.4199309E+02
    -0.9013148E+02     0.4200357E+02
    -0.9013614E+02     0.4201458E+02
    -0.9013614E+02     0.4201458E+02
    -0.9015488E+02     0.4204525E+02
    -0.9015943E+02     0.4206578E+02
    -0.9016143E+02     0.4208743E+02
    -0.9015636E+02     0.4210450E+02
    -0.9015950E+02     0.4212411E+02
    -0.9017670E+02     0.4212323E+02
    -0.9019417E+02     0.4212529E+02
    -0.9020216E+02     0.4213971E+02
    -0.9020997E+02     0.4215216E+02
    -0.9023093E+02     0.4216294E+02
    -0.9025179E+02     0.4217273E+02
    -0.9027997E+02     0.4217522E+02
    -0.9030510E+02     0.4218774E+02
    -0.9032694E+02     0.4219351E+02
    -0.9034756E+02     0.4220034E+02
    -0.9037376E+02     0.4220982E+02
    -0.9039003E+02     0.4222676E+02
    -0.9040954E+02     0.4224945E+02
    -0.9041201E+02     0.4227503E+02
    -0.9041553E+02     0.4231144E+02
    -0.9042958E+02     0.4234629E+02
    -0.9044439E+02     0.4236132E+02
    -0.9046062E+02     0.4237726E+02
    -0.9047458E+02     0.4238343E+02
    -0.9050288E+02     0.4239970E+02
    -0.9053062E+02     0.4241006E+02
    -0.9054459E+02     0.4241623E+02
    -0.9056122E+02     0.4242225E+02
    -0.9057721E+02     0.4243522E+02
    -0.9059750E+02     0.4245092E+02
    -0.9061852E+02     0.4246064E+02
    -0.9063966E+02     0.4247135E+02
    -0.9064833E+02     0.4247779E+02
    -0.9065041E+02     0.4249845E+02
    -0.9064056E+02     0.4250691E+02
END
END
