indiana
1
    -0.8720814E+02     0.4170219E+02
    -0.8752000E+02     0.4172926E+02
    -0.8751816E+02     0.4175808E+02
    -0.8739711E+02     0.4175913E+02
    -0.8722881E+02     0.4176038E+02
    -0.8719639E+02     0.4176059E+02
    -0.8702809E+02     0.4175998E+02
    -0.8685979E+02     0.4175912E+02
    -0.8681074E+02     0.4175879E+02
    -0.8681074E+02     0.4175879E+02
    -0.8682520E+02     0.4175246E+02
    -0.8684640E+02     0.4174608E+02
    -0.8687464E+02     0.4173108E+02
    -0.8689284E+02     0.4172636E+02
    -0.8690396E+02     0.4172087E+02
    -0.8690666E+02     0.4171819E+02
    -0.8691577E+02     0.4170917E+02
    -0.8693697E+02     0.4170324E+02
    -0.8700219E+02     0.4168033E+02
    -0.8705396E+02     0.4166015E+02
    -0.8706877E+02     0.4165437E+02
    -0.8712846E+02     0.4164090E+02
    -0.8713416E+02     0.4163825E+02
    -0.8713897E+02     0.4162852E+02
    -0.8714293E+02     0.4162820E+02
    -0.8714474E+02     0.4163527E+02
    -0.8714811E+02     0.4163542E+02
    -0.8714977E+02     0.4162370E+02
    -0.8715441E+02     0.4162497E+02
    -0.8715357E+02     0.4163438E+02
    -0.8717015E+02     0.4162873E+02
    -0.8718832E+02     0.4162465E+02
    -0.8722205E+02     0.4161997E+02
    -0.8729806E+02     0.4161793E+02
    -0.8730909E+02     0.4161858E+02
    -0.8731725E+02     0.4162365E+02
    -0.8732771E+02     0.4162523E+02
    -0.8733244E+02     0.4162552E+02
    -0.8735989E+02     0.4162719E+02
    -0.8738284E+02     0.4163464E+02
    -0.8739764E+02     0.4163748E+02
    -0.8740459E+02     0.4164257E+02
    -0.8742065E+02     0.4164629E+02
    -0.8742817E+02     0.4165023E+02
    -0.8742980E+02     0.4165248E+02
    -0.8742511E+02     0.4165695E+02
    -0.8740194E+02     0.4166532E+02
    -0.8739812E+02     0.4166885E+02
    -0.8740320E+02     0.4167308E+02
    -0.8741521E+02     0.4167856E+02
    -0.8742225E+02     0.4168176E+02
    -0.8742559E+02     0.4168122E+02
    -0.8743046E+02     0.4167377E+02
    -0.8742928E+02     0.4166784E+02
    -0.8743280E+02     0.4166477E+02
    -0.8743576E+02     0.4166928E+02
    -0.8743812E+02     0.4168090E+02
    -0.8744678E+02     0.4167610E+02
    -0.8745854E+02     0.4167259E+02
    -0.8746376E+02     0.4167292E+02
    -0.8748553E+02     0.4168748E+02
    -0.8749454E+02     0.4169023E+02
    -0.8750249E+02     0.4169666E+02
    -0.8750814E+02     0.4170637E+02
    -0.8751413E+02     0.4171011E+02
    -0.8751458E+02     0.4171634E+02
    -0.8751498E+02     0.4172177E+02
    -0.8752000E+02     0.4172926E+02
END
2
    -0.8667066E+02     0.3905530E+02
    -0.8681074E+02     0.4175879E+02
    -0.8669150E+02     0.4175800E+02
    -0.8655456E+02     0.4175690E+02
    -0.8652322E+02     0.4175703E+02
    -0.8635492E+02     0.4175756E+02
    -0.8618662E+02     0.4175785E+02
    -0.8615041E+02     0.4175787E+02
    -0.8598212E+02     0.4175814E+02
    -0.8581382E+02     0.4175815E+02
    -0.8580515E+02     0.4175814E+02
    -0.8564552E+02     0.4175859E+02
    -0.8547723E+02     0.4175880E+02
    -0.8530893E+02     0.4175876E+02
    -0.8514062E+02     0.4175846E+02
    -0.8511268E+02     0.4175838E+02
    -0.8500000E+02     0.4175895E+02
    -0.8497234E+02     0.4175909E+02
    -0.8480473E+02     0.4175970E+02
    -0.8480473E+02     0.4175919E+02
    -0.8480488E+02     0.4169504E+02
    -0.8480518E+02     0.4156913E+02
    -0.8480537E+02     0.4149409E+02
    -0.8480477E+02     0.4144324E+02
    -0.8480331E+02     0.4131736E+02
    -0.8480185E+02     0.4119148E+02
    -0.8480039E+02     0.4106562E+02
    -0.8479894E+02     0.4093977E+02
    -0.8479868E+02     0.4091610E+02
    -0.8479912E+02     0.4079026E+02
    -0.8479956E+02     0.4066442E+02
    -0.8480000E+02     0.4053861E+02
    -0.8480031E+02     0.4045121E+02
    -0.8480132E+02     0.4041282E+02
    -0.8480463E+02     0.4028705E+02
    -0.8480679E+02     0.4020490E+02
    -0.8481259E+02     0.4005128E+02
    -0.8481086E+02     0.4000000E+02
    -0.8481100E+02     0.3999265E+02
    -0.8481147E+02     0.3994946E+02
    -0.8481268E+02     0.3993382E+02
    -0.8481065E+02     0.3992268E+02
    -0.8481068E+02     0.3989540E+02
    -0.8481151E+02     0.3986281E+02
    -0.8481155E+02     0.3984306E+02
    -0.8481137E+02     0.3981352E+02
    -0.8481129E+02     0.3979925E+02
    -0.8481120E+02     0.3979541E+02
    -0.8481172E+02     0.3977453E+02
    -0.8481315E+02     0.3976185E+02
    -0.8481563E+02     0.3974340E+02
    -0.8481281E+02     0.3973367E+02
    -0.8481255E+02     0.3969836E+02
    -0.8481465E+02     0.3966708E+02
    -0.8481333E+02     0.3965338E+02
    -0.8481355E+02     0.3963250E+02
    -0.8481235E+02     0.3960068E+02
    -0.8481297E+02     0.3958918E+02
    -0.8481476E+02     0.3956163E+02
    -0.8481232E+02     0.3955664E+02
    -0.8480978E+02     0.3955446E+02
    -0.8481382E+02     0.3954901E+02
    -0.8481492E+02     0.3952809E+02
    -0.8481366E+02     0.3951117E+02
    -0.8481567E+02     0.3949847E+02
    -0.8481494E+02     0.3948473E+02
    -0.8481454E+02     0.3947145E+02
    -0.8481582E+02     0.3944501E+02
    -0.8481966E+02     0.3943859E+02
    -0.8481531E+02     0.3943425E+02
    -0.8481544E+02     0.3942601E+02
    -0.8481546E+02     0.3942438E+02
    -0.8481556E+02     0.3937024E+02
    -0.8481728E+02     0.3936168E+02
    -0.8481355E+02     0.3933133E+02
    -0.8481554E+02     0.3931449E+02
    -0.8481757E+02     0.3927838E+02
    -0.8481738E+02     0.3925200E+02
    -0.8481747E+02     0.3924925E+02
    -0.8481775E+02     0.3922927E+02
    -0.8481937E+02     0.3921153E+02
    -0.8481723E+02     0.3918272E+02
    -0.8481438E+02     0.3917619E+02
    -0.8481761E+02     0.3916411E+02
    -0.8481683E+02     0.3914969E+02
    -0.8481722E+02     0.3914302E+02
    -0.8481712E+02     0.3910487E+02
    -0.8481712E+02     0.3910487E+02
    -0.8481926E+02     0.3910400E+02
    -0.8483445E+02     0.3909805E+02
    -0.8484243E+02     0.3909287E+02
    -0.8484995E+02     0.3908902E+02
    -0.8485842E+02     0.3908295E+02
    -0.8486852E+02     0.3907636E+02
    -0.8488196E+02     0.3906961E+02
    -0.8488906E+02     0.3906752E+02
    -0.8489902E+02     0.3905920E+02
    -0.8490194E+02     0.3905383E+02
    -0.8490156E+02     0.3904905E+02
    -0.8490272E+02     0.3904482E+02
    -0.8490272E+02     0.3904482E+02
    -0.8490405E+02     0.3904208E+02
    -0.8490214E+02     0.3903677E+02
    -0.8489814E+02     0.3903002E+02
    -0.8489019E+02     0.3902346E+02
    -0.8485445E+02     0.3898467E+02
    -0.8484682E+02     0.3897578E+02
    -0.8484588E+02     0.3897003E+02
    -0.8484527E+02     0.3896234E+02
    -0.8485101E+02     0.3895358E+02
    -0.8486047E+02     0.3894192E+02
    -0.8487060E+02     0.3893873E+02
    -0.8487888E+02     0.3893099E+02
    -0.8488572E+02     0.3892371E+02
    -0.8488886E+02     0.3891970E+02
    -0.8489044E+02     0.3890842E+02
    -0.8488934E+02     0.3890076E+02
    -0.8488485E+02     0.3889403E+02
    -0.8487744E+02     0.3888783E+02
    -0.8486963E+02     0.3888280E+02
    -0.8485960E+02     0.3888098E+02
    -0.8482810E+02     0.3888250E+02
    -0.8482168E+02     0.3888243E+02
    -0.8481252E+02     0.3887901E+02
    -0.8480727E+02     0.3887502E+02
    -0.8480553E+02     0.3886545E+02
    -0.8480717E+02     0.3886113E+02
    -0.8481065E+02     0.3885517E+02
    -0.8482102E+02     0.3884888E+02
    -0.8483056E+02     0.3884455E+02
    -0.8483820E+02     0.3883492E+02
    -0.8484235E+02     0.3882507E+02
    -0.8484110E+02     0.3881548E+02
    -0.8483856E+02     0.3880827E+02
    -0.8483270E+02     0.3880276E+02
    -0.8482822E+02     0.3879603E+02
    -0.8482657E+02     0.3879379E+02
    -0.8482814E+02     0.3878870E+02
    -0.8483389E+02     0.3878649E+02
    -0.8484618E+02     0.3878664E+02
    -0.8485200E+02     0.3878819E+02
    -0.8486554E+02     0.3879015E+02
    -0.8487849E+02     0.3879319E+02
    -0.8489250E+02     0.3879250E+02
    -0.8490169E+02     0.3879022E+02
    -0.8491088E+02     0.3878794E+02
    -0.8491873E+02     0.3878572E+02
    -0.8493249E+02     0.3878190E+02
    -0.8494072E+02     0.3878019E+02
    -0.8495526E+02     0.3877790E+02
    -0.8496336E+02     0.3877880E+02
    -0.8497620E+02     0.3878026E+02
    -0.8498768E+02     0.3878152E+02
    -0.8500000E+02     0.3877742E+02
    -0.8500430E+02     0.3877599E+02
    -0.8501454E+02     0.3877024E+02
    -0.8502985E+02     0.3876083E+02
    -0.8503563E+02     0.3875792E+02
    -0.8505022E+02     0.3875221E+02
    -0.8506404E+02     0.3874524E+02
    -0.8507476E+02     0.3874129E+02
    -0.8508549E+02     0.3873761E+02
    -0.8509042E+02     0.3873238E+02
    -0.8511195E+02     0.3872160E+02
    -0.8512275E+02     0.3871477E+02
    -0.8513362E+02     0.3870871E+02
    -0.8516299E+02     0.3869595E+02
    -0.8517037E+02     0.3869217E+02
    -0.8517970E+02     0.3869169E+02
    -0.8519077E+02     0.3869217E+02
    -0.8519487E+02     0.3869327E+02
    -0.8520179E+02     0.3869606E+02
    -0.8521068E+02     0.3870241E+02
    -0.8521316E+02     0.3870804E+02
    -0.8522001E+02     0.3871397E+02
    -0.8523100E+02     0.3872939E+02
    -0.8523951E+02     0.3873523E+02
    -0.8524509E+02     0.3873782E+02
    -0.8526131E+02     0.3874379E+02
    -0.8526701E+02     0.3874402E+02
    -0.8530053E+02     0.3874463E+02
    -0.8531700E+02     0.3874167E+02
    -0.8532748E+02     0.3873903E+02
    -0.8535655E+02     0.3873462E+02
    -0.8536887E+02     0.3873397E+02
    -0.8538462E+02     0.3873418E+02
    -0.8541067E+02     0.3873751E+02
    -0.8542128E+02     0.3873643E+02
    -0.8543314E+02     0.3873422E+02
    -0.8544215E+02     0.3873008E+02
    -0.8545061E+02     0.3872360E+02
    -0.8546055E+02     0.3871468E+02
    -0.8546358E+02     0.3870719E+02
    -0.8546270E+02     0.3868549E+02
    -0.8546069E+02     0.3867774E+02
    -0.8545093E+02     0.3866150E+02
    -0.8544962E+02     0.3864637E+02
    -0.8545070E+02     0.3864271E+02
    -0.8545030E+02     0.3864066E+02
    -0.8545064E+02     0.3862333E+02
    -0.8544932E+02     0.3861161E+02
    -0.8544611E+02     0.3859928E+02
    -0.8544084E+02     0.3858802E+02
    -0.8543194E+02     0.3857719E+02
    -0.8542758E+02     0.3857285E+02
    -0.8542330E+02     0.3856586E+02
    -0.8542081E+02     0.3855830E+02
    -0.8542009E+02     0.3854992E+02
    -0.8542039E+02     0.3854269E+02
    -0.8542183E+02     0.3853804E+02
    -0.8542804E+02     0.3853194E+02
    -0.8543944E+02     0.3852556E+02
    -0.8545187E+02     0.3852056E+02
    -0.8546723E+02     0.3851397E+02
    -0.8547685E+02     0.3850840E+02
    -0.8548397E+02     0.3849863E+02
    -0.8548864E+02     0.3848900E+02
    -0.8549218E+02     0.3848039E+02
    -0.8549993E+02     0.3847444E+02
    -0.8551131E+02     0.3846805E+02
    -0.8552127E+02     0.3846294E+02
    -0.8553716E+02     0.3845919E+02
    -0.8555075E+02     0.3845700E+02
    -0.8557533E+02     0.3845470E+02
    -0.8558924E+02     0.3845274E+02
    -0.8560230E+02     0.3844817E+02
    -0.8561106E+02     0.3844336E+02
    -0.8561681E+02     0.3843919E+02
    -0.8562444E+02     0.3843204E+02
    -0.8562852E+02     0.3842628E+02
    -0.8563282E+02     0.3841955E+02
    -0.8564101E+02     0.3840153E+02
    -0.8564423E+02     0.3838956E+02
    -0.8564721E+02     0.3837833E+02
    -0.8564992E+02     0.3836062E+02
    -0.8565538E+02     0.3834299E+02
    -0.8566334E+02     0.3832595E+02
    -0.8567102E+02     0.3831097E+02
    -0.8567102E+02     0.3831097E+02
    -0.8567927E+02     0.3829559E+02
    -0.8570045E+02     0.3828195E+02
    -0.8571313E+02     0.3827513E+02
    -0.8572469E+02     0.3826838E+02
    -0.8573319E+02     0.3826441E+02
    -0.8573737E+02     0.3826156E+02
    -0.8574492E+02     0.3825939E+02
    -0.8575495E+02     0.3826014E+02
    -0.8576128E+02     0.3826283E+02
    -0.8576364E+02     0.3826445E+02
    -0.8577197E+02     0.3827095E+02
    -0.8577677E+02     0.3827504E+02
    -0.8578484E+02     0.3827851E+02
    -0.8578936E+02     0.3827957E+02
    -0.8579668E+02     0.3828090E+02
    -0.8581525E+02     0.3827810E+02
    -0.8582374E+02     0.3827413E+02
    -0.8583114E+02     0.3827022E+02
    -0.8583544E+02     0.3826474E+02
    -0.8583736E+02     0.3826134E+02
    -0.8584006E+02     0.3825270E+02
    -0.8584056E+02     0.3824612E+02
    -0.8584451E+02     0.3823900E+02
    -0.8584808E+02     0.3823244E+02
    -0.8585091E+02     0.3823077E+02
    -0.8585091E+02     0.3823077E+02
    -0.8585547E+02     0.3822807E+02
    -0.8586536E+02     0.3822071E+02
    -0.8587602E+02     0.3821264E+02
    -0.8588296E+02     0.3820632E+02
    -0.8589344E+02     0.3819936E+02
    -0.8589931E+02     0.3819376E+02
    -0.8590405E+02     0.3818778E+02
    -0.8591154E+02     0.3817858E+02
    -0.8591451E+02     0.3816854E+02
    -0.8591600E+02     0.3816056E+02
    -0.8591912E+02     0.3814919E+02
    -0.8591441E+02     0.3810999E+02
    -0.8591376E+02     0.3809993E+02
    -0.8591914E+02     0.3808910E+02
    -0.8592735E+02     0.3806669E+02
    -0.8592815E+02     0.3805129E+02
    -0.8592941E+02     0.3803476E+02
    -0.8593434E+02     0.3802505E+02
    -0.8593958E+02     0.3801860E+02
    -0.8594983E+02     0.3801252E+02
    -0.8596828E+02     0.3800816E+02
    -0.8598590E+02     0.3800669E+02
    -0.8600000E+02     0.3800559E+02
    -0.8600000E+02     0.3800559E+02
    -0.8601893E+02     0.3799304E+02
    -0.8602608E+02     0.3798721E+02
    -0.8603245E+02     0.3797674E+02
    -0.8603231E+02     0.3796964E+02
    -0.8603217E+02     0.3796195E+02
    -0.8603336E+02     0.3795777E+02
    -0.8603619E+02     0.3795530E+02
    -0.8604009E+02     0.3795475E+02
    -0.8604600E+02     0.3795649E+02
    -0.8604924E+02     0.3795945E+02
    -0.8606647E+02     0.3797618E+02
    -0.8607218E+02     0.3799163E+02
    -0.8609213E+02     0.3800711E+02
    -0.8610971E+02     0.3801236E+02
    -0.8612064E+02     0.3801383E+02
    -0.8615912E+02     0.3801060E+02
    -0.8616859E+02     0.3800981E+02
    -0.8618153E+02     0.3801138E+02
    -0.8619988E+02     0.3801803E+02
    -0.8623618E+02     0.3803660E+02
    -0.8626116E+02     0.3805138E+02
    -0.8627354E+02     0.3806393E+02
    -0.8627991E+02     0.3808062E+02
    -0.8628078E+02     0.3808288E+02
    -0.8628294E+02     0.3809608E+02
    -0.8628239E+02     0.3810684E+02
    -0.8627682E+02     0.3813343E+02
    -0.8628345E+02     0.3814891E+02
    -0.8630211E+02     0.3816337E+02
    -0.8633849E+02     0.3818451E+02
    -0.8635864E+02     0.3819620E+02
    -0.8636448E+02     0.3819602E+02
    -0.8637383E+02     0.3818798E+02
    -0.8637620E+02     0.3817616E+02
    -0.8637309E+02     0.3816751E+02
    -0.8636624E+02     0.3816190E+02
    -0.8633036E+02     0.3815557E+02
    -0.8632567E+02     0.3815235E+02
    -0.8632014E+02     0.3814106E+02
    -0.8632598E+02     0.3813331E+02
    -0.8633272E+02     0.3812905E+02
    -0.8635326E+02     0.3813050E+02
    -0.8636493E+02     0.3812992E+02
    -0.8638190E+02     0.3812477E+02
    -0.8638998E+02     0.3811437E+02
    -0.8639315E+02     0.3810717E+02
    -0.8639912E+02     0.3810516E+02
    -0.8641196E+02     0.3810831E+02
    -0.8642714E+02     0.3811891E+02
    -0.8644273E+02     0.3812424E+02
    -0.8645497E+02     0.3812391E+02
    -0.8646007E+02     0.3812186E+02
    -0.8646551E+02     0.3811609E+02
    -0.8646607E+02     0.3811548E+02
    -0.8646721E+02     0.3810819E+02
    -0.8646024E+02     0.3810051E+02
    -0.8643929E+02     0.3808918E+02
    -0.8643303E+02     0.3808751E+02
    -0.8642832E+02     0.3808062E+02
    -0.8643069E+02     0.3806857E+02
    -0.8643643E+02     0.3806195E+02
    -0.8645279E+02     0.3804942E+02
    -0.8646546E+02     0.3804313E+02
    -0.8647807E+02     0.3804166E+02
    -0.8649728E+02     0.3804327E+02
    -0.8650347E+02     0.3804379E+02
    -0.8651067E+02     0.3804068E+02
    -0.8651488E+02     0.3803491E+02
    -0.8651910E+02     0.3802134E+02
    -0.8652220E+02     0.3799554E+02
    -0.8651997E+02     0.3795571E+02
    -0.8650753E+02     0.3793974E+02
    -0.8650616E+02     0.3793095E+02
    -0.8650662E+02     0.3793048E+02
    -0.8651118E+02     0.3792590E+02
    -0.8651396E+02     0.3791983E+02
    -0.8652498E+02     0.3791599E+02
    -0.8654621E+02     0.3791516E+02
    -0.8655626E+02     0.3791655E+02
    -0.8656955E+02     0.3792107E+02
    -0.8657858E+02     0.3792058E+02
    -0.8658846E+02     0.3791645E+02
    -0.8659423E+02     0.3790110E+02
    -0.8659275E+02     0.3788198E+02
    -0.8659473E+02     0.3786536E+02
    -0.8659505E+02     0.3786257E+02
    -0.8661559E+02     0.3784745E+02
    -0.8663342E+02     0.3783953E+02
    -0.8664497E+02     0.3783818E+02
    -0.8665326E+02     0.3784003E+02
    -0.8666129E+02     0.3784519E+02
    -0.8666375E+02     0.3785450E+02
    -0.8664951E+02     0.3789058E+02
    -0.8664815E+02     0.3790131E+02
    -0.8665163E+02     0.3790514E+02
    -0.8666780E+02     0.3791002E+02
    -0.8667858E+02     0.3790937E+02
    -0.8669318E+02     0.3790407E+02
    -0.8670498E+02     0.3789726E+02
    -0.8671831E+02     0.3788938E+02
    -0.8672533E+02     0.3788827E+02
    -0.8674454E+02     0.3790237E+02
    -0.8675788E+02     0.3791138E+02
    -0.8676991E+02     0.3792960E+02
    -0.8677798E+02     0.3793846E+02
    -0.8678768E+02     0.3796094E+02
    -0.8679840E+02     0.3798552E+02
    -0.8680949E+02     0.3799291E+02
    -0.8682396E+02     0.3799746E+02
    -0.8683457E+02     0.3799518E+02
    -0.8685371E+02     0.3798731E+02
    -0.8686729E+02     0.3797574E+02
    -0.8687986E+02     0.3796207E+02
    -0.8689561E+02     0.3794934E+02
    -0.8691031E+02     0.3793747E+02
    -0.8696555E+02     0.3792704E+02
    -0.8698689E+02     0.3792452E+02
    -0.8699861E+02     0.3791860E+02
    -0.8702039E+02     0.3790554E+02
    -0.8703378E+02     0.3789189E+02
    -0.8703866E+02     0.3787993E+02
    -0.8704231E+02     0.3784336E+02
    -0.8705293E+02     0.3781283E+02
    -0.8706487E+02     0.3779922E+02
    -0.8707941E+02     0.3778738E+02
    -0.8709365E+02     0.3777968E+02
    -0.8711172E+02     0.3777717E+02
    -0.8712633E+02     0.3777867E+02
    -0.8713203E+02     0.3778633E+02
    -0.8714091E+02     0.3780693E+02
    -0.8715194E+02     0.3782624E+02
    -0.8715733E+02     0.3783193E+02
    -0.8717643E+02     0.3783873E+02
    -0.8719259E+02     0.3783982E+02
    -0.8724349E+02     0.3785391E+02
    -0.8724772E+02     0.3785569E+02
    -0.8725250E+02     0.3785769E+02
    -0.8727831E+02     0.3787968E+02
    -0.8730206E+02     0.3789328E+02
    -0.8733307E+02     0.3790670E+02
    -0.8736267E+02     0.3792419E+02
    -0.8740451E+02     0.3794102E+02
    -0.8743063E+02     0.3794069E+02
    -0.8744000E+02     0.3793922E+02
    -0.8745493E+02     0.3793224E+02
    -0.8749020E+02     0.3791069E+02
    -0.8750357E+02     0.3790575E+02
    -0.8750593E+02     0.3790488E+02
    -0.8752370E+02     0.3790328E+02
    -0.8754469E+02     0.3790593E+02
    -0.8756528E+02     0.3791040E+02
    -0.8758385E+02     0.3792443E+02
    -0.8758693E+02     0.3793557E+02
    -0.8758581E+02     0.3794447E+02
    -0.8758141E+02     0.3795714E+02
    -0.8757992E+02     0.3796232E+02
    -0.8758089E+02     0.3796626E+02
    -0.8758685E+02     0.3796918E+02
    -0.8759393E+02     0.3796923E+02
    -0.8759673E+02     0.3796722E+02
    -0.8760035E+02     0.3796270E+02
    -0.8760380E+02     0.3795040E+02
    -0.8761096E+02     0.3794085E+02
    -0.8762131E+02     0.3793237E+02
    -0.8762324E+02     0.3791539E+02
    -0.8761582E+02     0.3790386E+02
    -0.8759595E+02     0.3789235E+02
    -0.8758119E+02     0.3788078E+02
    -0.8757923E+02     0.3787558E+02
    -0.8758218E+02     0.3786352E+02
    -0.8760469E+02     0.3783473E+02
    -0.8762071E+02     0.3782492E+02
    -0.8762960E+02     0.3782288E+02
    -0.8764740E+02     0.3782245E+02
    -0.8766953E+02     0.3782513E+02
    -0.8768004E+02     0.3783333E+02
    -0.8768846E+02     0.3784259E+02
    -0.8768896E+02     0.3784881E+02
    -0.8767097E+02     0.3788301E+02
    -0.8767178E+02     0.3789383E+02
    -0.8767805E+02     0.3789788E+02
    -0.8769496E+02     0.3789787E+02
    -0.8771629E+02     0.3789167E+02
    -0.8775977E+02     0.3787585E+02
    -0.8776508E+02     0.3787392E+02
    -0.8779974E+02     0.3787084E+02
    -0.8782166E+02     0.3787233E+02
    -0.8784451E+02     0.3788303E+02
    -0.8788223E+02     0.3791623E+02
    -0.8789431E+02     0.3792101E+02
    -0.8790382E+02     0.3792151E+02
    -0.8790849E+02     0.3791774E+02
    -0.8791070E+02     0.3791595E+02
    -0.8792669E+02     0.3789472E+02
    -0.8792978E+02     0.3788107E+02
    -0.8792367E+02     0.3786616E+02
    -0.8790619E+02     0.3783754E+02
    -0.8790152E+02     0.3781787E+02
    -0.8790036E+02     0.3781278E+02
    -0.8791168E+02     0.3780437E+02
    -0.8792276E+02     0.3779768E+02
    -0.8793572E+02     0.3778773E+02
    -0.8794794E+02     0.3777233E+02
    -0.8795354E+02     0.3777173E+02
    -0.8795991E+02     0.3777292E+02
    -0.8797582E+02     0.3778312E+02
    -0.8799628E+02     0.3778981E+02
    -0.8802364E+02     0.3778596E+02
    -0.8802478E+02     0.3779242E+02
    -0.8803321E+02     0.3780740E+02
    -0.8803658E+02     0.3780912E+02
    -0.8805415E+02     0.3780537E+02
    -0.8807408E+02     0.3780606E+02
    -0.8808231E+02     0.3781966E+02
    -0.8808305E+02     0.3782726E+02
    -0.8808043E+02     0.3783290E+02
    -0.8807001E+02     0.3783277E+02
    -0.8804009E+02     0.3782416E+02
    -0.8803088E+02     0.3782590E+02
    -0.8802986E+02     0.3782610E+02
    -0.8802375E+02     0.3783185E+02
    -0.8802347E+02     0.3784216E+02
    -0.8802868E+02     0.3784739E+02
    -0.8805357E+02     0.3785285E+02
    -0.8806098E+02     0.3786022E+02
    -0.8809014E+02     0.3789885E+02
    -0.8808862E+02     0.3791073E+02
    -0.8807437E+02     0.3790267E+02
    -0.8806530E+02     0.3789754E+02
    -0.8804855E+02     0.3789145E+02
    -0.8804015E+02     0.3789138E+02
    -0.8803484E+02     0.3789304E+02
    -0.8801722E+02     0.3789219E+02
    -0.8801163E+02     0.3789888E+02
    -0.8801624E+02     0.3792015E+02
    -0.8802967E+02     0.3794448E+02
    -0.8803030E+02     0.3795941E+02
    -0.8802692E+02     0.3796274E+02
    -0.8802445E+02     0.3796354E+02
    -0.8801540E+02     0.3796646E+02
    -0.8801151E+02     0.3797390E+02
    -0.8801105E+02     0.3798214E+02
    -0.8802411E+02     0.3801334E+02
    -0.8802129E+02     0.3801714E+02
    -0.8801411E+02     0.3802080E+02
    -0.8800650E+02     0.3802213E+02
    -0.8799982E+02     0.3802740E+02
    -0.8801073E+02     0.3803466E+02
    -0.8802140E+02     0.3803596E+02
    -0.8802931E+02     0.3803463E+02
    -0.8803299E+02     0.3803594E+02
    -0.8803880E+02     0.3804161E+02
    -0.8803966E+02     0.3804692E+02
    -0.8803229E+02     0.3805423E+02
    -0.8800683E+02     0.3805265E+02
    -0.8798026E+02     0.3806067E+02
    -0.8795935E+02     0.3807094E+02
    -0.8795426E+02     0.3807879E+02
    -0.8795785E+02     0.3809750E+02
    -0.8795216E+02     0.3811097E+02
    -0.8793997E+02     0.3813987E+02
    -0.8793002E+02     0.3814767E+02
    -0.8792874E+02     0.3815473E+02
    -0.8794106E+02     0.3817329E+02
    -0.8795162E+02     0.3818193E+02
    -0.8796669E+02     0.3818796E+02
    -0.8797748E+02     0.3819775E+02
    -0.8798241E+02     0.3820847E+02
    -0.8798306E+02     0.3823283E+02
    -0.8798306E+02     0.3823283E+02
    -0.8798531E+02     0.3825724E+02
    -0.8797863E+02     0.3825699E+02
    -0.8796490E+02     0.3824318E+02
    -0.8796056E+02     0.3824279E+02
    -0.8795953E+02     0.3825032E+02
    -0.8795326E+02     0.3825283E+02
    -0.8794505E+02     0.3825872E+02
    -0.8794514E+02     0.3826194E+02
    -0.8795107E+02     0.3826996E+02
    -0.8793957E+02     0.3828696E+02
    -0.8793127E+02     0.3829399E+02
    -0.8792651E+02     0.3829565E+02
    -0.8791658E+02     0.3829619E+02
    -0.8791045E+02     0.3829160E+02
    -0.8791895E+02     0.3827498E+02
    -0.8792036E+02     0.3827224E+02
    -0.8791724E+02     0.3826593E+02
    -0.8790894E+02     0.3826837E+02
    -0.8789796E+02     0.3827645E+02
    -0.8788370E+02     0.3829082E+02
    -0.8787849E+02     0.3830461E+02
    -0.8787383E+02     0.3830925E+02
    -0.8786518E+02     0.3830777E+02
    -0.8787001E+02     0.3828594E+02
    -0.8786682E+02     0.3827618E+02
    -0.8785913E+02     0.3827337E+02
    -0.8785389E+02     0.3827339E+02
    -0.8784408E+02     0.3827669E+02
    -0.8784367E+02     0.3827708E+02
    -0.8783851E+02     0.3828198E+02
    -0.8782603E+02     0.3833311E+02
    -0.8782105E+02     0.3834302E+02
    -0.8780811E+02     0.3835422E+02
    -0.8778964E+02     0.3836061E+02
    -0.8778024E+02     0.3836644E+02
    -0.8777485E+02     0.3837335E+02
    -0.8776774E+02     0.3837960E+02
    -0.8775510E+02     0.3839070E+02
    -0.8774975E+02     0.3839692E+02
    -0.8774402E+02     0.3841389E+02
    -0.8774387E+02     0.3842559E+02
    -0.8774046E+02     0.3843325E+02
    -0.8773045E+02     0.3844410E+02
    -0.8773254E+02     0.3844785E+02
    -0.8775319E+02     0.3845371E+02
    -0.8775385E+02     0.3845717E+02
    -0.8774264E+02     0.3847302E+02
    -0.8773750E+02     0.3847580E+02
    -0.8772207E+02     0.3847497E+02
    -0.8769513E+02     0.3848079E+02
    -0.8768483E+02     0.3848658E+02
    -0.8768423E+02     0.3848728E+02
    -0.8767474E+02     0.3849834E+02
    -0.8767201E+02     0.3850443E+02
    -0.8765577E+02     0.3849804E+02
    -0.8764873E+02     0.3849846E+02
    -0.8764613E+02     0.3850248E+02
    -0.8765073E+02     0.3851275E+02
    -0.8765879E+02     0.3851927E+02
    -0.8766544E+02     0.3853398E+02
    -0.8767062E+02     0.3853992E+02
    -0.8766863E+02     0.3854351E+02
    -0.8765389E+02     0.3855463E+02
    -0.8765204E+02     0.3856533E+02
    -0.8764436E+02     0.3857109E+02
    -0.8764129E+02     0.3857339E+02
    -0.8764397E+02     0.3858611E+02
    -0.8764180E+02     0.3858809E+02
    -0.8763623E+02     0.3858833E+02
    -0.8762383E+02     0.3858118E+02
    -0.8761745E+02     0.3858091E+02
    -0.8761332E+02     0.3858535E+02
    -0.8761596E+02     0.3858981E+02
    -0.8762640E+02     0.3859573E+02
    -0.8762734E+02     0.3859921E+02
    -0.8762293E+02     0.3861761E+02
    -0.8761745E+02     0.3862542E+02
    -0.8762135E+02     0.3863315E+02
    -0.8761985E+02     0.3863813E+02
    -0.8760423E+02     0.3864439E+02
    -0.8759595E+02     0.3865919E+02
    -0.8758829E+02     0.3866439E+02
    -0.8755418E+02     0.3867127E+02
    -0.8754190E+02     0.3867537E+02
    -0.8752495E+02     0.3868385E+02
    -0.8752222E+02     0.3868664E+02
    -0.8752086E+02     0.3868804E+02
    -0.8751756E+02     0.3869823E+02
    -0.8751724E+02     0.3871175E+02
    -0.8750476E+02     0.3872775E+02
    -0.8749634E+02     0.3873544E+02
    -0.8749728E+02     0.3873891E+02
    -0.8750320E+02     0.3874237E+02
    -0.8750422E+02     0.3874470E+02
    -0.8749779E+02     0.3875774E+02
    -0.8749858E+02     0.3876350E+02
    -0.8750539E+02     0.3876241E+02
    -0.8751149E+02     0.3876334E+02
    -0.8751280E+02     0.3876569E+02
    -0.8750896E+02     0.3877058E+02
    -0.8750148E+02     0.3877280E+02
    -0.8749834E+02     0.3877588E+02
    -0.8749890E+02     0.3878072E+02
    -0.8750304E+02     0.3878583E+02
    -0.8752384E+02     0.3881155E+02
    -0.8752518E+02     0.3881802E+02
    -0.8752183E+02     0.3882431E+02
    -0.8752730E+02     0.3884356E+02
    -0.8753394E+02     0.3884979E+02
    -0.8753876E+02     0.3885228E+02
    -0.8754775E+02     0.3885379E+02
    -0.8755396E+02     0.3885771E+02
    -0.8755079E+02     0.3886125E+02
    -0.8754375E+02     0.3886120E+02
    -0.8754211E+02     0.3886366E+02
    -0.8754585E+02     0.3886931E+02
    -0.8754539E+02     0.3887181E+02
    -0.8753754E+02     0.3887516E+02
    -0.8753465E+02     0.3887894E+02
    -0.8753619E+02     0.3888222E+02
    -0.8753325E+02     0.3889127E+02
    -0.8753037E+02     0.3889482E+02
    -0.8751809E+02     0.3889845E+02
    -0.8751529E+02     0.3890086E+02
    -0.8751620E+02     0.3890480E+02
    -0.8751987E+02     0.3890701E+02
    -0.8752274E+02     0.3890804E+02
    -0.8752405E+02     0.3891497E+02
    -0.8752263E+02     0.3891859E+02
    -0.8751844E+02     0.3891979E+02
    -0.8751498E+02     0.3892768E+02
    -0.8751534E+02     0.3893113E+02
    -0.8751968E+02     0.3893658E+02
    -0.8751033E+02     0.3894904E+02
    -0.8751098E+02     0.3895251E+02
    -0.8751752E+02     0.3895575E+02
    -0.8752550E+02     0.3896846E+02
    -0.8752698E+02     0.3896899E+02
    -0.8756197E+02     0.3898162E+02
    -0.8757767E+02     0.3898431E+02
    -0.8757358E+02     0.3898828E+02
    -0.8756596E+02     0.3898797E+02
    -0.8756053E+02     0.3899005E+02
    -0.8756242E+02     0.3899265E+02
    -0.8757282E+02     0.3899536E+02
    -0.8757553E+02     0.3899891E+02
    -0.8757040E+02     0.3900535E+02
    -0.8756734E+02     0.3901623E+02
    -0.8756778E+02     0.3902290E+02
    -0.8757691E+02     0.3904068E+02
    -0.8757325E+02     0.3904743E+02
    -0.8757156E+02     0.3905056E+02
    -0.8757330E+02     0.3905521E+02
    -0.8757922E+02     0.3906370E+02
    -0.8759365E+02     0.3907712E+02
    -0.8760049E+02     0.3908060E+02
    -0.8761597E+02     0.3908236E+02
    -0.8761804E+02     0.3908680E+02
    -0.8761143E+02     0.3909777E+02
    -0.8761269E+02     0.3910103E+02
    -0.8763815E+02     0.3910364E+02
    -0.8764684E+02     0.3910582E+02
    -0.8764981E+02     0.3910983E+02
    -0.8764867E+02     0.3911391E+02
    -0.8764246E+02     0.3911871E+02
    -0.8764099E+02     0.3912324E+02
    -0.8764223E+02     0.3912696E+02
    -0.8764281E+02     0.3912712E+02
    -0.8765118E+02     0.3912960E+02
    -0.8765337E+02     0.3913221E+02
    -0.8765006E+02     0.3914698E+02
    -0.8764174E+02     0.3915261E+02
    -0.8763690E+02     0.3916365E+02
    -0.8763197E+02     0.3916689E+02
    -0.8761917E+02     0.3916891E+02
    -0.8761567E+02     0.3917290E+02
    -0.8761785E+02     0.3918009E+02
    -0.8761652E+02     0.3918256E+02
    -0.8760565E+02     0.3918190E+02
    -0.8759952E+02     0.3918555E+02
    -0.8758830E+02     0.3919473E+02
    -0.8757516E+02     0.3921071E+02
    -0.8757459E+02     0.3921507E+02
    -0.8757339E+02     0.3922416E+02
    -0.8757819E+02     0.3923650E+02
    -0.8756995E+02     0.3924969E+02
    -0.8757384E+02     0.3925329E+02
    -0.8758190E+02     0.3925178E+02
    -0.8758910E+02     0.3924542E+02
    -0.8759474E+02     0.3924496E+02
    -0.8760162E+02     0.3925715E+02
    -0.8759943E+02     0.3926783E+02
    -0.8760214E+02     0.3927161E+02
    -0.8760925E+02     0.3927579E+02
    -0.8760982E+02     0.3928062E+02
    -0.8760709E+02     0.3928624E+02
    -0.8759658E+02     0.3929339E+02
    -0.8759758E+02     0.3929618E+02
    -0.8760236E+02     0.3929981E+02
    -0.8760312E+02     0.3930626E+02
    -0.8759449E+02     0.3932081E+02
    -0.8758683E+02     0.3932944E+02
    -0.8757775E+02     0.3933733E+02
    -0.8756219E+02     0.3933579E+02
    -0.8755466E+02     0.3933801E+02
    -0.8754845E+02     0.3934716E+02
    -0.8754161E+02     0.3934780E+02
    -0.8753201E+02     0.3934558E+02
    -0.8752854E+02     0.3934888E+02
    -0.8752604E+02     0.3935543E+02
    -0.8752994E+02     0.3936971E+02
    -0.8752994E+02     0.3936971E+02
    -0.8753522E+02     0.3938454E+02
    -0.8753759E+02     0.3942657E+02
    -0.8753509E+02     0.3946902E+02
    -0.8753582E+02     0.3949203E+02
    -0.8753395E+02     0.3952152E+02
    -0.8753564E+02     0.3954003E+02
    -0.8753537E+02     0.3955525E+02
    -0.8753304E+02     0.3956410E+02
    -0.8753542E+02     0.3960434E+02
    -0.8753526E+02     0.3968329E+02
    -0.8753550E+02     0.3972638E+02
    -0.8753786E+02     0.3975006E+02
    -0.8753613E+02     0.3976328E+02
    -0.8753599E+02     0.3980121E+02
    -0.8753767E+02     0.3987923E+02
    -0.8753619E+02     0.3992131E+02
    -0.8753745E+02     0.3998112E+02
    -0.8754092E+02     0.3999500E+02
    -0.8754196E+02     0.3999915E+02
    -0.8754198E+02     0.4000000E+02
    -0.8752948E+02     0.4012372E+02
    -0.8752722E+02     0.4024948E+02
    -0.8752652E+02     0.4028855E+02
    -0.8752589E+02     0.4037526E+02
    -0.8752498E+02     0.4050106E+02
    -0.8752406E+02     0.4062687E+02
    -0.8752313E+02     0.4075270E+02
    -0.8752220E+02     0.4087853E+02
    -0.8752194E+02     0.4091378E+02
    -0.8752170E+02     0.4103963E+02
    -0.8752145E+02     0.4116550E+02
    -0.8752120E+02     0.4129137E+02
    -0.8752096E+02     0.4141440E+02
    -0.8752094E+02     0.4151694E+02
    -0.8751952E+02     0.4154512E+02
    -0.8752000E+02     0.4172926E+02
    -0.8752000E+02     0.4172926E+02
    -0.8751498E+02     0.4172177E+02
    -0.8751458E+02     0.4171634E+02
    -0.8751413E+02     0.4171011E+02
    -0.8750814E+02     0.4170637E+02
    -0.8750249E+02     0.4169666E+02
    -0.8749454E+02     0.4169023E+02
    -0.8748553E+02     0.4168748E+02
    -0.8746376E+02     0.4167292E+02
    -0.8745854E+02     0.4167259E+02
    -0.8744678E+02     0.4167610E+02
    -0.8743812E+02     0.4168090E+02
    -0.8743576E+02     0.4166928E+02
    -0.8743280E+02     0.4166477E+02
    -0.8742928E+02     0.4166784E+02
    -0.8743046E+02     0.4167377E+02
    -0.8742559E+02     0.4168122E+02
    -0.8742225E+02     0.4168176E+02
    -0.8741521E+02     0.4167856E+02
    -0.8740320E+02     0.4167308E+02
    -0.8739812E+02     0.4166885E+02
    -0.8740194E+02     0.4166532E+02
    -0.8742511E+02     0.4165695E+02
    -0.8742980E+02     0.4165248E+02
    -0.8742817E+02     0.4165023E+02
    -0.8742065E+02     0.4164629E+02
    -0.8740459E+02     0.4164257E+02
    -0.8739764E+02     0.4163748E+02
    -0.8738284E+02     0.4163464E+02
    -0.8735989E+02     0.4162719E+02
    -0.8733244E+02     0.4162552E+02
    -0.8732771E+02     0.4162523E+02
    -0.8731725E+02     0.4162365E+02
    -0.8730909E+02     0.4161858E+02
    -0.8729806E+02     0.4161793E+02
    -0.8722205E+02     0.4161997E+02
    -0.8718832E+02     0.4162465E+02
    -0.8717015E+02     0.4162873E+02
    -0.8715357E+02     0.4163438E+02
    -0.8715441E+02     0.4162497E+02
    -0.8714977E+02     0.4162370E+02
    -0.8714811E+02     0.4163542E+02
    -0.8714474E+02     0.4163527E+02
    -0.8714293E+02     0.4162820E+02
    -0.8713897E+02     0.4162852E+02
    -0.8713416E+02     0.4163825E+02
    -0.8712846E+02     0.4164090E+02
    -0.8706877E+02     0.4165437E+02
    -0.8705396E+02     0.4166015E+02
    -0.8700219E+02     0.4168033E+02
    -0.8693697E+02     0.4170324E+02
    -0.8691577E+02     0.4170917E+02
    -0.8690666E+02     0.4171819E+02
    -0.8690396E+02     0.4172087E+02
    -0.8689284E+02     0.4172636E+02
    -0.8687464E+02     0.4173108E+02
    -0.8684640E+02     0.4174608E+02
    -0.8682520E+02     0.4175246E+02
    -0.8681074E+02     0.4175879E+02
END
END
