iowa
1
    -0.9259908E+02     0.4213248E+02
    -0.9660801E+02     0.4350232E+02
    -0.9645835E+02     0.4350562E+02
    -0.9628185E+02     0.4350409E+02
    -0.9610879E+02     0.4350372E+02
    -0.9593573E+02     0.4350309E+02
    -0.9576267E+02     0.4350220E+02
    -0.9558961E+02     0.4350104E+02
    -0.9552529E+02     0.4350054E+02
    -0.9535230E+02     0.4350434E+02
    -0.9532032E+02     0.4350501E+02
    -0.9517926E+02     0.4350401E+02
    -0.9500621E+02     0.4350254E+02
    -0.9500000E+02     0.4350248E+02
    -0.9484286E+02     0.4350090E+02
    -0.9483318E+02     0.4350130E+02
    -0.9478445E+02     0.4350331E+02
    -0.9466022E+02     0.4350529E+02
    -0.9460078E+02     0.4350619E+02
    -0.9451393E+02     0.4350228E+02
    -0.9448736E+02     0.4350308E+02
    -0.9446063E+02     0.4350388E+02
    -0.9431432E+02     0.4350333E+02
    -0.9414126E+02     0.4350244E+02
    -0.9413315E+02     0.4350239E+02
    -0.9396008E+02     0.4350308E+02
    -0.9378703E+02     0.4350350E+02
    -0.9361396E+02     0.4350366E+02
    -0.9344090E+02     0.4350356E+02
    -0.9326783E+02     0.4350319E+02
    -0.9309476E+02     0.4350256E+02
    -0.9300000E+02     0.4350036E+02
    -0.9298604E+02     0.4350054E+02
    -0.9296547E+02     0.4349955E+02
    -0.9294342E+02     0.4349849E+02
    -0.9289995E+02     0.4350054E+02
    -0.9277034E+02     0.4350166E+02
    -0.9259716E+02     0.4350291E+02
    -0.9248856E+02     0.4350356E+02
    -0.9245792E+02     0.4350285E+02
    -0.9245803E+02     0.4350377E+02
    -0.9240602E+02     0.4350531E+02
    -0.9234444E+02     0.4350606E+02
    -0.9231681E+02     0.4350574E+02
    -0.9220127E+02     0.4350434E+02
    -0.9214366E+02     0.4350568E+02
    -0.9214292E+02     0.4350570E+02
    -0.9212910E+02     0.4350380E+02
    -0.9197072E+02     0.4350426E+02
    -0.9194893E+02     0.4350430E+02
    -0.9188618E+02     0.4350304E+02
    -0.9186607E+02     0.4350401E+02
    -0.9185866E+02     0.4350561E+02
    -0.9185212E+02     0.4350370E+02
    -0.9181329E+02     0.4350418E+02
    -0.9179844E+02     0.4350367E+02
    -0.9176664E+02     0.4350257E+02
    -0.9171587E+02     0.4350372E+02
    -0.9162531E+02     0.4350317E+02
    -0.9157291E+02     0.4350282E+02
    -0.9154648E+02     0.4350387E+02
    -0.9145217E+02     0.4350342E+02
    -0.9121824E+02     0.4350357E+02
    -0.9121824E+02     0.4350357E+02
    -0.9121435E+02     0.4349576E+02
    -0.9121539E+02     0.4347815E+02
    -0.9122528E+02     0.4344101E+02
    -0.9120969E+02     0.4342732E+02
    -0.9120101E+02     0.4341249E+02
    -0.9119217E+02     0.4339620E+02
    -0.9118524E+02     0.4337907E+02
    -0.9117350E+02     0.4336368E+02
    -0.9115189E+02     0.4334961E+02
    -0.9112180E+02     0.4334042E+02
    -0.9109340E+02     0.4332820E+02
    -0.9107963E+02     0.4331220E+02
    -0.9106753E+02     0.4329317E+02
    -0.9106499E+02     0.4326993E+02
    -0.9106897E+02     0.4325143E+02
    -0.9108595E+02     0.4323289E+02
    -0.9111378E+02     0.4321298E+02
    -0.9112975E+02     0.4319450E+02
    -0.9115827E+02     0.4315407E+02
    -0.9117083E+02     0.4313212E+02
    -0.9117354E+02     0.4311149E+02
    -0.9117327E+02     0.4309104E+02
    -0.9117276E+02     0.4306841E+02
    -0.9116834E+02     0.4305552E+02
    -0.9116061E+02     0.4302163E+02
    -0.9115805E+02     0.4299839E+02
    -0.9115182E+02     0.4298706E+02
    -0.9115081E+02     0.4296885E+02
    -0.9115079E+02     0.4295058E+02
    -0.9114134E+02     0.4291898E+02
    -0.9112922E+02     0.4289923E+02
    -0.9110605E+02     0.4288745E+02
    -0.9109185E+02     0.4287586E+02
    -0.9108166E+02     0.4285527E+02
    -0.9107929E+02     0.4283348E+02
    -0.9108067E+02     0.4280051E+02
    -0.9107523E+02     0.4278695E+02
    -0.9106845E+02     0.4276104E+02
    -0.9105350E+02     0.4274218E+02
    -0.9102288E+02     0.4272498E+02
    -0.9100254E+02     0.4272032E+02
    -0.9098553E+02     0.4270962E+02
    -0.9095387E+02     0.4269173E+02
    -0.9092702E+02     0.4268159E+02
    -0.9089011E+02     0.4267933E+02
    -0.9086086E+02     0.4267443E+02
    -0.9081744E+02     0.4266668E+02
    -0.9077516E+02     0.4266030E+02
    -0.9071541E+02     0.4264758E+02
    -0.9068930E+02     0.4263442E+02
    -0.9067370E+02     0.4260753E+02
    -0.9066487E+02     0.4256930E+02
    -0.9064457E+02     0.4255436E+02
    -0.9063206E+02     0.4253824E+02
    -0.9063763E+02     0.4252478E+02
    -0.9064056E+02     0.4250691E+02
    -0.9065041E+02     0.4249845E+02
    -0.9064833E+02     0.4247779E+02
    -0.9063966E+02     0.4247135E+02
    -0.9061852E+02     0.4246064E+02
    -0.9059750E+02     0.4245092E+02
    -0.9057721E+02     0.4243522E+02
    -0.9056122E+02     0.4242225E+02
    -0.9054459E+02     0.4241623E+02
    -0.9053062E+02     0.4241006E+02
    -0.9050288E+02     0.4239970E+02
    -0.9047458E+02     0.4238343E+02
    -0.9046062E+02     0.4237726E+02
    -0.9044439E+02     0.4236132E+02
    -0.9042958E+02     0.4234629E+02
    -0.9041553E+02     0.4231144E+02
    -0.9041201E+02     0.4227503E+02
    -0.9040954E+02     0.4224945E+02
    -0.9039003E+02     0.4222676E+02
    -0.9037376E+02     0.4220982E+02
    -0.9034756E+02     0.4220034E+02
    -0.9032694E+02     0.4219351E+02
    -0.9030510E+02     0.4218774E+02
    -0.9027997E+02     0.4217522E+02
    -0.9025179E+02     0.4217273E+02
    -0.9023093E+02     0.4216294E+02
    -0.9020997E+02     0.4215216E+02
    -0.9020216E+02     0.4213971E+02
    -0.9019417E+02     0.4212529E+02
    -0.9017670E+02     0.4212323E+02
    -0.9015950E+02     0.4212411E+02
    -0.9015636E+02     0.4210450E+02
    -0.9016143E+02     0.4208743E+02
    -0.9015943E+02     0.4206578E+02
    -0.9015488E+02     0.4204525E+02
    -0.9013614E+02     0.4201458E+02
    -0.9013614E+02     0.4201458E+02
    -0.9013148E+02     0.4200357E+02
    -0.9012933E+02     0.4199309E+02
    -0.9013739E+02     0.4197767E+02
    -0.9014561E+02     0.4196401E+02
    -0.9015366E+02     0.4194859E+02
    -0.9015402E+02     0.4193975E+02
    -0.9014615E+02     0.4193132E+02
    -0.9014076E+02     0.4191130E+02
    -0.9014004E+02     0.4190339E+02
    -0.9014394E+02     0.4189437E+02
    -0.9016161E+02     0.4188472E+02
    -0.9016161E+02     0.4188472E+02
    -0.9016452E+02     0.4187389E+02
    -0.9016886E+02     0.4185690E+02
    -0.9017531E+02     0.4183714E+02
    -0.9018098E+02     0.4182185E+02
    -0.9018966E+02     0.4181345E+02
    -0.9020420E+02     0.4180475E+02
    -0.9022538E+02     0.4179129E+02
    -0.9023951E+02     0.4177820E+02
    -0.9025286E+02     0.4176955E+02
    -0.9027291E+02     0.4176938E+02
    -0.9029573E+02     0.4176112E+02
    -0.9030766E+02     0.4174990E+02
    -0.9031413E+02     0.4173101E+02
    -0.9032136E+02     0.4170768E+02
    -0.9032289E+02     0.4168642E+02
    -0.9033371E+02     0.4166377E+02
    -0.9033951E+02     0.4163787E+02
    -0.9033970E+02     0.4160255E+02
    -0.9034071E+02     0.4158837E+02
    -0.9035050E+02     0.4157991E+02
    -0.9038419E+02     0.4157545E+02
    -0.9040451E+02     0.4156641E+02
    -0.9042005E+02     0.4155674E+02
    -0.9045253E+02     0.4152761E+02
    -0.9046939E+02     0.4151963E+02
    -0.9050647E+02     0.4151407E+02
    -0.9055726E+02     0.4151656E+02
    -0.9058523E+02     0.4151413E+02
    -0.9059649E+02     0.4150909E+02
    -0.9061372E+02     0.4149311E+02
    -0.9063786E+02     0.4147587E+02
    -0.9066108E+02     0.4146132E+02
    -0.9069066E+02     0.4145170E+02
    -0.9073593E+02     0.4144648E+02
    -0.9077563E+02     0.4144420E+02
    -0.9082637E+02     0.4144657E+02
    -0.9084595E+02     0.4144278E+02
    -0.9088114E+02     0.4143102E+02
    -0.9091005E+02     0.4142667E+02
    -0.9094534E+02     0.4142724E+02
    -0.9096922E+02     0.4143113E+02
    -0.9099069E+02     0.4143427E+02
    -0.9102478E+02     0.4142340E+02
    -0.9104449E+02     0.4140986E+02
    -0.9105172E+02     0.4140059E+02
    -0.9104805E+02     0.4137697E+02
    -0.9105408E+02     0.4135630E+02
    -0.9106062E+02     0.4132941E+02
    -0.9106878E+02     0.4130684E+02
    -0.9108346E+02     0.4127946E+02
    -0.9109383E+02     0.4125587E+02
    -0.9109393E+02     0.4123467E+02
    -0.9108295E+02     0.4121944E+02
    -0.9106909E+02     0.4119909E+02
    -0.9105561E+02     0.4118224E+02
    -0.9104456E+02     0.4116613E+02
    -0.9102746E+02     0.4115921E+02
    -0.9101128E+02     0.4116106E+02
    -0.9099832E+02     0.4116007E+02
    -0.9098820E+02     0.4115273E+02
    -0.9097852E+02     0.4113830E+02
    -0.9096318E+02     0.4111449E+02
    -0.9095287E+02     0.4109392E+02
    -0.9094408E+02     0.4107678E+02
    -0.9094807E+02     0.4105889E+02
    -0.9095240E+02     0.4103303E+02
    -0.9094699E+02     0.4100333E+02
    -0.9094300E+02     0.4096473E+02
    -0.9094850E+02     0.4095028E+02
    -0.9095933E+02     0.4093109E+02
    -0.9097844E+02     0.4091318E+02
    -0.9100323E+02     0.4089404E+02
    -0.9103333E+02     0.4087015E+02
    -0.9106466E+02     0.4084706E+02
    -0.9108445E+02     0.4081408E+02
    -0.9108866E+02     0.4079882E+02
    -0.9108363E+02     0.4078412E+02
    -0.9108529E+02     0.4075577E+02
    -0.9108930E+02     0.4073875E+02
    -0.9109766E+02     0.4071882E+02
    -0.9110383E+02     0.4068931E+02
    -0.9111448E+02     0.4066924E+02
    -0.9113863E+02     0.4065628E+02
    -0.9117152E+02     0.4063836E+02
    -0.9119285E+02     0.4063174E+02
    -0.9122894E+02     0.4063302E+02
    -0.9125294E+02     0.4062976E+02
    -0.9127905E+02     0.4062458E+02
    -0.9131045E+02     0.4061466E+02
    -0.9133511E+02     0.4060692E+02
    -0.9135909E+02     0.4059303E+02
    -0.9138374E+02     0.4057468E+02
    -0.9140061E+02     0.4055948E+02
    -0.9140549E+02     0.4054063E+02
    -0.9138928E+02     0.4053019E+02
    -0.9137184E+02     0.4051894E+02
    -0.9136188E+02     0.4050192E+02
    -0.9135929E+02     0.4047825E+02
    -0.9137374E+02     0.4045173E+02
    -0.9137373E+02     0.4043054E+02
    -0.9136703E+02     0.4041154E+02
    -0.9136378E+02     0.4039233E+02
    -0.9137545E+02     0.4038276E+02
    -0.9140231E+02     0.4037486E+02
    -0.9143358E+02     0.4037181E+02
    -0.9143890E+02     0.4037743E+02
    -0.9145036E+02     0.4037911E+02
    -0.9146938E+02     0.4037922E+02
    -0.9148160E+02     0.4038462E+02
    -0.9148511E+02     0.4039085E+02
    -0.9148261E+02     0.4039693E+02
    -0.9148752E+02     0.4039984E+02
    -0.9149959E+02     0.4040067E+02
    -0.9151411E+02     0.4040779E+02
    -0.9152128E+02     0.4041513E+02
    -0.9151609E+02     0.4042865E+02
    -0.9152503E+02     0.4043614E+02
    -0.9151868E+02     0.4044866E+02
    -0.9152280E+02     0.4045404E+02
    -0.9155167E+02     0.4045673E+02
    -0.9156560E+02     0.4046146E+02
    -0.9157848E+02     0.4047569E+02
    -0.9158538E+02     0.4048680E+02
    -0.9159030E+02     0.4049294E+02
    -0.9159901E+02     0.4049506E+02
    -0.9160872E+02     0.4049980E+02
    -0.9161523E+02     0.4050744E+02
    -0.9161614E+02     0.4051545E+02
    -0.9161641E+02     0.4052405E+02
    -0.9161707E+02     0.4052993E+02
    -0.9162259E+02     0.4053495E+02
    -0.9163352E+02     0.4053799E+02
    -0.9166978E+02     0.4054634E+02
    -0.9168268E+02     0.4055410E+02
    -0.9168686E+02     0.4055974E+02
    -0.9168597E+02     0.4057056E+02
    -0.9168742E+02     0.4057693E+02
    -0.9169522E+02     0.4058341E+02
    -0.9170737E+02     0.4059067E+02
    -0.9171734E+02     0.4059754E+02
    -0.9173093E+02     0.4061116E+02
    -0.9173093E+02     0.4061116E+02
    -0.9191187E+02     0.4060622E+02
    -0.9207700E+02     0.4060215E+02
    -0.9224210E+02     0.4059782E+02
    -0.9240215E+02     0.4059339E+02
    -0.9240717E+02     0.4059328E+02
    -0.9257227E+02     0.4058954E+02
    -0.9273735E+02     0.4058555E+02
    -0.9290241E+02     0.4058131E+02
    -0.9300000E+02     0.4057868E+02
    -0.9310632E+02     0.4058245E+02
    -0.9313948E+02     0.4058179E+02
    -0.9327132E+02     0.4058044E+02
    -0.9343633E+02     0.4057853E+02
    -0.9360132E+02     0.4057636E+02
    -0.9376630E+02     0.4057394E+02
    -0.9393127E+02     0.4057127E+02
    -0.9403761E+02     0.4056941E+02
    -0.9409624E+02     0.4056918E+02
    -0.9426122E+02     0.4056835E+02
    -0.9442621E+02     0.4056728E+02
    -0.9451818E+02     0.4056657E+02
    -0.9459118E+02     0.4056781E+02
    -0.9475613E+02     0.4057045E+02
    -0.9492110E+02     0.4057284E+02
    -0.9500000E+02     0.4057386E+02
    -0.9508609E+02     0.4057498E+02
    -0.9525108E+02     0.4057686E+02
    -0.9540130E+02     0.4057836E+02
    -0.9541608E+02     0.4057855E+02
    -0.9558109E+02     0.4058059E+02
    -0.9574609E+02     0.4058236E+02
    -0.9574609E+02     0.4058236E+02
    -0.9576226E+02     0.4058296E+02
    -0.9576974E+02     0.4059810E+02
    -0.9577846E+02     0.4063932E+02
    -0.9578294E+02     0.4065024E+02
    -0.9579167E+02     0.4065830E+02
    -0.9579436E+02     0.4065949E+02
    -0.9580202E+02     0.4066286E+02
    -0.9583376E+02     0.4066842E+02
    -0.9584663E+02     0.4067514E+02
    -0.9586052E+02     0.4070281E+02
    -0.9587584E+02     0.4071270E+02
    -0.9589059E+02     0.4072970E+02
    -0.9589104E+02     0.4074094E+02
    -0.9588879E+02     0.4074651E+02
    -0.9588436E+02     0.4075747E+02
    -0.9585513E+02     0.4077040E+02
    -0.9584238E+02     0.4077849E+02
    -0.9584246E+02     0.4079431E+02
    -0.9584972E+02     0.4080434E+02
    -0.9585108E+02     0.4081256E+02
    -0.9585098E+02     0.4082225E+02
    -0.9584740E+02     0.4083331E+02
    -0.9585010E+02     0.4084159E+02
    -0.9584864E+02     0.4085233E+02
    -0.9584845E+02     0.4085376E+02
    -0.9582614E+02     0.4088028E+02
    -0.9582004E+02     0.4088918E+02
    -0.9581796E+02     0.4089827E+02
    -0.9582750E+02     0.4091350E+02
    -0.9583782E+02     0.4091908E+02
    -0.9584755E+02     0.4094045E+02
    -0.9584328E+02     0.4096015E+02
    -0.9584026E+02     0.4096409E+02
    -0.9583900E+02     0.4097985E+02
    -0.9584308E+02     0.4098769E+02
    -0.9586593E+02     0.4099690E+02
    -0.9587112E+02     0.4100230E+02
    -0.9587614E+02     0.4100400E+02
    -0.9587634E+02     0.4101013E+02
    -0.9586443E+02     0.4103255E+02
    -0.9586571E+02     0.4104179E+02
    -0.9587720E+02     0.4104997E+02
    -0.9588903E+02     0.4106224E+02
    -0.9588406E+02     0.4107375E+02
    -0.9587019E+02     0.4108689E+02
    -0.9586971E+02     0.4109299E+02
    -0.9587197E+02     0.4111277E+02
    -0.9587289E+02     0.4112069E+02
    -0.9588760E+02     0.4114790E+02
    -0.9588709E+02     0.4116267E+02
    -0.9588013E+02     0.4117358E+02
    -0.9586473E+02     0.4117186E+02
    -0.9585450E+02     0.4117292E+02
    -0.9585014E+02     0.4117680E+02
    -0.9584846E+02     0.4118081E+02
    -0.9584944E+02     0.4118544E+02
    -0.9586456E+02     0.4119073E+02
    -0.9588499E+02     0.4119068E+02
    -0.9591798E+02     0.4119061E+02
    -0.9592701E+02     0.4119611E+02
    -0.9593200E+02     0.4120144E+02
    -0.9593032E+02     0.4121412E+02
    -0.9592265E+02     0.4122551E+02
    -0.9591719E+02     0.4124312E+02
    -0.9592653E+02     0.4126191E+02
    -0.9592416E+02     0.4127457E+02
    -0.9591328E+02     0.4127858E+02
    -0.9589208E+02     0.4128638E+02
    -0.9588405E+02     0.4129367E+02
    -0.9588086E+02     0.4129965E+02
    -0.9588326E+02     0.4131200E+02
    -0.9588872E+02     0.4131991E+02
    -0.9590198E+02     0.4132357E+02
    -0.9593553E+02     0.4132764E+02
    -0.9595732E+02     0.4134341E+02
    -0.9596156E+02     0.4134972E+02
    -0.9596053E+02     0.4135427E+02
    -0.9595953E+02     0.4135831E+02
    -0.9595770E+02     0.4135924E+02
    -0.9594116E+02     0.4136769E+02
    -0.9593718E+02     0.4137517E+02
    -0.9593658E+02     0.4138279E+02
    -0.9594323E+02     0.4140146E+02
    -0.9593514E+02     0.4141794E+02
    -0.9593858E+02     0.4143443E+02
    -0.9592618E+02     0.4145377E+02
    -0.9592696E+02     0.4146095E+02
    -0.9593198E+02     0.4146628E+02
    -0.9593990E+02     0.4146918E+02
    -0.9596923E+02     0.4146743E+02
    -0.9602082E+02     0.4148503E+02
    -0.9602560E+02     0.4149340E+02
    -0.9605206E+02     0.4151140E+02
    -0.9608048E+02     0.4152405E+02
    -0.9609148E+02     0.4152894E+02
    -0.9609711E+02     0.4153531E+02
    -0.9610182E+02     0.4154470E+02
    -0.9610431E+02     0.4155654E+02
    -0.9610093E+02     0.4156507E+02
    -0.9610012E+02     0.4158443E+02
    -0.9610496E+02     0.4159229E+02
    -0.9612185E+02     0.4160271E+02
    -0.9612262E+02     0.4161040E+02
    -0.9612072E+02     0.4161746E+02
    -0.9611263E+02     0.4162528E+02
    -0.9610824E+02     0.4163301E+02
    -0.9610555E+02     0.4163773E+02
    -0.9610329E+02     0.4164937E+02
    -0.9610598E+02     0.4165867E+02
    -0.9612125E+02     0.4167260E+02
    -0.9612915E+02     0.4168519E+02
    -0.9612955E+02     0.4168878E+02
    -0.9612565E+02     0.4169524E+02
    -0.9611488E+02     0.4170243E+02
    -0.9610965E+02     0.4170833E+02
    -0.9610826E+02     0.4171746E+02
    -0.9611330E+02     0.4174064E+02
    -0.9611147E+02     0.4174669E+02
    -0.9610777E+02     0.4175408E+02
    -0.9610098E+02     0.4176767E+02
    -0.9608508E+02     0.4177923E+02
    -0.9607890E+02     0.4179734E+02
    -0.9608459E+02     0.4180320E+02
    -0.9610448E+02     0.4181069E+02
    -0.9611691E+02     0.4181786E+02
    -0.9612244E+02     0.4182575E+02
    -0.9612682E+02     0.4184891E+02
    -0.9613316E+02     0.4185548E+02
    -0.9613504E+02     0.4185743E+02
    -0.9615096E+02     0.4186372E+02
    -0.9615434E+02     0.4187305E+02
    -0.9615553E+02     0.4188433E+02
    -0.9616870E+02     0.4190887E+02
    -0.9614799E+02     0.4192024E+02
    -0.9614477E+02     0.4192674E+02
    -0.9614856E+02     0.4196305E+02
    -0.9614911E+02     0.4196827E+02
    -0.9615459E+02     0.4197717E+02
    -0.9619048E+02     0.4198227E+02
    -0.9620203E+02     0.4199245E+02
    -0.9620935E+02     0.4199531E+02
    -0.9621944E+02     0.4199777E+02
    -0.9623654E+02     0.4199798E+02
    -0.9624825E+02     0.4201531E+02
    -0.9624991E+02     0.4202967E+02
    -0.9625880E+02     0.4203660E+02
    -0.9626027E+02     0.4203775E+02
    -0.9627146E+02     0.4204383E+02
    -0.9628046E+02     0.4205186E+02
    -0.9628429E+02     0.4208315E+02
    -0.9629056E+02     0.4210025E+02
    -0.9628915E+02     0.4210989E+02
    -0.9629334E+02     0.4212741E+02
    -0.9630737E+02     0.4213258E+02
    -0.9631889E+02     0.4213458E+02
    -0.9632619E+02     0.4213794E+02
    -0.9633346E+02     0.4215100E+02
    -0.9635697E+02     0.4216727E+02
    -0.9636536E+02     0.4218394E+02
    -0.9636389E+02     0.4219460E+02
    -0.9636928E+02     0.4220920E+02
    -0.9637135E+02     0.4221480E+02
    -0.9636823E+02     0.4221978E+02
    -0.9635061E+02     0.4222570E+02
    -0.9634255E+02     0.4223252E+02
    -0.9634454E+02     0.4224281E+02
    -0.9634480E+02     0.4227650E+02
    -0.9635175E+02     0.4228495E+02
    -0.9637959E+02     0.4229934E+02
    -0.9638422E+02     0.4231079E+02
    -0.9638483E+02     0.4231231E+02
    -0.9639224E+02     0.4232384E+02
    -0.9640130E+02     0.4233186E+02
    -0.9642242E+02     0.4234444E+02
    -0.9642674E+02     0.4235124E+02
    -0.9642875E+02     0.4236153E+02
    -0.9642516E+02     0.4237313E+02
    -0.9641860E+02     0.4237797E+02
    -0.9641693E+02     0.4238198E+02
    -0.9642117E+02     0.4239951E+02
    -0.9642126E+02     0.4240768E+02
    -0.9641850E+02     0.4241726E+02
    -0.9641511E+02     0.4242074E+02
    -0.9641179E+02     0.4242414E+02
    -0.9639874E+02     0.4243281E+02
    -0.9639297E+02     0.4244585E+02
    -0.9638997E+02     0.4245848E+02
    -0.9639398E+02     0.4247906E+02
    -0.9640428E+02     0.4248917E+02
    -0.9642126E+02     0.4249291E+02
    -0.9646918E+02     0.4248973E+02
    -0.9648106E+02     0.4250044E+02
    -0.9648435E+02     0.4251088E+02
    -0.9648722E+02     0.4251420E+02
    -0.9649903E+02     0.4251809E+02
    -0.9650124E+02     0.4252207E+02
    -0.9649974E+02     0.4252568E+02
    -0.9649199E+02     0.4253020E+02
    -0.9648882E+02     0.4253572E+02
    -0.9648775E+02     0.4253759E+02
    -0.9648798E+02     0.4255639E+02
    -0.9649104E+02     0.4256133E+02
    -0.9650089E+02     0.4256239E+02
    -0.9650416E+02     0.4256458E+02
    -0.9650613E+02     0.4257634E+02
    -0.9649892E+02     0.4258179E+02
    -0.9650919E+02     0.4260350E+02
    -0.9651825E+02     0.4261599E+02
    -0.9652465E+02     0.4261325E+02
    -0.9653082E+02     0.4261372E+02
    -0.9653370E+02     0.4261704E+02
    -0.9653320E+02     0.4261977E+02
    -0.9652798E+02     0.4262347E+02
    -0.9652602E+02     0.4262935E+02
    -0.9652696E+02     0.4263351E+02
    -0.9653036E+02     0.4263822E+02
    -0.9654244E+02     0.4264762E+02
    -0.9654778E+02     0.4265661E+02
    -0.9655023E+02     0.4266075E+02
    -0.9655515E+02     0.4266139E+02
    -0.9655901E+02     0.4265948E+02
    -0.9656367E+02     0.4265942E+02
    -0.9656718E+02     0.4266276E+02
    -0.9656583E+02     0.4266867E+02
    -0.9656764E+02     0.4267401E+02
    -0.9657176E+02     0.4267737E+02
    -0.9657545E+02     0.4267797E+02
    -0.9658241E+02     0.4267617E+02
    -0.9658241E+02     0.4268075E+02
    -0.9658953E+02     0.4268560E+02
    -0.9659465E+02     0.4269244E+02
    -0.9660457E+02     0.4269281E+02
    -0.9660951E+02     0.4269781E+02
    -0.9662112E+02     0.4270076E+02
    -0.9663029E+02     0.4270752E+02
    -0.9663676E+02     0.4271761E+02
    -0.9664262E+02     0.4273662E+02
    -0.9663918E+02     0.4274612E+02
    -0.9663268E+02     0.4275481E+02
    -0.9663248E+02     0.4275778E+02
    -0.9663828E+02     0.4275937E+02
    -0.9663959E+02     0.4276309E+02
    -0.9663721E+02     0.4277056E+02
    -0.9662993E+02     0.4278152E+02
    -0.9662563E+02     0.4278526E+02
    -0.9661782E+02     0.4278565E+02
    -0.9661205E+02     0.4278819E+02
    -0.9660922E+02     0.4279124E+02
    -0.9660465E+02     0.4279616E+02
    -0.9660213E+02     0.4280111E+02
    -0.9660263E+02     0.4280754E+02
    -0.9660065E+02     0.4281366E+02
    -0.9659492E+02     0.4282008E+02
    -0.9658910E+02     0.4283224E+02
    -0.9658613E+02     0.4283465E+02
    -0.9658240E+02     0.4283451E+02
    -0.9658080E+02     0.4283055E+02
    -0.9657344E+02     0.4282890E+02
    -0.9657145E+02     0.4283524E+02
    -0.9656562E+02     0.4283846E+02
    -0.9656687E+02     0.4284286E+02
    -0.9656412E+02     0.4284666E+02
    -0.9655511E+02     0.4285067E+02
    -0.9655371E+02     0.4285291E+02
    -0.9655757E+02     0.4286016E+02
    -0.9655867E+02     0.4286684E+02
    -0.9655579E+02     0.4287247E+02
    -0.9654760E+02     0.4287811E+02
    -0.9654744E+02     0.4288399E+02
    -0.9654740E+02     0.4288544E+02
    -0.9654105E+02     0.4289162E+02
    -0.9654171E+02     0.4289553E+02
    -0.9654742E+02     0.4289850E+02
    -0.9654969E+02     0.4290180E+02
    -0.9655254E+02     0.4291474E+02
    -0.9655106E+02     0.4292247E+02
    -0.9654584E+02     0.4293030E+02
    -0.9653900E+02     0.4293439E+02
    -0.9652942E+02     0.4293311E+02
    -0.9652711E+02     0.4293486E+02
    -0.9652805E+02     0.4293925E+02
    -0.9651826E+02     0.4294529E+02
    -0.9651862E+02     0.4294920E+02
    -0.9651151E+02     0.4296154E+02
    -0.9651138E+02     0.4296795E+02
    -0.9651608E+02     0.4297202E+02
    -0.9652379E+02     0.4297346E+02
    -0.9652720E+02     0.4298276E+02
    -0.9652519E+02     0.4298910E+02
    -0.9651712E+02     0.4299727E+02
    -0.9650241E+02     0.4300656E+02
    -0.9649928E+02     0.4301103E+02
    -0.9650072E+02     0.4301727E+02
    -0.9651551E+02     0.4302471E+02
    -0.9651720E+02     0.4302729E+02
    -0.9651727E+02     0.4303532E+02
    -0.9652638E+02     0.4304345E+02
    -0.9652273E+02     0.4304652E+02
    -0.9650549E+02     0.4305160E+02
    -0.9648492E+02     0.4306388E+02
    -0.9646912E+02     0.4306625E+02
    -0.9647014E+02     0.4306950E+02
    -0.9646674E+02     0.4307785E+02
    -0.9646646E+02     0.4309044E+02
    -0.9646146E+02     0.4310354E+02
    -0.9644817E+02     0.4312320E+02
    -0.9645145E+02     0.4313432E+02
    -0.9645414E+02     0.4313613E+02
    -0.9646339E+02     0.4314235E+02
    -0.9647363E+02     0.4315695E+02
    -0.9647850E+02     0.4318097E+02
    -0.9647749E+02     0.4319514E+02
    -0.9647968E+02     0.4321287E+02
    -0.9648506E+02     0.4322545E+02
    -0.9649036E+02     0.4323024E+02
    -0.9649574E+02     0.4322952E+02
    -0.9651127E+02     0.4321843E+02
    -0.9651772E+02     0.4321920E+02
    -0.9653085E+02     0.4322077E+02
    -0.9654356E+02     0.4322744E+02
    -0.9655553E+02     0.4322651E+02
    -0.9656641E+02     0.4322784E+02
    -0.9657324E+02     0.4323336E+02
    -0.9657349E+02     0.4324323E+02
    -0.9656332E+02     0.4324972E+02
    -0.9656128E+02     0.4325652E+02
    -0.9656673E+02     0.4326383E+02
    -0.9657152E+02     0.4326722E+02
    -0.9657868E+02     0.4326794E+02
    -0.9658405E+02     0.4327204E+02
    -0.9659228E+02     0.4327097E+02
    -0.9659490E+02     0.4327382E+02
    -0.9658961E+02     0.4327774E+02
    -0.9658678E+02     0.4328245E+02
    -0.9658636E+02     0.4328839E+02
    -0.9658900E+02     0.4329124E+02
    -0.9659425E+02     0.4329694E+02
    -0.9659248E+02     0.4329985E+02
    -0.9658132E+02     0.4330219E+02
    -0.9657633E+02     0.4330177E+02
    -0.9656948E+02     0.4329647E+02
    -0.9656264E+02     0.4329553E+02
    -0.9654628E+02     0.4329606E+02
    -0.9654396E+02     0.4329781E+02
    -0.9653261E+02     0.4337429E+02
    -0.9653084E+02     0.4338623E+02
    -0.9653230E+02     0.4339225E+02
    -0.9657545E+02     0.4341815E+02
    -0.9657696E+02     0.4342371E+02
    -0.9657402E+02     0.4342979E+02
    -0.9657839E+02     0.4343476E+02
    -0.9658613E+02     0.4343207E+02
    -0.9659464E+02     0.4343193E+02
    -0.9660358E+02     0.4343890E+02
    -0.9660704E+02     0.4344361E+02
    -0.9660874E+02     0.4345078E+02
    -0.9660583E+02     0.4345641E+02
    -0.9659734E+02     0.4346090E+02
    -0.9659705E+02     0.4346162E+02
    -0.9659544E+02     0.4346564E+02
    -0.9659267E+02     0.4349190E+02
    -0.9659587E+02     0.4349568E+02
    -0.9660508E+02     0.4349923E+02
    -0.9660801E+02     0.4350232E+02
END
END
