kansas
1
    -0.9744967E+02     0.3873462E+02
    -0.9458621E+02     0.3911636E+02
    -0.9459505E+02     0.3903318E+02
    -0.9460836E+02     0.3890769E+02
    -0.9461041E+02     0.3878177E+02
    -0.9461073E+02     0.3876287E+02
    -0.9460855E+02     0.3875878E+02
    -0.9461110E+02     0.3875599E+02
    -0.9461190E+02     0.3873398E+02
    -0.9461286E+02     0.3865681E+02
    -0.9461429E+02     0.3854215E+02
    -0.9461353E+02     0.3853088E+02
    -0.9461007E+02     0.3847944E+02
    -0.9461214E+02     0.3846107E+02
    -0.9461145E+02     0.3843816E+02
    -0.9461330E+02     0.3843171E+02
    -0.9461380E+02     0.3840521E+02
    -0.9461420E+02     0.3838426E+02
    -0.9461230E+02     0.3835977E+02
    -0.9461375E+02     0.3827928E+02
    -0.9461513E+02     0.3820225E+02
    -0.9461460E+02     0.3815328E+02
    -0.9461351E+02     0.3805145E+02
    -0.9461439E+02     0.3802728E+02
    -0.9461653E+02     0.3796840E+02
    -0.9461718E+02     0.3790127E+02
    -0.9461767E+02     0.3785168E+02
    -0.9461671E+02     0.3782922E+02
    -0.9462192E+02     0.3772923E+02
    -0.9462189E+02     0.3772573E+02
    -0.9462110E+02     0.3759967E+02
    -0.9462031E+02     0.3747360E+02
    -0.9462025E+02     0.3746346E+02
    -0.9461731E+02     0.3740451E+02
    -0.9461828E+02     0.3727843E+02
    -0.9461861E+02     0.3723544E+02
    -0.9461739E+02     0.3723317E+02
    -0.9461774E+02     0.3720545E+02
    -0.9461857E+02     0.3713750E+02
    -0.9461612E+02     0.3712241E+02
    -0.9462006E+02     0.3710100E+02
    -0.9461913E+02     0.3707973E+02
    -0.9461948E+02     0.3705238E+02
    -0.9462126E+02     0.3704477E+02
    -0.9461804E+02     0.3704279E+02
    -0.9461855E+02     0.3700473E+02
    -0.9462498E+02     0.3700616E+02
    -0.9467603E+02     0.3700594E+02
    -0.9473316E+02     0.3700567E+02
    -0.9475427E+02     0.3700341E+02
    -0.9475611E+02     0.3700148E+02
    -0.9478979E+02     0.3700453E+02
    -0.9482757E+02     0.3700422E+02
    -0.9483157E+02     0.3700312E+02
    -0.9487332E+02     0.3700393E+02
    -0.9490800E+02     0.3700460E+02
    -0.9500000E+02     0.3700349E+02
    -0.9502531E+02     0.3700319E+02
    -0.9503067E+02     0.3700319E+02
    -0.9518804E+02     0.3700307E+02
    -0.9527348E+02     0.3700292E+02
    -0.9534050E+02     0.3700403E+02
    -0.9534537E+02     0.3700363E+02
    -0.9535278E+02     0.3700303E+02
    -0.9545673E+02     0.3700430E+02
    -0.9548544E+02     0.3700608E+02
    -0.9550259E+02     0.3700540E+02
    -0.9563174E+02     0.3700640E+02
    -0.9576009E+02     0.3700550E+02
    -0.9580434E+02     0.3700515E+02
    -0.9583762E+02     0.3700672E+02
    -0.9585040E+02     0.3700451E+02
    -0.9591710E+02     0.3700528E+02
    -0.9603364E+02     0.3700433E+02
    -0.9605676E+02     0.3700293E+02
    -0.9607436E+02     0.3700393E+02
    -0.9607514E+02     0.3700397E+02
    -0.9609657E+02     0.3700285E+02
    -0.9621771E+02     0.3700338E+02
    -0.9623167E+02     0.3700307E+02
    -0.9628750E+02     0.3700181E+02
    -0.9632252E+02     0.3700342E+02
    -0.9638570E+02     0.3700132E+02
    -0.9638891E+02     0.3700143E+02
    -0.9643045E+02     0.3700280E+02
    -0.9647189E+02     0.3700116E+02
    -0.9649692E+02     0.3700328E+02
    -0.9654605E+02     0.3700338E+02
    -0.9670342E+02     0.3700356E+02
    -0.9686079E+02     0.3700353E+02
    -0.9701816E+02     0.3700330E+02
    -0.9703974E+02     0.3700325E+02
    -0.9710579E+02     0.3700217E+02
    -0.9718008E+02     0.3700381E+02
    -0.9719704E+02     0.3700313E+02
    -0.9722666E+02     0.3700194E+02
    -0.9731696E+02     0.3700285E+02
    -0.9735435E+02     0.3700181E+02
    -0.9736787E+02     0.3700143E+02
    -0.9747338E+02     0.3700251E+02
    -0.9751170E+02     0.3700200E+02
    -0.9758331E+02     0.3700101E+02
    -0.9760342E+02     0.3700241E+02
    -0.9776079E+02     0.3700235E+02
    -0.9789258E+02     0.3700214E+02
    -0.9791814E+02     0.3700140E+02
    -0.9794663E+02     0.3700057E+02
    -0.9798568E+02     0.3700151E+02
    -0.9799008E+02     0.3700291E+02
    -0.9803464E+02     0.3700082E+02
    -0.9808292E+02     0.3700267E+02
    -0.9816553E+02     0.3700158E+02
    -0.9819603E+02     0.3700116E+02
    -0.9828903E+02     0.3700283E+02
    -0.9831928E+02     0.3700478E+02
    -0.9832278E+02     0.3700475E+02
    -0.9844704E+02     0.3700345E+02
    -0.9845953E+02     0.3700558E+02
    -0.9847984E+02     0.3700501E+02
    -0.9850504E+02     0.3700495E+02
    -0.9866241E+02     0.3700445E+02
    -0.9881978E+02     0.3700375E+02
    -0.9883557E+02     0.3700367E+02
    -0.9897714E+02     0.3700478E+02
    -0.9899111E+02     0.3700488E+02
    -0.9907072E+02     0.3700346E+02
    -0.9910115E+02     0.3700383E+02
    -0.9910728E+02     0.3700510E+02
    -0.9911379E+02     0.3700404E+02
    -0.9913416E+02     0.3700396E+02
    -0.9929152E+02     0.3700322E+02
    -0.9931680E+02     0.3700308E+02
    -0.9939195E+02     0.3700309E+02
    -0.9939640E+02     0.3700467E+02
    -0.9944845E+02     0.3700345E+02
    -0.9946196E+02     0.3700313E+02
    -0.9960581E+02     0.3700317E+02
    -0.9963124E+02     0.3700317E+02
    -0.9967043E+02     0.3700494E+02
    -0.9968895E+02     0.3700358E+02
    -0.9976304E+02     0.3700301E+02
    -0.9977526E+02     0.3700291E+02
    -0.9992040E+02     0.3700308E+02
    -0.9997530E+02     0.3700310E+02
    -0.9999924E+02     0.3700135E+02
    -0.1000000E+03     0.3700137E+02
    -0.1004359E+03     0.3700220E+02
    -0.1009664E+03     0.3699915E+02
    -0.1010337E+03     0.3699082E+02
    -0.1011349E+03     0.3699335E+02
    -0.1014592E+03     0.3699442E+02
    -0.1017459E+03     0.3699535E+02
    -0.1020386E+03     0.3699120E+02
    -0.1020439E+03     0.3699129E+02
    -0.1020472E+03     0.3754618E+02
    -0.1020456E+03     0.3867792E+02
    -0.1020533E+03     0.3966520E+02
    -0.1020542E+03     0.4000000E+02
    -0.1020012E+03     0.4000000E+02
    -0.1020000E+03     0.4000000E+02
    -0.1019179E+03     0.4000000E+02
    -0.1019000E+03     0.4000000E+02
    -0.1018346E+03     0.4000000E+02
    -0.1018000E+03     0.4000000E+02
    -0.1017513E+03     0.4000000E+02
    -0.1017000E+03     0.4000000E+02
    -0.1016680E+03     0.4000000E+02
    -0.1016000E+03     0.4000000E+02
    -0.1015847E+03     0.4000000E+02
    -0.1015014E+03     0.4000000E+02
    -0.1015000E+03     0.4000000E+02
    -0.1014181E+03     0.4000000E+02
    -0.1014000E+03     0.4000000E+02
    -0.1013348E+03     0.4000000E+02
    -0.1013000E+03     0.4000000E+02
    -0.1012515E+03     0.4000000E+02
    -0.1012000E+03     0.4000000E+02
    -0.1011682E+03     0.4000000E+02
    -0.1011000E+03     0.4000000E+02
    -0.1010849E+03     0.4000000E+02
    -0.1010016E+03     0.4000000E+02
    -0.1010000E+03     0.4000000E+02
    -0.1009183E+03     0.4000000E+02
    -0.1009000E+03     0.4000000E+02
    -0.1008350E+03     0.4000000E+02
    -0.1008000E+03     0.4000000E+02
    -0.1007517E+03     0.4000000E+02
    -0.1007000E+03     0.4000000E+02
    -0.1006684E+03     0.4000000E+02
    -0.1006000E+03     0.4000000E+02
    -0.1005851E+03     0.4000000E+02
    -0.1005018E+03     0.4000000E+02
    -0.1005000E+03     0.4000000E+02
    -0.1004185E+03     0.4000000E+02
    -0.1004000E+03     0.4000000E+02
    -0.1003352E+03     0.4000000E+02
    -0.1003000E+03     0.4000000E+02
    -0.1002519E+03     0.4000000E+02
    -0.1002000E+03     0.4000000E+02
    -0.1001686E+03     0.4000000E+02
    -0.1001000E+03     0.4000000E+02
    -0.1000853E+03     0.4000000E+02
    -0.1000020E+03     0.4000000E+02
    -0.1000000E+03     0.4000000E+02
    -0.9991670E+02     0.4000000E+02
    -0.9990000E+02     0.4000000E+02
    -0.9983340E+02     0.4000000E+02
    -0.9980000E+02     0.4000000E+02
    -0.9975010E+02     0.4000000E+02
    -0.9970000E+02     0.4000000E+02
    -0.9966680E+02     0.4000000E+02
    -0.9960000E+02     0.4000000E+02
    -0.9958350E+02     0.4000000E+02
    -0.9950000E+02     0.4000000E+02
    -0.9941690E+02     0.4000000E+02
    -0.9940000E+02     0.4000000E+02
    -0.9933360E+02     0.4000000E+02
    -0.9930000E+02     0.4000000E+02
    -0.9925030E+02     0.4000000E+02
    -0.9920000E+02     0.4000000E+02
    -0.9916700E+02     0.4000000E+02
    -0.9910000E+02     0.4000000E+02
    -0.9908370E+02     0.4000000E+02
    -0.9900000E+02     0.4000000E+02
    -0.9891710E+02     0.4000000E+02
    -0.9890000E+02     0.4000000E+02
    -0.9883380E+02     0.4000000E+02
    -0.9880000E+02     0.4000000E+02
    -0.9875050E+02     0.4000000E+02
    -0.9870000E+02     0.4000000E+02
    -0.9866720E+02     0.4000000E+02
    -0.9860000E+02     0.4000000E+02
    -0.9858390E+02     0.4000000E+02
    -0.9850060E+02     0.4000000E+02
    -0.9850000E+02     0.4000000E+02
    -0.9841730E+02     0.4000000E+02
    -0.9840000E+02     0.4000000E+02
    -0.9833400E+02     0.4000000E+02
    -0.9830000E+02     0.4000000E+02
    -0.9825070E+02     0.4000000E+02
    -0.9820000E+02     0.4000000E+02
    -0.9816740E+02     0.4000000E+02
    -0.9810000E+02     0.4000000E+02
    -0.9808410E+02     0.4000000E+02
    -0.9800080E+02     0.4000000E+02
    -0.9800000E+02     0.4000000E+02
    -0.9791750E+02     0.4000000E+02
    -0.9790000E+02     0.4000000E+02
    -0.9783420E+02     0.4000000E+02
    -0.9780000E+02     0.4000000E+02
    -0.9775090E+02     0.4000000E+02
    -0.9770000E+02     0.4000000E+02
    -0.9766760E+02     0.4000000E+02
    -0.9760000E+02     0.4000000E+02
    -0.9758430E+02     0.4000000E+02
    -0.9750100E+02     0.4000000E+02
    -0.9750000E+02     0.4000000E+02
    -0.9741770E+02     0.4000000E+02
    -0.9740000E+02     0.4000000E+02
    -0.9733440E+02     0.4000000E+02
    -0.9730000E+02     0.4000000E+02
    -0.9725110E+02     0.4000000E+02
    -0.9720000E+02     0.4000000E+02
    -0.9716780E+02     0.4000000E+02
    -0.9710000E+02     0.4000000E+02
    -0.9708450E+02     0.4000000E+02
    -0.9700120E+02     0.4000000E+02
    -0.9700000E+02     0.4000000E+02
    -0.9691790E+02     0.4000000E+02
    -0.9690000E+02     0.4000000E+02
    -0.9683460E+02     0.4000000E+02
    -0.9680000E+02     0.4000000E+02
    -0.9675130E+02     0.4000000E+02
    -0.9670000E+02     0.4000000E+02
    -0.9666800E+02     0.4000000E+02
    -0.9660000E+02     0.4000000E+02
    -0.9658470E+02     0.4000000E+02
    -0.9650140E+02     0.4000000E+02
    -0.9650000E+02     0.4000000E+02
    -0.9641810E+02     0.4000000E+02
    -0.9640000E+02     0.4000000E+02
    -0.9633480E+02     0.4000000E+02
    -0.9630000E+02     0.4000000E+02
    -0.9625150E+02     0.4000000E+02
    -0.9620000E+02     0.4000000E+02
    -0.9616820E+02     0.4000000E+02
    -0.9610000E+02     0.4000000E+02
    -0.9608490E+02     0.4000000E+02
    -0.9600160E+02     0.4000000E+02
    -0.9600000E+02     0.4000000E+02
    -0.9591830E+02     0.4000000E+02
    -0.9590000E+02     0.4000000E+02
    -0.9583500E+02     0.4000000E+02
    -0.9580000E+02     0.4000000E+02
    -0.9575170E+02     0.4000000E+02
    -0.9570000E+02     0.4000000E+02
    -0.9566840E+02     0.4000000E+02
    -0.9560000E+02     0.4000000E+02
    -0.9558510E+02     0.4000000E+02
    -0.9550180E+02     0.4000000E+02
    -0.9550000E+02     0.4000000E+02
    -0.9541850E+02     0.4000000E+02
    -0.9540000E+02     0.4000000E+02
    -0.9533520E+02     0.4000000E+02
    -0.9531445E+02     0.4000000E+02
    -0.9531445E+02     0.4000000E+02
    -0.9530907E+02     0.3998825E+02
    -0.9530437E+02     0.3998241E+02
    -0.9529181E+02     0.3997332E+02
    -0.9527730E+02     0.3996748E+02
    -0.9524025E+02     0.3994088E+02
    -0.9522108E+02     0.3993744E+02
    -0.9520824E+02     0.3992835E+02
    -0.9520377E+02     0.3992067E+02
    -0.9520352E+02     0.3991929E+02
    -0.9520039E+02     0.3990221E+02
    -0.9519424E+02     0.3989709E+02
    -0.9518404E+02     0.3989458E+02
    -0.9517635E+02     0.3989544E+02
    -0.9516229E+02     0.3990102E+02
    -0.9515038E+02     0.3990060E+02
    -0.9514548E+02     0.3989659E+02
    -0.9514041E+02     0.3988068E+02
    -0.9513300E+02     0.3987329E+02
    -0.9510677E+02     0.3986289E+02
    -0.9508226E+02     0.3985908E+02
    -0.9506655E+02     0.3986011E+02
    -0.9505510E+02     0.3986379E+02
    -0.9504233E+02     0.3987207E+02
    -0.9503605E+02     0.3987950E+02
    -0.9502893E+02     0.3988792E+02
    -0.9501700E+02     0.3989481E+02
    -0.9501024E+02     0.3989701E+02
    -0.9500000E+02     0.3989744E+02
    -0.9499896E+02     0.3989748E+02
    -0.9497565E+02     0.3989386E+02
    -0.9495759E+02     0.3989584E+02
    -0.9494746E+02     0.3989536E+02
    -0.9493842E+02     0.3989189E+02
    -0.9492827E+02     0.3988203E+02
    -0.9492657E+02     0.3987589E+02
    -0.9492931E+02     0.3986919E+02
    -0.9493388E+02     0.3986406E+02
    -0.9493682E+02     0.3985462E+02
    -0.9493633E+02     0.3984891E+02
    -0.9493046E+02     0.3984263E+02
    -0.9492010E+02     0.3983529E+02
    -0.9488833E+02     0.3982679E+02
    -0.9488307E+02     0.3982071E+02
    -0.9487484E+02     0.3980578E+02
    -0.9489260E+02     0.3978688E+02
    -0.9489335E+02     0.3978275E+02
    -0.9488830E+02     0.3977393E+02
    -0.9487856E+02     0.3976703E+02
    -0.9486868E+02     0.3976416E+02
    -0.9486225E+02     0.3975990E+02
    -0.9485898E+02     0.3975558E+02
    -0.9486437E+02     0.3974237E+02
    -0.9487238E+02     0.3973374E+02
    -0.9487675E+02     0.3973159E+02
    -0.9487983E+02     0.3972604E+02
    -0.9489004E+02     0.3972102E+02
    -0.9490342E+02     0.3972213E+02
    -0.9494397E+02     0.3973685E+02
    -0.9495501E+02     0.3973868E+02
    -0.9496210E+02     0.3973808E+02
    -0.9496784E+02     0.3973246E+02
    -0.9496978E+02     0.3971690E+02
    -0.9497361E+02     0.3968611E+02
    -0.9497743E+02     0.3967687E+02
    -0.9498439E+02     0.3967238E+02
    -0.9500000E+02     0.3967103E+02
    -0.9500891E+02     0.3967026E+02
    -0.9502707E+02     0.3966438E+02
    -0.9503773E+02     0.3965614E+02
    -0.9505237E+02     0.3963499E+02
    -0.9505452E+02     0.3962685E+02
    -0.9505705E+02     0.3961726E+02
    -0.9505287E+02     0.3959195E+02
    -0.9505888E+02     0.3957947E+02
    -0.9506317E+02     0.3957599E+02
    -0.9507440E+02     0.3957335E+02
    -0.9508993E+02     0.3957717E+02
    -0.9510291E+02     0.3957620E+02
    -0.9510785E+02     0.3957357E+02
    -0.9511081E+02     0.3956773E+02
    -0.9511362E+02     0.3956142E+02
    -0.9511460E+02     0.3955265E+02
    -0.9511065E+02     0.3953678E+02
    -0.9509895E+02     0.3952523E+02
    -0.9505612E+02     0.3950237E+02
    -0.9505053E+02     0.3949493E+02
    -0.9504353E+02     0.3947334E+02
    -0.9503104E+02     0.3945483E+02
    -0.9502504E+02     0.3945221E+02
    -0.9501585E+02     0.3945127E+02
    -0.9500000E+02     0.3944485E+02
    -0.9499006E+02     0.3944083E+02
    -0.9498444E+02     0.3943665E+02
    -0.9497323E+02     0.3941859E+02
    -0.9495083E+02     0.3940891E+02
    -0.9494693E+02     0.3940254E+02
    -0.9494495E+02     0.3939213E+02
    -0.9493741E+02     0.3938400E+02
    -0.9491862E+02     0.3938279E+02
    -0.9491137E+02     0.3938638E+02
    -0.9489699E+02     0.3938897E+02
    -0.9488981E+02     0.3938614E+02
    -0.9488419E+02     0.3937711E+02
    -0.9488704E+02     0.3936880E+02
    -0.9489151E+02     0.3936687E+02
    -0.9490206E+02     0.3935612E+02
    -0.9490705E+02     0.3934686E+02
    -0.9490800E+02     0.3934012E+02
    -0.9490952E+02     0.3933143E+02
    -0.9490440E+02     0.3930977E+02
    -0.9489787E+02     0.3929727E+02
    -0.9488354E+02     0.3928577E+02
    -0.9484740E+02     0.3926656E+02
    -0.9483549E+02     0.3925420E+02
    -0.9483169E+02     0.3924604E+02
    -0.9483307E+02     0.3922443E+02
    -0.9483061E+02     0.3921664E+02
    -0.9482596E+02     0.3921020E+02
    -0.9481088E+02     0.3920500E+02
    -0.9479322E+02     0.3920535E+02
    -0.9478848E+02     0.3920346E+02
    -0.9478338E+02     0.3920142E+02
    -0.9477847E+02     0.3919556E+02
    -0.9477260E+02     0.3918282E+02
    -0.9476119E+02     0.3917474E+02
    -0.9474368E+02     0.3916851E+02
    -0.9472178E+02     0.3916539E+02
    -0.9471615E+02     0.3916857E+02
    -0.9471408E+02     0.3917093E+02
    -0.9470303E+02     0.3917504E+02
    -0.9468608E+02     0.3917902E+02
    -0.9467754E+02     0.3917896E+02
    -0.9466729E+02     0.3917136E+02
    -0.9466196E+02     0.3915797E+02
    -0.9465410E+02     0.3915421E+02
    -0.9462009E+02     0.3915850E+02
    -0.9460886E+02     0.3915710E+02
    -0.9459669E+02     0.3915343E+02
    -0.9458978E+02     0.3914551E+02
    -0.9460446E+02     0.3912833E+02
    -0.9461375E+02     0.3912426E+02
    -0.9461440E+02     0.3911623E+02
    -0.9461131E+02     0.3911148E+02
    -0.9459899E+02     0.3911285E+02
    -0.9458621E+02     0.3911636E+02
END
END
