kentucky
1
    -0.8411348E+02     0.3737696E+02
    -0.8490272E+02     0.3904482E+02
    -0.8490156E+02     0.3904905E+02
    -0.8490194E+02     0.3905383E+02
    -0.8489902E+02     0.3905920E+02
    -0.8488906E+02     0.3906752E+02
    -0.8488196E+02     0.3906961E+02
    -0.8486852E+02     0.3907636E+02
    -0.8485842E+02     0.3908295E+02
    -0.8484995E+02     0.3908902E+02
    -0.8484243E+02     0.3909287E+02
    -0.8483445E+02     0.3909805E+02
    -0.8481926E+02     0.3910400E+02
    -0.8481712E+02     0.3910487E+02
    -0.8480951E+02     0.3910796E+02
    -0.8479578E+02     0.3911123E+02
    -0.8478986E+02     0.3911412E+02
    -0.8478568E+02     0.3911781E+02
    -0.8478058E+02     0.3912415E+02
    -0.8477653E+02     0.3912957E+02
    -0.8477185E+02     0.3913415E+02
    -0.8476707E+02     0.3913742E+02
    -0.8476285E+02     0.3914067E+02
    -0.8475845E+02     0.3914175E+02
    -0.8475239E+02     0.3914291E+02
    -0.8474668E+02     0.3914145E+02
    -0.8474268E+02     0.3914033E+02
    -0.8473857E+02     0.3913791E+02
    -0.8473280E+02     0.3913557E+02
    -0.8472675E+02     0.3912976E+02
    -0.8472429E+02     0.3912683E+02
    -0.8472050E+02     0.3912135E+02
    -0.8471429E+02     0.3911336E+02
    -0.8470996E+02     0.3910791E+02
    -0.8470576E+02     0.3910419E+02
    -0.8470097E+02     0.3910006E+02
    -0.8469513E+02     0.3909685E+02
    -0.8468880E+02     0.3909453E+02
    -0.8468365E+02     0.3909303E+02
    -0.8467503E+02     0.3908995E+02
    -0.8466650E+02     0.3908818E+02
    -0.8466064E+02     0.3908453E+02
    -0.8465136E+02     0.3908017E+02
    -0.8464375E+02     0.3907574E+02
    -0.8463562E+02     0.3907177E+02
    -0.8462939E+02     0.3907075E+02
    -0.8462206E+02     0.3906978E+02
    -0.8461151E+02     0.3907071E+02
    -0.8459883E+02     0.3907304E+02
    -0.8458566E+02     0.3907626E+02
    -0.8457917E+02     0.3907918E+02
    -0.8457430E+02     0.3908114E+02
    -0.8456574E+02     0.3908633E+02
    -0.8456210E+02     0.3908998E+02
    -0.8455849E+02     0.3909407E+02
    -0.8455466E+02     0.3909511E+02
    -0.8455132E+02     0.3909527E+02
    -0.8454450E+02     0.3909384E+02
    -0.8453477E+02     0.3909080E+02
    -0.8452343E+02     0.3908871E+02
    -0.8451737E+02     0.3908986E+02
    -0.8451124E+02     0.3909013E+02
    -0.8450701E+02     0.3909338E+02
    -0.8450393E+02     0.3909700E+02
    -0.8449602E+02     0.3910346E+02
    -0.8448877E+02     0.3911119E+02
    -0.8448283E+02     0.3911407E+02
    -0.8447293E+02     0.3911626E+02
    -0.8446854E+02     0.3911733E+02
    -0.8446463E+02     0.3911751E+02
    -0.8446178E+02     0.3911677E+02
    -0.8446011E+02     0.3911684E+02
    -0.8445769E+02     0.3911434E+02
    -0.8445467E+02     0.3911143E+02
    -0.8445065E+02     0.3910987E+02
    -0.8444764E+02     0.3910696E+02
    -0.8444518E+02     0.3910402E+02
    -0.8444257E+02     0.3909891E+02
    -0.8444182E+02     0.3909633E+02
    -0.8444186E+02     0.3908936E+02
    -0.8444135E+02     0.3908242E+02
    -0.8444059E+02     0.3907200E+02
    -0.8443877E+02     0.3906250E+02
    -0.8443116E+02     0.3905022E+02
    -0.8442754E+02     0.3904646E+02
    -0.8442166E+02     0.3904456E+02
    -0.8441719E+02     0.3904257E+02
    -0.8437926E+02     0.3903939E+02
    -0.8435391E+02     0.3903277E+02
    -0.8434351E+02     0.3902801E+02
    -0.8433704E+02     0.3902407E+02
    -0.8432834E+02     0.3901811E+02
    -0.8432073E+02     0.3901281E+02
    -0.8431664E+02     0.3900695E+02
    -0.8431184E+02     0.3900061E+02
    -0.8431039E+02     0.3899464E+02
    -0.8430714E+02     0.3898825E+02
    -0.8430592E+02     0.3898213E+02
    -0.8430592E+02     0.3898213E+02
    -0.8430541E+02     0.3897961E+02
    -0.8430463E+02     0.3896876E+02
    -0.8430054E+02     0.3895849E+02
    -0.8429495E+02     0.3895046E+02
    -0.8429000E+02     0.3894371E+02
    -0.8428500E+02     0.3893609E+02
    -0.8426556E+02     0.3891386E+02
    -0.8424848E+02     0.3889327E+02
    -0.8424543E+02     0.3888948E+02
    -0.8424407E+02     0.3888606E+02
    -0.8424197E+02     0.3888005E+02
    -0.8424259E+02     0.3887306E+02
    -0.8424309E+02     0.3886433E+02
    -0.8424247E+02     0.3885564E+02
    -0.8424322E+02     0.3885039E+02
    -0.8424272E+02     0.3884344E+02
    -0.8424346E+02     0.3883818E+02
    -0.8423721E+02     0.3882060E+02
    -0.8422897E+02     0.3880658E+02
    -0.8422546E+02     0.3880412E+02
    -0.8421612E+02     0.3879800E+02
    -0.8420240E+02     0.3879293E+02
    -0.8418764E+02     0.3878878E+02
    -0.8417204E+02     0.3878858E+02
    -0.8416016E+02     0.3878605E+02
    -0.8414645E+02     0.3878097E+02
    -0.8412421E+02     0.3877321E+02
    -0.8409756E+02     0.3876608E+02
    -0.8408076E+02     0.3876461E+02
    -0.8405521E+02     0.3876525E+02
    -0.8403929E+02     0.3876854E+02
    -0.8402241E+02     0.3877285E+02
    -0.8402241E+02     0.3877285E+02
    -0.8400866E+02     0.3877636E+02
    -0.8399329E+02     0.3877961E+02
    -0.8397831E+02     0.3878024E+02
    -0.8396715E+02     0.3877983E+02
    -0.8395760E+02     0.3877848E+02
    -0.8395017E+02     0.3877574E+02
    -0.8394162E+02     0.3877261E+02
    -0.8393114E+02     0.3876564E+02
    -0.8392255E+02     0.3876207E+02
    -0.8391017E+02     0.3875997E+02
    -0.8389729E+02     0.3875875E+02
    -0.8388769E+02     0.3875653E+02
    -0.8387864E+02     0.3875429E+02
    -0.8387119E+02     0.3875111E+02
    -0.8386603E+02     0.3874871E+02
    -0.8386239E+02     0.3874406E+02
    -0.8385619E+02     0.3873430E+02
    -0.8385001E+02     0.3872497E+02
    -0.8384631E+02     0.3871946E+02
    -0.8384258E+02     0.3871351E+02
    -0.8383781E+02     0.3870848E+02
    -0.8383198E+02     0.3870436E+02
    -0.8382177E+02     0.3870129E+02
    -0.8380993E+02     0.3869872E+02
    -0.8380033E+02     0.3869649E+02
    -0.8379573E+02     0.3869406E+02
    -0.8379224E+02     0.3869159E+02
    -0.8378970E+02     0.3868690E+02
    -0.8378671E+02     0.3867483E+02
    -0.8378392E+02     0.3866623E+02
    -0.8377992E+02     0.3865594E+02
    -0.8377515E+02     0.3865090E+02
    -0.8376759E+02     0.3864555E+02
    -0.8375844E+02     0.3864156E+02
    -0.8375063E+02     0.3864100E+02
    -0.8373792E+02     0.3864193E+02
    -0.8373232E+02     0.3864128E+02
    -0.8372713E+02     0.3863844E+02
    -0.8367988E+02     0.3862027E+02
    -0.8367210E+02     0.3862014E+02
    -0.8366271E+02     0.3862094E+02
    -0.8366002E+02     0.3862236E+02
    -0.8365459E+02     0.3862431E+02
    -0.8365051E+02     0.3863013E+02
    -0.8364658E+02     0.3863813E+02
    -0.8364404E+02     0.3865085E+02
    -0.8364040E+02     0.3866362E+02
    -0.8363676E+02     0.3866768E+02
    -0.8363091E+02     0.3867183E+02
    -0.8362503E+02     0.3867554E+02
    -0.8361624E+02     0.3867719E+02
    -0.8360360E+02     0.3867942E+02
    -0.8358868E+02     0.3868086E+02
    -0.8357770E+02     0.3868303E+02
    -0.8356789E+02     0.3868602E+02
    -0.8356033E+02     0.3868979E+02
    -0.8355157E+02     0.3869186E+02
    -0.8353905E+02     0.3869626E+02
    -0.8352908E+02     0.3869664E+02
    -0.8352010E+02     0.3869524E+02
    -0.8351117E+02     0.3869471E+02
    -0.8350425E+02     0.3869061E+02
    -0.8349284E+02     0.3868582E+02
    -0.8348690E+02     0.3867951E+02
    -0.8347708E+02     0.3867335E+02
    -0.8346560E+02     0.3866725E+02
    -0.8344876E+02     0.3866440E+02
    -0.8342918E+02     0.3866208E+02
    -0.8339389E+02     0.3865729E+02
    -0.8337479E+02     0.3865364E+02
    -0.8335996E+02     0.3864722E+02
    -0.8335018E+02     0.3864148E+02
    -0.8333871E+02     0.3863537E+02
    -0.8333287E+02     0.3863036E+02
    -0.8332874E+02     0.3862615E+02
    -0.8332629E+02     0.3862232E+02
    -0.8332354E+02     0.3861328E+02
    -0.8332082E+02     0.3860467E+02
    -0.8331482E+02     0.3859705E+02
    -0.8330965E+02     0.3859419E+02
    -0.8330283E+02     0.3859139E+02
    -0.8329674E+02     0.3859161E+02
    -0.8329178E+02     0.3859222E+02
    -0.8328806E+02     0.3859497E+02
    -0.8328436E+02     0.3859815E+02
    -0.8327962E+02     0.3860268E+02
    -0.8326862E+02     0.3861396E+02
    -0.8326385E+02     0.3861805E+02
    -0.8325957E+02     0.3862082E+02
    -0.8325179E+02     0.3862066E+02
    -0.8324076E+02     0.3862192E+02
    -0.8323573E+02     0.3862123E+02
    -0.8322711E+02     0.3861631E+02
    -0.8321352E+02     0.3861157E+02
    -0.8319634E+02     0.3861218E+02
    -0.8317743E+02     0.3861154E+02
    -0.8315917E+02     0.3861262E+02
    -0.8315383E+02     0.3861629E+02
    -0.8314622E+02     0.3861917E+02
    -0.8313423E+02     0.3863308E+02
    -0.8313065E+02     0.3863843E+02
    -0.8312846E+02     0.3864896E+02
    -0.8312383E+02     0.3865565E+02
    -0.8311620E+02     0.3866810E+02
    -0.8310981E+02     0.3867311E+02
    -0.8309669E+02     0.3867705E+02
    -0.8308348E+02     0.3867924E+02
    -0.8306554E+02     0.3868639E+02
    -0.8305698E+02     0.3869234E+02
    -0.8305117E+02     0.3869777E+02
    -0.8303664E+02     0.3871654E+02
    -0.8302973E+02     0.3872243E+02
    -0.8302317E+02     0.3872440E+02
    -0.8301205E+02     0.3872434E+02
    -0.8300085E+02     0.3872298E+02
    -0.8298962E+02     0.3872075E+02
    -0.8298296E+02     0.3872097E+02
    -0.8297968E+02     0.3872195E+02
    -0.8297478E+02     0.3872385E+02
    -0.8296401E+02     0.3873031E+02
    -0.8294829E+02     0.3873780E+02
    -0.8293839E+02     0.3873987E+02
    -0.8292530E+02     0.3874465E+02
    -0.8290830E+02     0.3874913E+02
    -0.8290227E+02     0.3875064E+02
    -0.8289496E+02     0.3874914E+02
    -0.8289149E+02     0.3874664E+02
    -0.8288682E+02     0.3874244E+02
    -0.8288486E+02     0.3873685E+02
    -0.8287996E+02     0.3872830E+02
    -0.8288028E+02     0.3872394E+02
    -0.8288264E+02     0.3871603E+02
    -0.8288753E+02     0.3869279E+02
    -0.8288564E+02     0.3867805E+02
    -0.8288314E+02     0.3867291E+02
    -0.8287241E+02     0.3865890E+02
    -0.8287026E+02     0.3864983E+02
    -0.8287011E+02     0.3862589E+02
    -0.8286665E+02     0.3861295E+02
    -0.8286597E+02     0.3859991E+02
    -0.8285947E+02     0.3859229E+02
    -0.8284418E+02     0.3857581E+02
    -0.8283382E+02     0.3856874E+02
    -0.8282693E+02     0.3856417E+02
    -0.8282063E+02     0.3856046E+02
    -0.8281155E+02     0.3855640E+02
    -0.8279919E+02     0.3855332E+02
    -0.8278592E+02     0.3855418E+02
    -0.8277535E+02     0.3855365E+02
    -0.8275921E+02     0.3855242E+02
    -0.8274422E+02     0.3855202E+02
    -0.8273522E+02     0.3854970E+02
    -0.8272512E+02     0.3854741E+02
    -0.8271888E+02     0.3854456E+02
    -0.8271257E+02     0.3854040E+02
    -0.8270788E+02     0.3853532E+02
    -0.8269969E+02     0.3852687E+02
    -0.8266853E+02     0.3849128E+02
    -0.8266216E+02     0.3848582E+02
    -0.8264851E+02     0.3847884E+02
    -0.8263996E+02     0.3847388E+02
    -0.8262971E+02     0.3846811E+02
    -0.8262456E+02     0.3846478E+02
    -0.8261979E+02     0.3845796E+02
    -0.8261702E+02     0.3844673E+02
    -0.8261268E+02     0.3843729E+02
    -0.8261012E+02     0.3843040E+02
    -0.8260204E+02     0.3841236E+02
    -0.8260204E+02     0.3841236E+02
    -0.8260972E+02     0.3839874E+02
    -0.8260917E+02     0.3836918E+02
    -0.8261061E+02     0.3835029E+02
    -0.8260841E+02     0.3834188E+02
    -0.8260678E+02     0.3833872E+02
    -0.8260204E+02     0.3833727E+02
    -0.8258920E+02     0.3832071E+02
    -0.8258758E+02     0.3831227E+02
    -0.8259173E+02     0.3829722E+02
    -0.8258892E+02     0.3825555E+02
    -0.8259272E+02     0.3825037E+02
    -0.8259975E+02     0.3824555E+02
    -0.8262146E+02     0.3823772E+02
    -0.8262493E+02     0.3823186E+02
    -0.8261530E+02     0.3821520E+02
    -0.8261294E+02     0.3820381E+02
    -0.8261359E+02     0.3819415E+02
    -0.8262144E+02     0.3817782E+02
    -0.8262868E+02     0.3817184E+02
    -0.8264804E+02     0.3816936E+02
    -0.8264999E+02     0.3816768E+02
    -0.8265299E+02     0.3815863E+02
    -0.8265305E+02     0.3815744E+02
    -0.8265342E+02     0.3815036E+02
    -0.8264372E+02     0.3813255E+02
    -0.8261746E+02     0.3811461E+02
    -0.8261401E+02     0.3810991E+02
    -0.8261022E+02     0.3810980E+02
    -0.8260422E+02     0.3810633E+02
    -0.8259334E+02     0.3808764E+02
    -0.8258315E+02     0.3807627E+02
    -0.8256307E+02     0.3805949E+02
    -0.8255750E+02     0.3805302E+02
    -0.8255157E+02     0.3803416E+02
    -0.8254068E+02     0.3801501E+02
    -0.8253297E+02     0.3800542E+02
    -0.8252918E+02     0.3800070E+02
    -0.8252320E+02     0.3799722E+02
    -0.8250802E+02     0.3799565E+02
    -0.8249382E+02     0.3797935E+02
    -0.8248696E+02     0.3798141E+02
    -0.8247968E+02     0.3798096E+02
    -0.8247739E+02     0.3797599E+02
    -0.8247872E+02     0.3797365E+02
    -0.8248952E+02     0.3796939E+02
    -0.8249314E+02     0.3796629E+02
    -0.8249292E+02     0.3796217E+02
    -0.8248791E+02     0.3795499E+02
    -0.8248942E+02     0.3795058E+02
    -0.8250021E+02     0.3794609E+02
    -0.8251270E+02     0.3793513E+02
    -0.8251078E+02     0.3793175E+02
    -0.8250610E+02     0.3792916E+02
    -0.8249704E+02     0.3792416E+02
    -0.8248590E+02     0.3790501E+02
    -0.8248289E+02     0.3790305E+02
    -0.8247887E+02     0.3790363E+02
    -0.8247782E+02     0.3791147E+02
    -0.8247407E+02     0.3791182E+02
    -0.8244566E+02     0.3789506E+02
    -0.8243603E+02     0.3788252E+02
    -0.8242999E+02     0.3787766E+02
    -0.8242461E+02     0.3786888E+02
    -0.8242535E+02     0.3786633E+02
    -0.8243078E+02     0.3786478E+02
    -0.8243345E+02     0.3786034E+02
    -0.8243034E+02     0.3785310E+02
    -0.8242588E+02     0.3784267E+02
    -0.8241257E+02     0.3782588E+02
    -0.8241154E+02     0.3781719E+02
    -0.8241298E+02     0.3781118E+02
    -0.8241022E+02     0.3780805E+02
    -0.8240643E+02     0.3780771E+02
    -0.8240000E+02     0.3781227E+02
    -0.8239534E+02     0.3781174E+02
    -0.8238821E+02     0.3780232E+02
    -0.8237800E+02     0.3779507E+02
    -0.8236179E+02     0.3778938E+02
    -0.8235184E+02     0.3778166E+02
    -0.8234611E+02     0.3776627E+02
    -0.8234516E+02     0.3776373E+02
    -0.8233949E+02     0.3776024E+02
    -0.8232940E+02     0.3776101E+02
    -0.8232542E+02     0.3775677E+02
    -0.8233117E+02     0.3775017E+02
    -0.8233871E+02     0.3774465E+02
    -0.8234055E+02     0.3774092E+02
    -0.8233006E+02     0.3772771E+02
    -0.8232246E+02     0.3771463E+02
    -0.8231140E+02     0.3770143E+02
    -0.8230849E+02     0.3768935E+02
    -0.8230846E+02     0.3767719E+02
    -0.8230654E+02     0.3767334E+02
    -0.8230289E+02     0.3766956E+02
    -0.8229673E+02     0.3766835E+02
    -0.8228362E+02     0.3766579E+02
    -0.8228018E+02     0.3766039E+02
    -0.8227631E+02     0.3765821E+02
    -0.8225939E+02     0.3765483E+02
    -0.8224990E+02     0.3765580E+02
    -0.8224314E+02     0.3765349E+02
    -0.8223292E+02     0.3764531E+02
    -0.8222579E+02     0.3762945E+02
    -0.8221913E+02     0.3762300E+02
    -0.8221383E+02     0.3762086E+02
    -0.8220143E+02     0.3762147E+02
    -0.8219753E+02     0.3762434E+02
    -0.8219507E+02     0.3763337E+02
    -0.8219598E+02     0.3764045E+02
    -0.8219357E+02     0.3764420E+02
    -0.8219087E+02     0.3764407E+02
    -0.8218707E+02     0.3764141E+02
    -0.8218279E+02     0.3763029E+02
    -0.8218923E+02     0.3762000E+02
    -0.8218578E+02     0.3761436E+02
    -0.8216090E+02     0.3759536E+02
    -0.8214733E+02     0.3758911E+02
    -0.8214015E+02     0.3758382E+02
    -0.8213599E+02     0.3757521E+02
    -0.8213780E+02     0.3757080E+02
    -0.8214059E+02     0.3756865E+02
    -0.8214748E+02     0.3756776E+02
    -0.8215385E+02     0.3756229E+02
    -0.8214358E+02     0.3755249E+02
    -0.8214095E+02     0.3755162E+02
    -0.8213596E+02     0.3754996E+02
    -0.8213076E+02     0.3754989E+02
    -0.8212463E+02     0.3755466E+02
    -0.8211921E+02     0.3755597E+02
    -0.8210797E+02     0.3755010E+02
    -0.8209064E+02     0.3754969E+02
    -0.8208156E+02     0.3754697E+02
    -0.8207442E+02     0.3754236E+02
    -0.8206873E+02     0.3753151E+02
    -0.8205985E+02     0.3752672E+02
    -0.8205521E+02     0.3752617E+02
    -0.8205185E+02     0.3752833E+02
    -0.8205111E+02     0.3753111E+02
    -0.8205377E+02     0.3753883E+02
    -0.8205107E+02     0.3754281E+02
    -0.8204610E+02     0.3754158E+02
    -0.8203036E+02     0.3753170E+02
    -0.8202565E+02     0.3753070E+02
    -0.8202279E+02     0.3753009E+02
    -0.8201445E+02     0.3753078E+02
    -0.8199892E+02     0.3753758E+02
    -0.8198738E+02     0.3753759E+02
    -0.8198098E+02     0.3753546E+02
    -0.8197913E+02     0.3752991E+02
    -0.8197913E+02     0.3752991E+02
    -0.8203264E+02     0.3749200E+02
    -0.8203735E+02     0.3748708E+02
    -0.8204496E+02     0.3748231E+02
    -0.8206689E+02     0.3746779E+02
    -0.8207329E+02     0.3746144E+02
    -0.8208852E+02     0.3745282E+02
    -0.8210081E+02     0.3744243E+02
    -0.8211401E+02     0.3743362E+02
    -0.8216253E+02     0.3739963E+02
    -0.8216342E+02     0.3739822E+02
    -0.8216415E+02     0.3739706E+02
    -0.8217085E+02     0.3739139E+02
    -0.8218037E+02     0.3738473E+02
    -0.8218410E+02     0.3738418E+02
    -0.8219586E+02     0.3737586E+02
    -0.8221498E+02     0.3736437E+02
    -0.8221632E+02     0.3736181E+02
    -0.8223842E+02     0.3734588E+02
    -0.8225610E+02     0.3733465E+02
    -0.8229417E+02     0.3730844E+02
    -0.8230884E+02     0.3729840E+02
    -0.8232314E+02     0.3728767E+02
    -0.8234569E+02     0.3727596E+02
    -0.8236711E+02     0.3725985E+02
    -0.8237811E+02     0.3725806E+02
    -0.8239854E+02     0.3725270E+02
    -0.8240333E+02     0.3725028E+02
    -0.8241507E+02     0.3724928E+02
    -0.8243891E+02     0.3724222E+02
    -0.8249252E+02     0.3722586E+02
    -0.8251567E+02     0.3721651E+02
    -0.8254025E+02     0.3720711E+02
    -0.8254695E+02     0.3720256E+02
    -0.8257381E+02     0.3719057E+02
    -0.8257765E+02     0.3718885E+02
    -0.8259467E+02     0.3717736E+02
    -0.8263834E+02     0.3715248E+02
    -0.8263950E+02     0.3715180E+02
    -0.8264168E+02     0.3715052E+02
    -0.8264981E+02     0.3714573E+02
    -0.8266956E+02     0.3713805E+02
    -0.8268205E+02     0.3713516E+02
    -0.8269305E+02     0.3713071E+02
    -0.8271722E+02     0.3712589E+02
    -0.8272366E+02     0.3712248E+02
    -0.8272925E+02     0.3711290E+02
    -0.8272585E+02     0.3705077E+02
    -0.8272943E+02     0.3704768E+02
    -0.8273710E+02     0.3704609E+02
    -0.8274725E+02     0.3704234E+02
    -0.8275465E+02     0.3702881E+02
    -0.8276054E+02     0.3702588E+02
    -0.8277126E+02     0.3702235E+02
    -0.8279619E+02     0.3700990E+02
    -0.8281221E+02     0.3700943E+02
    -0.8282815E+02     0.3700711E+02
    -0.8283951E+02     0.3699896E+02
    -0.8286208E+02     0.3698542E+02
    -0.8287138E+02     0.3697641E+02
    -0.8287141E+02     0.3697090E+02
    -0.8286894E+02     0.3696707E+02
    -0.8286700E+02     0.3695634E+02
    -0.8286349E+02     0.3694864E+02
    -0.8286079E+02     0.3693379E+02
    -0.8286941E+02     0.3692250E+02
    -0.8287446E+02     0.3692028E+02
    -0.8287809E+02     0.3691236E+02
    -0.8287481E+02     0.3690351E+02
    -0.8287788E+02     0.3689773E+02
    -0.8287927E+02     0.3689511E+02
    -0.8288361E+02     0.3688992E+02
    -0.8290148E+02     0.3688088E+02
    -0.8293579E+02     0.3686857E+02
    -0.8294941E+02     0.3686631E+02
    -0.8295964E+02     0.3686507E+02
    -0.8297583E+02     0.3686274E+02
    -0.8298904E+02     0.3685796E+02
    -0.8300256E+02     0.3685386E+02
    -0.8301304E+02     0.3685169E+02
    -0.8302293E+02     0.3685505E+02
    -0.8303899E+02     0.3685592E+02
    -0.8306313E+02     0.3685263E+02
    -0.8307063E+02     0.3684958E+02
    -0.8307658E+02     0.3684715E+02
    -0.8309062E+02     0.3683636E+02
    -0.8310359E+02     0.3680999E+02
    -0.8311227E+02     0.3680075E+02
    -0.8312193E+02     0.3678826E+02
    -0.8312848E+02     0.3677633E+02
    -0.8312966E+02     0.3677147E+02
    -0.8312745E+02     0.3675592E+02
    -0.8313153E+02     0.3675189E+02
    -0.8314487E+02     0.3674479E+02
    -0.8314710E+02     0.3674357E+02
    -0.8319109E+02     0.3674373E+02
    -0.8320368E+02     0.3673872E+02
    -0.8321474E+02     0.3673721E+02
    -0.8322600E+02     0.3673407E+02
    -0.8325655E+02     0.3672318E+02
    -0.8326131E+02     0.3672118E+02
    -0.8328729E+02     0.3671574E+02
    -0.8330056E+02     0.3671296E+02
    -0.8331055E+02     0.3671308E+02
    -0.8333146E+02     0.3670892E+02
    -0.8336229E+02     0.3669821E+02
    -0.8337840E+02     0.3668985E+02
    -0.8338761E+02     0.3668608E+02
    -0.8340575E+02     0.3667833E+02
    -0.8342686E+02     0.3666771E+02
    -0.8343524E+02     0.3666443E+02
    -0.8345208E+02     0.3666453E+02
    -0.8345654E+02     0.3666253E+02
    -0.8347504E+02     0.3666188E+02
    -0.8351495E+02     0.3666643E+02
    -0.8351888E+02     0.3666589E+02
    -0.8352610E+02     0.3666490E+02
    -0.8352855E+02     0.3666457E+02
    -0.8353810E+02     0.3666193E+02
    -0.8354843E+02     0.3665788E+02
    -0.8356371E+02     0.3665044E+02
    -0.8357560E+02     0.3664885E+02
    -0.8358523E+02     0.3664253E+02
    -0.8360091E+02     0.3663787E+02
    -0.8361693E+02     0.3663311E+02
    -0.8363071E+02     0.3662961E+02
    -0.8363848E+02     0.3662588E+02
    -0.8365196E+02     0.3662217E+02
    -0.8365885E+02     0.3661801E+02
    -0.8367574E+02     0.3660405E+02
    -0.8367748E+02     0.3659798E+02
    -0.8368754E+02     0.3659121E+02
    -0.8369636E+02     0.3658100E+02
    -0.8372172E+02     0.3658074E+02
    -0.8373801E+02     0.3658151E+02
    -0.8374181E+02     0.3658156E+02
    -0.8377396E+02     0.3658199E+02
    -0.8380107E+02     0.3658256E+02
    -0.8381957E+02     0.3658208E+02
    -0.8386096E+02     0.3658302E+02
    -0.8390720E+02     0.3658398E+02
    -0.8397281E+02     0.3658462E+02
    -0.8397855E+02     0.3658531E+02
    -0.8401978E+02     0.3658344E+02
    -0.8402894E+02     0.3658399E+02
    -0.8403365E+02     0.3658633E+02
    -0.8405190E+02     0.3658661E+02
    -0.8406245E+02     0.3658677E+02
    -0.8407503E+02     0.3658696E+02
    -0.8408048E+02     0.3658814E+02
    -0.8412054E+02     0.3658971E+02
    -0.8413470E+02     0.3659025E+02
    -0.8416108E+02     0.3659058E+02
    -0.8417925E+02     0.3658937E+02
    -0.8418338E+02     0.3659150E+02
    -0.8420338E+02     0.3659204E+02
    -0.8421841E+02     0.3659073E+02
    -0.8424250E+02     0.3659295E+02
    -0.8425422E+02     0.3659337E+02
    -0.8428809E+02     0.3659241E+02
    -0.8433578E+02     0.3659337E+02
    -0.8436482E+02     0.3659259E+02
    -0.8438548E+02     0.3659446E+02
    -0.8440479E+02     0.3659317E+02
    -0.8440485E+02     0.3659409E+02
    -0.8442713E+02     0.3659473E+02
    -0.8444421E+02     0.3659420E+02
    -0.8444592E+02     0.3659415E+02
    -0.8446541E+02     0.3659560E+02
    -0.8451792E+02     0.3659605E+02
    -0.8454985E+02     0.3659579E+02
    -0.8459589E+02     0.3659741E+02
    -0.8463291E+02     0.3659667E+02
    -0.8470121E+02     0.3659840E+02
    -0.8471548E+02     0.3659844E+02
    -0.8474486E+02     0.3659847E+02
    -0.8476492E+02     0.3659962E+02
    -0.8478190E+02     0.3660182E+02
    -0.8480135E+02     0.3660253E+02
    -0.8481973E+02     0.3660420E+02
    -0.8483602E+02     0.3660459E+02
    -0.8490426E+02     0.3660920E+02
    -0.8492490E+02     0.3661052E+02
    -0.8495244E+02     0.3661243E+02
    -0.8495721E+02     0.3661128E+02
    -0.8497365E+02     0.3661371E+02
    -0.8498972E+02     0.3661501E+02
    -0.8500000E+02     0.3661481E+02
    -0.8502135E+02     0.3661441E+02
    -0.8505939E+02     0.3661555E+02
    -0.8509266E+02     0.3661761E+02
    -0.8514307E+02     0.3661629E+02
    -0.8515804E+02     0.3661785E+02
    -0.8519313E+02     0.3661772E+02
    -0.8520212E+02     0.3661957E+02
    -0.8527173E+02     0.3661908E+02
    -0.8528086E+02     0.3661908E+02
    -0.8533161E+02     0.3661835E+02
    -0.8534570E+02     0.3661970E+02
    -0.8537775E+02     0.3662059E+02
    -0.8544296E+02     0.3662206E+02
    -0.8547144E+02     0.3662127E+02
    -0.8549117E+02     0.3662162E+02
    -0.8551743E+02     0.3662163E+02
    -0.8552833E+02     0.3662221E+02
    -0.8554479E+02     0.3662112E+02
    -0.8560411E+02     0.3662373E+02
    -0.8564359E+02     0.3662462E+02
    -0.8566096E+02     0.3662415E+02
    -0.8569409E+02     0.3662421E+02
    -0.8571501E+02     0.3662515E+02
    -0.8576089E+02     0.3662749E+02
    -0.8579484E+02     0.3662702E+02
    -0.8585515E+02     0.3662762E+02
    -0.8587637E+02     0.3662875E+02
    -0.8589517E+02     0.3662816E+02
    -0.8590967E+02     0.3662736E+02
    -0.8592219E+02     0.3663011E+02
    -0.8597975E+02     0.3663195E+02
    -0.8600000E+02     0.3663278E+02
    -0.8600832E+02     0.3663419E+02
    -0.8602172E+02     0.3663429E+02
    -0.8611587E+02     0.3663820E+02
    -0.8627226E+02     0.3664540E+02
    -0.8630098E+02     0.3664670E+02
    -0.8634737E+02     0.3665199E+02
    -0.8642841E+02     0.3665286E+02
    -0.8644917E+02     0.3665308E+02
    -0.8655370E+02     0.3665158E+02
    -0.8658370E+02     0.3665127E+02
    -0.8659436E+02     0.3665775E+02
    -0.8668423E+02     0.3665499E+02
    -0.8677792E+02     0.3665205E+02
    -0.8681126E+02     0.3665291E+02
    -0.8684077E+02     0.3665180E+02
    -0.8699727E+02     0.3664579E+02
    -0.8709870E+02     0.3664179E+02
    -0.8715380E+02     0.3664180E+02
    -0.8723608E+02     0.3664443E+02
    -0.8728948E+02     0.3664568E+02
    -0.8737087E+02     0.3664475E+02
    -0.8737991E+02     0.3664627E+02
    -0.8738515E+02     0.3664442E+02
    -0.8739136E+02     0.3664469E+02
    -0.8746790E+02     0.3664239E+02
    -0.8755099E+02     0.3664190E+02
    -0.8762453E+02     0.3664029E+02
    -0.8778111E+02     0.3663673E+02
    -0.8785218E+02     0.3663504E+02
    -0.8785088E+02     0.3666301E+02
    -0.8785350E+02     0.3666701E+02
    -0.8789852E+02     0.3667013E+02
    -0.8805466E+02     0.3668082E+02
    -0.8805836E+02     0.3668107E+02
    -0.8806854E+02     0.3667730E+02
    -0.8807008E+02     0.3666977E+02
    -0.8804899E+02     0.3660130E+02
    -0.8804659E+02     0.3659823E+02
    -0.8803902E+02     0.3656649E+02
    -0.8803847E+02     0.3656419E+02
    -0.8803704E+02     0.3653291E+02
    -0.8804169E+02     0.3651540E+02
    -0.8805445E+02     0.3650047E+02
    -0.8812442E+02     0.3650110E+02
    -0.8819553E+02     0.3650171E+02
    -0.8820897E+02     0.3650032E+02
    -0.8828065E+02     0.3650193E+02
    -0.8833005E+02     0.3650302E+02
    -0.8840426E+02     0.3650407E+02
    -0.8848640E+02     0.3650335E+02
    -0.8854430E+02     0.3650280E+02
    -0.8859087E+02     0.3650471E+02
    -0.8864272E+02     0.3650463E+02
    -0.8873143E+02     0.3650446E+02
    -0.8879998E+02     0.3650480E+02
    -0.8895635E+02     0.3650557E+02
    -0.8910147E+02     0.3650611E+02
    -0.8911272E+02     0.3650634E+02
    -0.8926906E+02     0.3650950E+02
    -0.8930072E+02     0.3651012E+02
    -0.8933775E+02     0.3650897E+02
    -0.8936604E+02     0.3650531E+02
    -0.8940856E+02     0.3650152E+02
    -0.8941762E+02     0.3650266E+02
    -0.8941762E+02     0.3650266E+02
    -0.8940867E+02     0.3652952E+02
    -0.8937920E+02     0.3657975E+02
    -0.8936710E+02     0.3659116E+02
    -0.8936102E+02     0.3659377E+02
    -0.8935969E+02     0.3659489E+02
    -0.8935573E+02     0.3659823E+02
    -0.8933752E+02     0.3660512E+02
    -0.8932265E+02     0.3660682E+02
    -0.8931004E+02     0.3660146E+02
    -0.8929341E+02     0.3658957E+02
    -0.8926932E+02     0.3656463E+02
    -0.8925678E+02     0.3655743E+02
    -0.8924261E+02     0.3655684E+02
    -0.8923286E+02     0.3655967E+02
    -0.8921445E+02     0.3657723E+02
    -0.8920566E+02     0.3659077E+02
    -0.8919073E+02     0.3662986E+02
    -0.8917747E+02     0.3664147E+02
    -0.8916297E+02     0.3665416E+02
    -0.8915217E+02     0.3666764E+02
    -0.8912760E+02     0.3673928E+02
    -0.8911770E+02     0.3675602E+02
    -0.8911596E+02     0.3675894E+02
    -0.8911619E+02     0.3676744E+02
    -0.8912074E+02     0.3678202E+02
    -0.8913469E+02     0.3680396E+02
    -0.8913793E+02     0.3682263E+02
    -0.8912604E+02     0.3686936E+02
    -0.8912339E+02     0.3687724E+02
    -0.8911823E+02     0.3689256E+02
    -0.8910117E+02     0.3693227E+02
    -0.8909595E+02     0.3695507E+02
    -0.8910203E+02     0.3696717E+02
    -0.8911505E+02     0.3697761E+02
    -0.8913288E+02     0.3698725E+02
    -0.8915028E+02     0.3699368E+02
    -0.8917341E+02     0.3701912E+02
    -0.8917767E+02     0.3702892E+02
    -0.8917233E+02     0.3705506E+02
    -0.8915354E+02     0.3708050E+02
    -0.8914540E+02     0.3708834E+02
    -0.8914101E+02     0.3709256E+02
    -0.8912602E+02     0.3710181E+02
    -0.8911417E+02     0.3711136E+02
    -0.8910207E+02     0.3713376E+02
    -0.8908385E+02     0.3715828E+02
    -0.8905007E+02     0.3718654E+02
    -0.8902350E+02     0.3720875E+02
    -0.8900571E+02     0.3721538E+02
    -0.8896748E+02     0.3722328E+02
    -0.8894652E+02     0.3722316E+02
    -0.8891283E+02     0.3721212E+02
    -0.8891004E+02     0.3721158E+02
    -0.8889063E+02     0.3720783E+02
    -0.8887451E+02     0.3720232E+02
    -0.8884082E+02     0.3718553E+02
    -0.8881396E+02     0.3718293E+02
    -0.8880098E+02     0.3717796E+02
    -0.8876997E+02     0.3715894E+02
    -0.8874639E+02     0.3714403E+02
    -0.8872877E+02     0.3713664E+02
    -0.8871804E+02     0.3713470E+02
    -0.8870955E+02     0.3713654E+02
    -0.8863897E+02     0.3711486E+02
    -0.8861453E+02     0.3710707E+02
    -0.8858314E+02     0.3708675E+02
    -0.8855196E+02     0.3706678E+02
    -0.8850272E+02     0.3705674E+02
    -0.8848360E+02     0.3706096E+02
    -0.8845583E+02     0.3707775E+02
    -0.8844811E+02     0.3708524E+02
    -0.8843958E+02     0.3709353E+02
    -0.8842843E+02     0.3711589E+02
    -0.8841676E+02     0.3714857E+02
    -0.8841895E+02     0.3715644E+02
    -0.8844262E+02     0.3719989E+02
    -0.8844382E+02     0.3720146E+02
    -0.8845287E+02     0.3721329E+02
    -0.8847081E+02     0.3722786E+02
    -0.8848304E+02     0.3724202E+02
    -0.8849680E+02     0.3725438E+02
    -0.8850493E+02     0.3727024E+02
    -0.8850346E+02     0.3728259E+02
    -0.8849467E+02     0.3730962E+02
    -0.8849435E+02     0.3731013E+02
    -0.8848185E+02     0.3733056E+02
    -0.8846860E+02     0.3738361E+02
    -0.8845903E+02     0.3739661E+02
    -0.8844283E+02     0.3740987E+02
    -0.8843250E+02     0.3741505E+02
    -0.8842526E+02     0.3741655E+02
    -0.8841039E+02     0.3741962E+02
    -0.8839886E+02     0.3741994E+02
    -0.8837232E+02     0.3740394E+02
    -0.8836207E+02     0.3740177E+02
    -0.8835036E+02     0.3740575E+02
    -0.8833109E+02     0.3742233E+02
    -0.8832344E+02     0.3743103E+02
    -0.8830537E+02     0.3744077E+02
    -0.8829476E+02     0.3744362E+02
    -0.8827880E+02     0.3744792E+02
    -0.8823899E+02     0.3744912E+02
    -0.8819993E+02     0.3745790E+02
    -0.8817735E+02     0.3746012E+02
    -0.8816508E+02     0.3746315E+02
    -0.8813986E+02     0.3746573E+02
    -0.8808774E+02     0.3747105E+02
    -0.8806838E+02     0.3748254E+02
    -0.8806194E+02     0.3749494E+02
    -0.8806169E+02     0.3749952E+02
    -0.8806362E+02     0.3751703E+02
    -0.8807002E+02     0.3753171E+02
    -0.8807867E+02     0.3754234E+02
    -0.8807988E+02     0.3754309E+02
    -0.8811633E+02     0.3756590E+02
    -0.8812506E+02     0.3757515E+02
    -0.8813154E+02     0.3759946E+02
    -0.8814382E+02     0.3761801E+02
    -0.8815063E+02     0.3763637E+02
    -0.8815187E+02     0.3764898E+02
    -0.8815231E+02     0.3765341E+02
    -0.8815019E+02     0.3766596E+02
    -0.8813954E+02     0.3768143E+02
    -0.8810805E+02     0.3770811E+02
    -0.8807947E+02     0.3772342E+02
    -0.8806828E+02     0.3772716E+02
    -0.8805446E+02     0.3774113E+02
    -0.8802787E+02     0.3776797E+02
    -0.8802258E+02     0.3777995E+02
    -0.8802364E+02     0.3778596E+02
    -0.8799628E+02     0.3778981E+02
    -0.8797582E+02     0.3778312E+02
    -0.8795991E+02     0.3777292E+02
    -0.8795354E+02     0.3777173E+02
    -0.8794794E+02     0.3777233E+02
    -0.8793572E+02     0.3778773E+02
    -0.8792276E+02     0.3779768E+02
    -0.8791168E+02     0.3780437E+02
    -0.8790036E+02     0.3781278E+02
    -0.8790152E+02     0.3781787E+02
    -0.8790619E+02     0.3783754E+02
    -0.8792367E+02     0.3786616E+02
    -0.8792978E+02     0.3788107E+02
    -0.8792669E+02     0.3789472E+02
    -0.8791070E+02     0.3791595E+02
    -0.8790849E+02     0.3791774E+02
    -0.8790382E+02     0.3792151E+02
    -0.8789431E+02     0.3792101E+02
    -0.8788223E+02     0.3791623E+02
    -0.8784451E+02     0.3788303E+02
    -0.8782166E+02     0.3787233E+02
    -0.8779974E+02     0.3787084E+02
    -0.8776508E+02     0.3787392E+02
    -0.8775977E+02     0.3787585E+02
    -0.8771629E+02     0.3789167E+02
    -0.8769496E+02     0.3789787E+02
    -0.8767805E+02     0.3789788E+02
    -0.8767178E+02     0.3789383E+02
    -0.8767097E+02     0.3788301E+02
    -0.8768896E+02     0.3784881E+02
    -0.8768846E+02     0.3784259E+02
    -0.8768004E+02     0.3783333E+02
    -0.8766953E+02     0.3782513E+02
    -0.8764740E+02     0.3782245E+02
    -0.8762960E+02     0.3782288E+02
    -0.8762071E+02     0.3782492E+02
    -0.8760469E+02     0.3783473E+02
    -0.8758218E+02     0.3786352E+02
    -0.8757923E+02     0.3787558E+02
    -0.8758119E+02     0.3788078E+02
    -0.8759595E+02     0.3789235E+02
    -0.8761582E+02     0.3790386E+02
    -0.8762324E+02     0.3791539E+02
    -0.8762131E+02     0.3793237E+02
    -0.8761096E+02     0.3794085E+02
    -0.8760380E+02     0.3795040E+02
    -0.8760035E+02     0.3796270E+02
    -0.8759673E+02     0.3796722E+02
    -0.8759393E+02     0.3796923E+02
    -0.8758685E+02     0.3796918E+02
    -0.8758089E+02     0.3796626E+02
    -0.8757992E+02     0.3796232E+02
    -0.8758141E+02     0.3795714E+02
    -0.8758581E+02     0.3794447E+02
    -0.8758693E+02     0.3793557E+02
    -0.8758385E+02     0.3792443E+02
    -0.8756528E+02     0.3791040E+02
    -0.8754469E+02     0.3790593E+02
    -0.8752370E+02     0.3790328E+02
    -0.8750593E+02     0.3790488E+02
    -0.8750357E+02     0.3790575E+02
    -0.8749020E+02     0.3791069E+02
    -0.8745493E+02     0.3793224E+02
    -0.8744000E+02     0.3793922E+02
    -0.8743063E+02     0.3794069E+02
    -0.8740451E+02     0.3794102E+02
    -0.8736267E+02     0.3792419E+02
    -0.8733307E+02     0.3790670E+02
    -0.8730206E+02     0.3789328E+02
    -0.8727831E+02     0.3787968E+02
    -0.8725250E+02     0.3785769E+02
    -0.8724772E+02     0.3785569E+02
    -0.8724349E+02     0.3785391E+02
    -0.8719259E+02     0.3783982E+02
    -0.8717643E+02     0.3783873E+02
    -0.8715733E+02     0.3783193E+02
    -0.8715194E+02     0.3782624E+02
    -0.8714091E+02     0.3780693E+02
    -0.8713203E+02     0.3778633E+02
    -0.8712633E+02     0.3777867E+02
    -0.8711172E+02     0.3777717E+02
    -0.8709365E+02     0.3777968E+02
    -0.8707941E+02     0.3778738E+02
    -0.8706487E+02     0.3779922E+02
    -0.8705293E+02     0.3781283E+02
    -0.8704231E+02     0.3784336E+02
    -0.8703866E+02     0.3787993E+02
    -0.8703378E+02     0.3789189E+02
    -0.8702039E+02     0.3790554E+02
    -0.8699861E+02     0.3791860E+02
    -0.8698689E+02     0.3792452E+02
    -0.8696555E+02     0.3792704E+02
    -0.8691031E+02     0.3793747E+02
    -0.8689561E+02     0.3794934E+02
    -0.8687986E+02     0.3796207E+02
    -0.8686729E+02     0.3797574E+02
    -0.8685371E+02     0.3798731E+02
    -0.8683457E+02     0.3799518E+02
    -0.8682396E+02     0.3799746E+02
    -0.8680949E+02     0.3799291E+02
    -0.8679840E+02     0.3798552E+02
    -0.8678768E+02     0.3796094E+02
    -0.8677798E+02     0.3793846E+02
    -0.8676991E+02     0.3792960E+02
    -0.8675788E+02     0.3791138E+02
    -0.8674454E+02     0.3790237E+02
    -0.8672533E+02     0.3788827E+02
    -0.8671831E+02     0.3788938E+02
    -0.8670498E+02     0.3789726E+02
    -0.8669318E+02     0.3790407E+02
    -0.8667858E+02     0.3790937E+02
    -0.8666780E+02     0.3791002E+02
    -0.8665163E+02     0.3790514E+02
    -0.8664815E+02     0.3790131E+02
    -0.8664951E+02     0.3789058E+02
    -0.8666375E+02     0.3785450E+02
    -0.8666129E+02     0.3784519E+02
    -0.8665326E+02     0.3784003E+02
    -0.8664497E+02     0.3783818E+02
    -0.8663342E+02     0.3783953E+02
    -0.8661559E+02     0.3784745E+02
    -0.8659505E+02     0.3786257E+02
    -0.8659473E+02     0.3786536E+02
    -0.8659275E+02     0.3788198E+02
    -0.8659423E+02     0.3790110E+02
    -0.8658846E+02     0.3791645E+02
    -0.8657858E+02     0.3792058E+02
    -0.8656955E+02     0.3792107E+02
    -0.8655626E+02     0.3791655E+02
    -0.8654621E+02     0.3791516E+02
    -0.8652498E+02     0.3791599E+02
    -0.8651396E+02     0.3791983E+02
    -0.8651118E+02     0.3792590E+02
    -0.8650662E+02     0.3793048E+02
    -0.8650616E+02     0.3793095E+02
    -0.8650753E+02     0.3793974E+02
    -0.8651997E+02     0.3795571E+02
    -0.8652220E+02     0.3799554E+02
    -0.8651910E+02     0.3802134E+02
    -0.8651488E+02     0.3803491E+02
    -0.8651067E+02     0.3804068E+02
    -0.8650347E+02     0.3804379E+02
    -0.8649728E+02     0.3804327E+02
    -0.8647807E+02     0.3804166E+02
    -0.8646546E+02     0.3804313E+02
    -0.8645279E+02     0.3804942E+02
    -0.8643643E+02     0.3806195E+02
    -0.8643069E+02     0.3806857E+02
    -0.8642832E+02     0.3808062E+02
    -0.8643303E+02     0.3808751E+02
    -0.8643929E+02     0.3808918E+02
    -0.8646024E+02     0.3810051E+02
    -0.8646721E+02     0.3810819E+02
    -0.8646607E+02     0.3811548E+02
    -0.8646551E+02     0.3811609E+02
    -0.8646007E+02     0.3812186E+02
    -0.8645497E+02     0.3812391E+02
    -0.8644273E+02     0.3812424E+02
    -0.8642714E+02     0.3811891E+02
    -0.8641196E+02     0.3810831E+02
    -0.8639912E+02     0.3810516E+02
    -0.8639315E+02     0.3810717E+02
    -0.8638998E+02     0.3811437E+02
    -0.8638190E+02     0.3812477E+02
    -0.8636493E+02     0.3812992E+02
    -0.8635326E+02     0.3813050E+02
    -0.8633272E+02     0.3812905E+02
    -0.8632598E+02     0.3813331E+02
    -0.8632014E+02     0.3814106E+02
    -0.8632567E+02     0.3815235E+02
    -0.8633036E+02     0.3815557E+02
    -0.8636624E+02     0.3816190E+02
    -0.8637309E+02     0.3816751E+02
    -0.8637620E+02     0.3817616E+02
    -0.8637383E+02     0.3818798E+02
    -0.8636448E+02     0.3819602E+02
    -0.8635864E+02     0.3819620E+02
    -0.8633849E+02     0.3818451E+02
    -0.8630211E+02     0.3816337E+02
    -0.8628345E+02     0.3814891E+02
    -0.8627682E+02     0.3813343E+02
    -0.8628239E+02     0.3810684E+02
    -0.8628294E+02     0.3809608E+02
    -0.8628078E+02     0.3808288E+02
    -0.8627991E+02     0.3808062E+02
    -0.8627354E+02     0.3806393E+02
    -0.8626116E+02     0.3805138E+02
    -0.8623618E+02     0.3803660E+02
    -0.8619988E+02     0.3801803E+02
    -0.8618153E+02     0.3801138E+02
    -0.8616859E+02     0.3800981E+02
    -0.8615912E+02     0.3801060E+02
    -0.8612064E+02     0.3801383E+02
    -0.8610971E+02     0.3801236E+02
    -0.8609213E+02     0.3800711E+02
    -0.8607218E+02     0.3799163E+02
    -0.8606647E+02     0.3797618E+02
    -0.8604924E+02     0.3795945E+02
    -0.8604600E+02     0.3795649E+02
    -0.8604009E+02     0.3795475E+02
    -0.8603619E+02     0.3795530E+02
    -0.8603336E+02     0.3795777E+02
    -0.8603217E+02     0.3796195E+02
    -0.8603231E+02     0.3796964E+02
    -0.8603245E+02     0.3797674E+02
    -0.8602608E+02     0.3798721E+02
    -0.8601893E+02     0.3799304E+02
    -0.8600000E+02     0.3800559E+02
    -0.8600000E+02     0.3800559E+02
    -0.8598590E+02     0.3800669E+02
    -0.8596828E+02     0.3800816E+02
    -0.8594983E+02     0.3801252E+02
    -0.8593958E+02     0.3801860E+02
    -0.8593434E+02     0.3802505E+02
    -0.8592941E+02     0.3803476E+02
    -0.8592815E+02     0.3805129E+02
    -0.8592735E+02     0.3806669E+02
    -0.8591914E+02     0.3808910E+02
    -0.8591376E+02     0.3809993E+02
    -0.8591441E+02     0.3810999E+02
    -0.8591912E+02     0.3814919E+02
    -0.8591600E+02     0.3816056E+02
    -0.8591451E+02     0.3816854E+02
    -0.8591154E+02     0.3817858E+02
    -0.8590405E+02     0.3818778E+02
    -0.8589931E+02     0.3819376E+02
    -0.8589344E+02     0.3819936E+02
    -0.8588296E+02     0.3820632E+02
    -0.8587602E+02     0.3821264E+02
    -0.8586536E+02     0.3822071E+02
    -0.8585547E+02     0.3822807E+02
    -0.8585091E+02     0.3823077E+02
    -0.8585091E+02     0.3823077E+02
    -0.8584808E+02     0.3823244E+02
    -0.8584451E+02     0.3823900E+02
    -0.8584056E+02     0.3824612E+02
    -0.8584006E+02     0.3825270E+02
    -0.8583736E+02     0.3826134E+02
    -0.8583544E+02     0.3826474E+02
    -0.8583114E+02     0.3827022E+02
    -0.8582374E+02     0.3827413E+02
    -0.8581525E+02     0.3827810E+02
    -0.8579668E+02     0.3828090E+02
    -0.8578936E+02     0.3827957E+02
    -0.8578484E+02     0.3827851E+02
    -0.8577677E+02     0.3827504E+02
    -0.8577197E+02     0.3827095E+02
    -0.8576364E+02     0.3826445E+02
    -0.8576128E+02     0.3826283E+02
    -0.8575495E+02     0.3826014E+02
    -0.8574492E+02     0.3825939E+02
    -0.8573737E+02     0.3826156E+02
    -0.8573319E+02     0.3826441E+02
    -0.8572469E+02     0.3826838E+02
    -0.8571313E+02     0.3827513E+02
    -0.8570045E+02     0.3828195E+02
    -0.8567927E+02     0.3829559E+02
    -0.8567102E+02     0.3831097E+02
    -0.8567102E+02     0.3831097E+02
    -0.8566334E+02     0.3832595E+02
    -0.8565538E+02     0.3834299E+02
    -0.8564992E+02     0.3836062E+02
    -0.8564721E+02     0.3837833E+02
    -0.8564423E+02     0.3838956E+02
    -0.8564101E+02     0.3840153E+02
    -0.8563282E+02     0.3841955E+02
    -0.8562852E+02     0.3842628E+02
    -0.8562444E+02     0.3843204E+02
    -0.8561681E+02     0.3843919E+02
    -0.8561106E+02     0.3844336E+02
    -0.8560230E+02     0.3844817E+02
    -0.8558924E+02     0.3845274E+02
    -0.8557533E+02     0.3845470E+02
    -0.8555075E+02     0.3845700E+02
    -0.8553716E+02     0.3845919E+02
    -0.8552127E+02     0.3846294E+02
    -0.8551131E+02     0.3846805E+02
    -0.8549993E+02     0.3847444E+02
    -0.8549218E+02     0.3848039E+02
    -0.8548864E+02     0.3848900E+02
    -0.8548397E+02     0.3849863E+02
    -0.8547685E+02     0.3850840E+02
    -0.8546723E+02     0.3851397E+02
    -0.8545187E+02     0.3852056E+02
    -0.8543944E+02     0.3852556E+02
    -0.8542804E+02     0.3853194E+02
    -0.8542183E+02     0.3853804E+02
    -0.8542039E+02     0.3854269E+02
    -0.8542009E+02     0.3854992E+02
    -0.8542081E+02     0.3855830E+02
    -0.8542330E+02     0.3856586E+02
    -0.8542758E+02     0.3857285E+02
    -0.8543194E+02     0.3857719E+02
    -0.8544084E+02     0.3858802E+02
    -0.8544611E+02     0.3859928E+02
    -0.8544932E+02     0.3861161E+02
    -0.8545064E+02     0.3862333E+02
    -0.8545030E+02     0.3864066E+02
    -0.8545070E+02     0.3864271E+02
    -0.8544962E+02     0.3864637E+02
    -0.8545093E+02     0.3866150E+02
    -0.8546069E+02     0.3867774E+02
    -0.8546270E+02     0.3868549E+02
    -0.8546358E+02     0.3870719E+02
    -0.8546055E+02     0.3871468E+02
    -0.8545061E+02     0.3872360E+02
    -0.8544215E+02     0.3873008E+02
    -0.8543314E+02     0.3873422E+02
    -0.8542128E+02     0.3873643E+02
    -0.8541067E+02     0.3873751E+02
    -0.8538462E+02     0.3873418E+02
    -0.8536887E+02     0.3873397E+02
    -0.8535655E+02     0.3873462E+02
    -0.8532748E+02     0.3873903E+02
    -0.8531700E+02     0.3874167E+02
    -0.8530053E+02     0.3874463E+02
    -0.8526701E+02     0.3874402E+02
    -0.8526131E+02     0.3874379E+02
    -0.8524509E+02     0.3873782E+02
    -0.8523951E+02     0.3873523E+02
    -0.8523100E+02     0.3872939E+02
    -0.8522001E+02     0.3871397E+02
    -0.8521316E+02     0.3870804E+02
    -0.8521068E+02     0.3870241E+02
    -0.8520179E+02     0.3869606E+02
    -0.8519487E+02     0.3869327E+02
    -0.8519077E+02     0.3869217E+02
    -0.8517970E+02     0.3869169E+02
    -0.8517037E+02     0.3869217E+02
    -0.8516299E+02     0.3869595E+02
    -0.8513362E+02     0.3870871E+02
    -0.8512275E+02     0.3871477E+02
    -0.8511195E+02     0.3872160E+02
    -0.8509042E+02     0.3873238E+02
    -0.8508549E+02     0.3873761E+02
    -0.8507476E+02     0.3874129E+02
    -0.8506404E+02     0.3874524E+02
    -0.8505022E+02     0.3875221E+02
    -0.8503563E+02     0.3875792E+02
    -0.8502985E+02     0.3876083E+02
    -0.8501454E+02     0.3877024E+02
    -0.8500430E+02     0.3877599E+02
    -0.8500000E+02     0.3877742E+02
    -0.8498768E+02     0.3878152E+02
    -0.8497620E+02     0.3878026E+02
    -0.8496336E+02     0.3877880E+02
    -0.8495526E+02     0.3877790E+02
    -0.8494072E+02     0.3878019E+02
    -0.8493249E+02     0.3878190E+02
    -0.8491873E+02     0.3878572E+02
    -0.8491088E+02     0.3878794E+02
    -0.8490169E+02     0.3879022E+02
    -0.8489250E+02     0.3879250E+02
    -0.8487849E+02     0.3879319E+02
    -0.8486554E+02     0.3879015E+02
    -0.8485200E+02     0.3878819E+02
    -0.8484618E+02     0.3878664E+02
    -0.8483389E+02     0.3878649E+02
    -0.8482814E+02     0.3878870E+02
    -0.8482657E+02     0.3879379E+02
    -0.8482822E+02     0.3879603E+02
    -0.8483270E+02     0.3880276E+02
    -0.8483856E+02     0.3880827E+02
    -0.8484110E+02     0.3881548E+02
    -0.8484235E+02     0.3882507E+02
    -0.8483820E+02     0.3883492E+02
    -0.8483056E+02     0.3884455E+02
    -0.8482102E+02     0.3884888E+02
    -0.8481065E+02     0.3885517E+02
    -0.8480717E+02     0.3886113E+02
    -0.8480553E+02     0.3886545E+02
    -0.8480727E+02     0.3887502E+02
    -0.8481252E+02     0.3887901E+02
    -0.8482168E+02     0.3888243E+02
    -0.8482810E+02     0.3888250E+02
    -0.8485960E+02     0.3888098E+02
    -0.8486963E+02     0.3888280E+02
    -0.8487744E+02     0.3888783E+02
    -0.8488485E+02     0.3889403E+02
    -0.8488934E+02     0.3890076E+02
    -0.8489044E+02     0.3890842E+02
    -0.8488886E+02     0.3891970E+02
    -0.8488572E+02     0.3892371E+02
    -0.8487888E+02     0.3893099E+02
    -0.8487060E+02     0.3893873E+02
    -0.8486047E+02     0.3894192E+02
    -0.8485101E+02     0.3895358E+02
    -0.8484527E+02     0.3896234E+02
    -0.8484588E+02     0.3897003E+02
    -0.8484682E+02     0.3897578E+02
    -0.8485445E+02     0.3898467E+02
    -0.8489019E+02     0.3902346E+02
    -0.8489814E+02     0.3903002E+02
    -0.8490214E+02     0.3903677E+02
    -0.8490405E+02     0.3904208E+02
    -0.8490272E+02     0.3904482E+02
END
END
