massachusetts
1
    -0.7096687E+02     0.4232307E+02
    -0.7097601E+02     0.4231197E+02
    -0.7097978E+02     0.4231419E+02
    -0.7097646E+02     0.4231654E+02
    -0.7097002E+02     0.4232696E+02
    -0.7095813E+02     0.4233175E+02
    -0.7095650E+02     0.4232927E+02
    -0.7096391E+02     0.4231974E+02
    -0.7097202E+02     0.4231273E+02
    -0.7097601E+02     0.4231197E+02
END
2
    -0.7101151E+02     0.4231839E+02
    -0.7101550E+02     0.4231124E+02
    -0.7102106E+02     0.4231159E+02
    -0.7101964E+02     0.4231506E+02
    -0.7101479E+02     0.4231789E+02
    -0.7101006E+02     0.4232393E+02
    -0.7100349E+02     0.4232131E+02
    -0.7100894E+02     0.4231823E+02
    -0.7101246E+02     0.4231267E+02
    -0.7101550E+02     0.4231124E+02
END
3
    -0.7094480E+02     0.4229262E+02
    -0.7094282E+02     0.4228829E+02
    -0.7095155E+02     0.4229111E+02
    -0.7095007E+02     0.4229297E+02
    -0.7094122E+02     0.4229611E+02
    -0.7093834E+02     0.4230234E+02
    -0.7093587E+02     0.4230215E+02
    -0.7093362E+02     0.4229945E+02
    -0.7094282E+02     0.4228829E+02
END
4
    -0.7083428E+02     0.4159856E+02
    -0.7082991E+02     0.4158603E+02
    -0.7083707E+02     0.4159094E+02
    -0.7083933E+02     0.4159502E+02
    -0.7084113E+02     0.4160392E+02
    -0.7083486E+02     0.4160838E+02
    -0.7083208E+02     0.4160751E+02
    -0.7082890E+02     0.4160299E+02
    -0.7082841E+02     0.4159727E+02
    -0.7082129E+02     0.4159350E+02
    -0.7082991E+02     0.4158603E+02
END
5
    -0.7111561E+02     0.4152372E+02
    -0.7112079E+02     0.4149974E+02
    -0.7112547E+02     0.4154219E+02
    -0.7112547E+02     0.4154219E+02
    -0.7112034E+02     0.4153957E+02
    -0.7111715E+02     0.4153793E+02
    -0.7110826E+02     0.4152781E+02
    -0.7110696E+02     0.4151662E+02
    -0.7111210E+02     0.4151560E+02
    -0.7111523E+02     0.4150936E+02
    -0.7110436E+02     0.4151209E+02
    -0.7110121E+02     0.4150917E+02
    -0.7110445E+02     0.4150613E+02
    -0.7112079E+02     0.4149974E+02
END
6
    -0.7083453E+02     0.4145310E+02
    -0.7084570E+02     0.4144430E+02
    -0.7084943E+02     0.4144698E+02
    -0.7084578E+02     0.4145689E+02
    -0.7084129E+02     0.4145948E+02
    -0.7083335E+02     0.4145847E+02
    -0.7082883E+02     0.4145993E+02
    -0.7082418E+02     0.4145749E+02
    -0.7082163E+02     0.4145364E+02
    -0.7082336E+02     0.4145041E+02
    -0.7083872E+02     0.4144511E+02
    -0.7084570E+02     0.4144430E+02
END
7
    -0.7088332E+02     0.4143170E+02
    -0.7087944E+02     0.4142311E+02
    -0.7089896E+02     0.4142460E+02
    -0.7091230E+02     0.4142299E+02
    -0.7091450E+02     0.4142524E+02
    -0.7091192E+02     0.4143032E+02
    -0.7090692E+02     0.4143590E+02
    -0.7088899E+02     0.4143668E+02
    -0.7088308E+02     0.4144228E+02
    -0.7087607E+02     0.4144194E+02
    -0.7086718E+02     0.4144988E+02
    -0.7086356E+02     0.4145108E+02
    -0.7085455E+02     0.4143499E+02
    -0.7085595E+02     0.4143108E+02
    -0.7086139E+02     0.4142984E+02
    -0.7087367E+02     0.4142367E+02
    -0.7087944E+02     0.4142311E+02
END
8
    -0.7093520E+02     0.4142387E+02
    -0.7095358E+02     0.4141057E+02
    -0.7095763E+02     0.4141347E+02
    -0.7095654E+02     0.4141715E+02
    -0.7094997E+02     0.4142139E+02
    -0.7094963E+02     0.4142941E+02
    -0.7093993E+02     0.4143073E+02
    -0.7093517E+02     0.4143402E+02
    -0.7093059E+02     0.4143364E+02
    -0.7091992E+02     0.4142354E+02
    -0.7093050E+02     0.4142129E+02
    -0.7094541E+02     0.4141186E+02
    -0.7095358E+02     0.4141057E+02
END
9
    -0.7048276E+02     0.4141094E+02
    -0.7047459E+02     0.4141644E+02
    -0.7047812E+02     0.4141135E+02
    -0.7048093E+02     0.4140170E+02
    -0.7048589E+02     0.4140598E+02
    -0.7048753E+02     0.4141031E+02
    -0.7048581E+02     0.4141468E+02
    -0.7047890E+02     0.4141821E+02
    -0.7047459E+02     0.4141644E+02
END
10
    -0.7048390E+02     0.4137083E+02
    -0.7047164E+02     0.4142014E+02
    -0.7046836E+02     0.4142294E+02
    -0.7045806E+02     0.4142468E+02
    -0.7045544E+02     0.4141716E+02
    -0.7045890E+02     0.4135921E+02
    -0.7045742E+02     0.4134825E+02
    -0.7046104E+02     0.4134682E+02
    -0.7047718E+02     0.4134843E+02
    -0.7047844E+02     0.4135025E+02
    -0.7047456E+02     0.4135305E+02
    -0.7047985E+02     0.4135824E+02
    -0.7048541E+02     0.4136182E+02
    -0.7049551E+02     0.4136482E+02
    -0.7049644E+02     0.4136510E+02
    -0.7050282E+02     0.4136501E+02
    -0.7050745E+02     0.4136769E+02
    -0.7051090E+02     0.4137222E+02
    -0.7051013E+02     0.4137795E+02
    -0.7051243E+02     0.4138455E+02
    -0.7051128E+02     0.4138732E+02
    -0.7049576E+02     0.4138685E+02
    -0.7049124E+02     0.4138852E+02
    -0.7047691E+02     0.4139924E+02
    -0.7047534E+02     0.4139721E+02
    -0.7047794E+02     0.4139168E+02
    -0.7047634E+02     0.4138850E+02
    -0.7047138E+02     0.4138467E+02
    -0.7046315E+02     0.4138364E+02
    -0.7046370E+02     0.4140629E+02
    -0.7046926E+02     0.4140988E+02
    -0.7046511E+02     0.4141428E+02
    -0.7047164E+02     0.4142014E+02
END
11
    -0.7031808E+02     0.4133859E+02
    -0.7030968E+02     0.4133187E+02
    -0.7031338E+02     0.4133435E+02
    -0.7032553E+02     0.4133442E+02
    -0.7033217E+02     0.4133205E+02
    -0.7033372E+02     0.4133363E+02
    -0.7032928E+02     0.4133918E+02
    -0.7031937E+02     0.4134388E+02
    -0.7030650E+02     0.4133901E+02
    -0.7030429E+02     0.4133560E+02
    -0.7030636E+02     0.4133283E+02
    -0.7030968E+02     0.4133187E+02
END
12
    -0.7062603E+02     0.4140435E+02
    -0.7057079E+02     0.4134869E+02
    -0.7057559E+02     0.4134846E+02
    -0.7058385E+02     0.4134850E+02
    -0.7058784E+02     0.4135027E+02
    -0.7059568E+02     0.4135931E+02
    -0.7059728E+02     0.4135081E+02
    -0.7060457E+02     0.4135048E+02
    -0.7060736E+02     0.4135272E+02
    -0.7060310E+02     0.4136377E+02
    -0.7060662E+02     0.4137058E+02
    -0.7060989E+02     0.4136779E+02
    -0.7061024E+02     0.4135794E+02
    -0.7061526E+02     0.4135260E+02
    -0.7062578E+02     0.4134809E+02
    -0.7066882E+02     0.4134399E+02
    -0.7069893E+02     0.4134489E+02
    -0.7070999E+02     0.4134174E+02
    -0.7073247E+02     0.4133817E+02
    -0.7076968E+02     0.4132245E+02
    -0.7077351E+02     0.4131850E+02
    -0.7077338E+02     0.4131392E+02
    -0.7077699E+02     0.4130605E+02
    -0.7077824E+02     0.4130331E+02
    -0.7078272E+02     0.4130095E+02
    -0.7081667E+02     0.4131892E+02
    -0.7082610E+02     0.4132974E+02
    -0.7084380E+02     0.4134225E+02
    -0.7084574E+02     0.4134611E+02
    -0.7084346E+02     0.4135096E+02
    -0.7083987E+02     0.4135285E+02
    -0.7082986E+02     0.4135348E+02
    -0.7082021E+02     0.4135593E+02
    -0.7081078E+02     0.4135587E+02
    -0.7078840E+02     0.4134915E+02
    -0.7078414E+02     0.4134956E+02
    -0.7077718E+02     0.4135025E+02
    -0.7078339E+02     0.4134443E+02
    -0.7079154E+02     0.4134246E+02
    -0.7079327E+02     0.4133945E+02
    -0.7078788E+02     0.4133176E+02
    -0.7078179E+02     0.4133141E+02
    -0.7077561E+02     0.4132785E+02
    -0.7076627E+02     0.4133029E+02
    -0.7076695E+02     0.4133303E+02
    -0.7077489E+02     0.4133450E+02
    -0.7077235E+02     0.4135125E+02
    -0.7077526E+02     0.4135715E+02
    -0.7075378E+02     0.4138153E+02
    -0.7074477E+02     0.4139532E+02
    -0.7074184E+02     0.4139981E+02
    -0.7073303E+02     0.4140041E+02
    -0.7072810E+02     0.4140850E+02
    -0.7072421E+02     0.4141108E+02
    -0.7070884E+02     0.4143742E+02
    -0.7069999E+02     0.4143665E+02
    -0.7069440E+02     0.4144337E+02
    -0.7068925E+02     0.4144437E+02
    -0.7068337E+02     0.4144103E+02
    -0.7068157E+02     0.4144198E+02
    -0.7068231E+02     0.4144654E+02
    -0.7068001E+02     0.4145116E+02
    -0.7067172E+02     0.4145975E+02
    -0.7066144E+02     0.4146220E+02
    -0.7063976E+02     0.4147101E+02
    -0.7061208E+02     0.4148356E+02
    -0.7060841E+02     0.4148316E+02
    -0.7060616E+02     0.4147839E+02
    -0.7060715E+02     0.4147013E+02
    -0.7060387E+02     0.4146149E+02
    -0.7059800E+02     0.4145814E+02
    -0.7061275E+02     0.4144053E+02
    -0.7061233E+02     0.4143618E+02
    -0.7059473E+02     0.4144972E+02
    -0.7059035E+02     0.4145642E+02
    -0.7059380E+02     0.4146049E+02
    -0.7058255E+02     0.4147256E+02
    -0.7057494E+02     0.4147245E+02
    -0.7057089E+02     0.4146930E+02
    -0.7056056E+02     0.4144680E+02
    -0.7056203E+02     0.4142107E+02
    -0.7056400E+02     0.4142178E+02
    -0.7056519E+02     0.4142544E+02
    -0.7057087E+02     0.4143337E+02
    -0.7057690E+02     0.4143122E+02
    -0.7057588E+02     0.4142735E+02
    -0.7058060E+02     0.4142133E+02
    -0.7057898E+02     0.4141769E+02
    -0.7057387E+02     0.4142005E+02
    -0.7057109E+02     0.4141849E+02
    -0.7057101E+02     0.4141574E+02
    -0.7056580E+02     0.4141399E+02
    -0.7056327E+02     0.4141037E+02
    -0.7055463E+02     0.4140591E+02
    -0.7055010E+02     0.4140690E+02
    -0.7055573E+02     0.4141299E+02
    -0.7055427E+02     0.4141507E+02
    -0.7053368E+02     0.4140714E+02
    -0.7052149E+02     0.4140617E+02
    -0.7051716E+02     0.4140366E+02
    -0.7051715E+02     0.4140254E+02
    -0.7052381E+02     0.4140223E+02
    -0.7051980E+02     0.4139955E+02
    -0.7051487E+02     0.4139711E+02
    -0.7052018E+02     0.4139062E+02
    -0.7052059E+02     0.4138284E+02
    -0.7051645E+02     0.4137534E+02
    -0.7051799E+02     0.4136411E+02
    -0.7051514E+02     0.4135957E+02
    -0.7050835E+02     0.4135509E+02
    -0.7051646E+02     0.4135131E+02
    -0.7051062E+02     0.4134888E+02
    -0.7048661E+02     0.4134899E+02
    -0.7048473E+02     0.4134673E+02
    -0.7048802E+02     0.4134462E+02
    -0.7051388E+02     0.4134540E+02
    -0.7052427E+02     0.4134777E+02
    -0.7053866E+02     0.4134733E+02
    -0.7055281E+02     0.4134690E+02
    -0.7057079E+02     0.4134869E+02
END
13
    -0.7082435E+02     0.4125796E+02
    -0.7081431E+02     0.4125053E+02
    -0.7083235E+02     0.4125525E+02
    -0.7083794E+02     0.4125950E+02
    -0.7083556E+02     0.4126115E+02
    -0.7082797E+02     0.4126082E+02
    -0.7081987E+02     0.4126394E+02
    -0.7081271E+02     0.4125788E+02
    -0.7081077E+02     0.4125402E+02
    -0.7081431E+02     0.4125053E+02
END
14
    -0.7019317E+02     0.4202460E+02
    -0.7019098E+02     0.4202061E+02
    -0.7020176E+02     0.4202209E+02
    -0.7020333E+02     0.4202368E+02
    -0.7019970E+02     0.4202670E+02
    -0.7019598E+02     0.4202514E+02
    -0.7018650E+02     0.4202730E+02
    -0.7017619E+02     0.4203360E+02
    -0.7017491E+02     0.4203155E+02
    -0.7017701E+02     0.4202878E+02
    -0.7019098E+02     0.4202061E+02
END
15
    -0.7042167E+02     0.4162270E+02
    -0.7042181E+02     0.4161536E+02
    -0.7043103E+02     0.4161799E+02
    -0.7042598E+02     0.4162378E+02
    -0.7042030E+02     0.4162843E+02
    -0.7040930E+02     0.4162835E+02
    -0.7040741E+02     0.4162563E+02
    -0.7040920E+02     0.4162400E+02
    -0.7041592E+02     0.4162437E+02
    -0.7041817E+02     0.4161610E+02
    -0.7042181E+02     0.4161536E+02
END
16
    -0.7042522E+02     0.4161062E+02
    -0.7042145E+02     0.4161285E+02
    -0.7041718E+02     0.4161291E+02
    -0.7041283E+02     0.4160976E+02
    -0.7041462E+02     0.4160791E+02
    -0.7043936E+02     0.4160895E+02
    -0.7043182E+02     0.4161271E+02
    -0.7042145E+02     0.4161285E+02
END
17
    -0.7075872E+02     0.4148637E+02
    -0.7079989E+02     0.4144943E+02
    -0.7080689E+02     0.4144931E+02
    -0.7081126E+02     0.4145290E+02
    -0.7081182E+02     0.4146136E+02
    -0.7080929E+02     0.4146850E+02
    -0.7079730E+02     0.4147488E+02
    -0.7079588E+02     0.4147834E+02
    -0.7078586E+02     0.4147919E+02
    -0.7078136E+02     0.4148178E+02
    -0.7077789E+02     0.4148779E+02
    -0.7077399E+02     0.4149015E+02
    -0.7076794E+02     0.4149117E+02
    -0.7075097E+02     0.4150495E+02
    -0.7073973E+02     0.4150605E+02
    -0.7073129E+02     0.4150939E+02
    -0.7072536E+02     0.4151521E+02
    -0.7071459E+02     0.4151126E+02
    -0.7071391E+02     0.4150875E+02
    -0.7071684E+02     0.4150481E+02
    -0.7071691E+02     0.4150431E+02
    -0.7071786E+02     0.4149747E+02
    -0.7072442E+02     0.4149256E+02
    -0.7075571E+02     0.4147947E+02
    -0.7076570E+02     0.4147724E+02
    -0.7076495E+02     0.4147268E+02
    -0.7076988E+02     0.4146412E+02
    -0.7077864E+02     0.4146169E+02
    -0.7079989E+02     0.4144943E+02
END
18
    -0.7069878E+02     0.4151173E+02
    -0.7070047E+02     0.4150760E+02
    -0.7070600E+02     0.4150911E+02
    -0.7070943E+02     0.4151203E+02
    -0.7070190E+02     0.4151490E+02
    -0.7068938E+02     0.4151418E+02
    -0.7068841E+02     0.4151213E+02
    -0.7068988E+02     0.4151028E+02
    -0.7070047E+02     0.4150760E+02
END
19
    -0.7026693E+02     0.4130307E+02
    -0.7025897E+02     0.4128993E+02
    -0.7028044E+02     0.4129996E+02
    -0.7028096E+02     0.4131003E+02
    -0.7027365E+02     0.4130920E+02
    -0.7027253E+02     0.4131334E+02
    -0.7025264E+02     0.4130625E+02
    -0.7025381E+02     0.4130395E+02
    -0.7024974E+02     0.4129827E+02
    -0.7025897E+02     0.4128993E+02
END
20
    -0.7223541E+02     0.4224659E+02
    -0.7082057E+02     0.4287517E+02
    -0.7082056E+02     0.4286199E+02
    -0.7081612E+02     0.4282908E+02
    -0.7081953E+02     0.4282579E+02
    -0.7081953E+02     0.4282579E+02
    -0.7081850E+02     0.4282143E+02
    -0.7081850E+02     0.4282143E+02
    -0.7081361E+02     0.4281813E+02
    -0.7081108E+02     0.4280672E+02
    -0.7081204E+02     0.4279755E+02
    -0.7081064E+02     0.4279224E+02
    -0.7080352E+02     0.4277319E+02
    -0.7079681E+02     0.4274673E+02
    -0.7077644E+02     0.4271066E+02
    -0.7077757E+02     0.4270675E+02
    -0.7078645E+02     0.4270225E+02
    -0.7078645E+02     0.4270225E+02
    -0.7079567E+02     0.4269912E+02
    -0.7079567E+02     0.4269912E+02
    -0.7079900E+02     0.4269632E+02
    -0.7080241E+02     0.4269626E+02
    -0.7080593E+02     0.4269941E+02
    -0.7080995E+02     0.4269888E+02
    -0.7081470E+02     0.4269170E+02
    -0.7082548E+02     0.4268855E+02
    -0.7083032E+02     0.4268554E+02
    -0.7081885E+02     0.4268499E+02
    -0.7081707E+02     0.4268800E+02
    -0.7081020E+02     0.4268651E+02
    -0.7080730E+02     0.4269320E+02
    -0.7080484E+02     0.4269416E+02
    -0.7079688E+02     0.4268765E+02
    -0.7079173E+02     0.4269231E+02
    -0.7078273E+02     0.4269246E+02
    -0.7075995E+02     0.4268894E+02
    -0.7074038E+02     0.4267826E+02
    -0.7073685E+02     0.4267443E+02
    -0.7073460E+02     0.4266615E+02
    -0.7073460E+02     0.4266615E+02
    -0.7072778E+02     0.4266362E+02
    -0.7072778E+02     0.4266362E+02
    -0.7070319E+02     0.4265939E+02
    -0.7069374E+02     0.4265472E+02
    -0.7068938E+02     0.4265411E+02
    -0.7068681E+02     0.4265140E+02
    -0.7068923E+02     0.4264907E+02
    -0.7069540E+02     0.4264737E+02
    -0.7070084E+02     0.4264271E+02
    -0.7070437E+02     0.4263578E+02
    -0.7070055E+02     0.4263264E+02
    -0.7069712E+02     0.4263200E+02
    -0.7068976E+02     0.4263486E+02
    -0.7068592E+02     0.4264180E+02
    -0.7068325E+02     0.4264350E+02
    -0.7068030E+02     0.4263882E+02
    -0.7067846E+02     0.4264122E+02
    -0.7068062E+02     0.4265244E+02
    -0.7067868E+02     0.4266086E+02
    -0.7068504E+02     0.4265920E+02
    -0.7068620E+02     0.4266217E+02
    -0.7068385E+02     0.4266702E+02
    -0.7065124E+02     0.4268904E+02
    -0.7064501E+02     0.4268845E+02
    -0.7063895E+02     0.4269358E+02
    -0.7063492E+02     0.4269410E+02
    -0.7062547E+02     0.4268943E+02
    -0.7062605E+02     0.4267660E+02
    -0.7062393E+02     0.4266747E+02
    -0.7062846E+02     0.4266259E+02
    -0.7062096E+02     0.4266087E+02
    -0.7061663E+02     0.4266140E+02
    -0.7061224E+02     0.4265963E+02
    -0.7060419E+02     0.4266089E+02
    -0.7059780E+02     0.4265158E+02
    -0.7059579E+02     0.4264865E+02
    -0.7059752E+02     0.4264359E+02
    -0.7059549E+02     0.4263744E+02
    -0.7061189E+02     0.4263559E+02
    -0.7062049E+02     0.4263249E+02
    -0.7062260E+02     0.4263039E+02
    -0.7062368E+02     0.4262442E+02
    -0.7063319E+02     0.4262062E+02
    -0.7064125E+02     0.4262027E+02
    -0.7063698E+02     0.4261163E+02
    -0.7064165E+02     0.4260102E+02
    -0.7064861E+02     0.4259497E+02
    -0.7065444E+02     0.4259282E+02
    -0.7065675E+02     0.4258637E+02
    -0.7066839E+02     0.4258138E+02
    -0.7066917E+02     0.4258687E+02
    -0.7066626E+02     0.4259378E+02
    -0.7066051E+02     0.4259914E+02
    -0.7066295E+02     0.4260849E+02
    -0.7065644E+02     0.4260859E+02
    -0.7065568E+02     0.4261478E+02
    -0.7065820E+02     0.4261589E+02
    -0.7067416E+02     0.4260992E+02
    -0.7068211E+02     0.4261666E+02
    -0.7068670E+02     0.4261476E+02
    -0.7068036E+02     0.4260982E+02
    -0.7068091E+02     0.4260730E+02
    -0.7068871E+02     0.4259801E+02
    -0.7069093E+02     0.4258882E+02
    -0.7071690E+02     0.4257582E+02
    -0.7072404E+02     0.4257594E+02
    -0.7073227E+02     0.4257122E+02
    -0.7073714E+02     0.4257847E+02
    -0.7074056E+02     0.4257911E+02
    -0.7074106E+02     0.4257873E+02
    -0.7074723E+02     0.4257396E+02
    -0.7076819E+02     0.4256973E+02
    -0.7078004E+02     0.4256175E+02
    -0.7078318E+02     0.4256307E+02
    -0.7077539E+02     0.4257213E+02
    -0.7077827E+02     0.4257506E+02
    -0.7079254E+02     0.4256521E+02
    -0.7080615E+02     0.4256429E+02
    -0.7083334E+02     0.4255125E+02
    -0.7085410E+02     0.4255112E+02
    -0.7086384E+02     0.4254546E+02
    -0.7086559E+02     0.4254597E+02
    -0.7087416E+02     0.4254849E+02
    -0.7088514E+02     0.4254280E+02
    -0.7088824E+02     0.4254298E+02
    -0.7088824E+02     0.4254298E+02
    -0.7088918E+02     0.4253834E+02
    -0.7088918E+02     0.4253834E+02
    -0.7088777E+02     0.4253795E+02
    -0.7088724E+02     0.4253086E+02
    -0.7088471E+02     0.4252953E+02
    -0.7087624E+02     0.4253563E+02
    -0.7087315E+02     0.4253591E+02
    -0.7087080E+02     0.4253046E+02
    -0.7087164E+02     0.4252769E+02
    -0.7087908E+02     0.4252779E+02
    -0.7088020E+02     0.4252388E+02
    -0.7088322E+02     0.4252335E+02
    -0.7088882E+02     0.4252236E+02
    -0.7088809E+02     0.4250909E+02
    -0.7089072E+02     0.4250401E+02
    -0.7088937E+02     0.4250037E+02
    -0.7087744E+02     0.4250515E+02
    -0.7087125E+02     0.4251534E+02
    -0.7085413E+02     0.4252227E+02
    -0.7084415E+02     0.4252038E+02
    -0.7084799E+02     0.4251413E+02
    -0.7084711E+02     0.4250590E+02
    -0.7085677E+02     0.4249772E+02
    -0.7085296E+02     0.4249481E+02
    -0.7083840E+02     0.4250467E+02
    -0.7083588E+02     0.4250311E+02
    -0.7083911E+02     0.4249462E+02
    -0.7084017E+02     0.4249182E+02
    -0.7084846E+02     0.4248939E+02
    -0.7085754E+02     0.4249267E+02
    -0.7086121E+02     0.4249123E+02
    -0.7088916E+02     0.4247449E+02
    -0.7089261E+02     0.4246619E+02
    -0.7089835E+02     0.4246174E+02
    -0.7090923E+02     0.4246338E+02
    -0.7091679E+02     0.4246737E+02
    -0.7092111E+02     0.4246706E+02
    -0.7093571E+02     0.4245902E+02
    -0.7094032E+02     0.4244863E+02
    -0.7093854E+02     0.4244133E+02
    -0.7093445E+02     0.4243935E+02
    -0.7093362E+02     0.4243272E+02
    -0.7092855E+02     0.4243134E+02
    -0.7092175E+02     0.4242950E+02
    -0.7091496E+02     0.4242984E+02
    -0.7090701E+02     0.4242289E+02
    -0.7090632E+02     0.4242061E+02
    -0.7090961E+02     0.4241734E+02
    -0.7091396E+02     0.4241772E+02
    -0.7092561E+02     0.4242416E+02
    -0.7092836E+02     0.4242319E+02
    -0.7093040E+02     0.4241927E+02
    -0.7093560E+02     0.4241780E+02
    -0.7094029E+02     0.4241932E+02
    -0.7093999E+02     0.4242917E+02
    -0.7094476E+02     0.4244260E+02
    -0.7094324E+02     0.4245270E+02
    -0.7094429E+02     0.4245657E+02
    -0.7094775E+02     0.4245834E+02
    -0.7095740E+02     0.4245039E+02
    -0.7096351E+02     0.4244821E+02
    -0.7096970E+02     0.4244810E+02
    -0.7098134E+02     0.4245374E+02
    -0.7098290E+02     0.4245450E+02
    -0.7097990E+02     0.4245731E+02
    -0.7098274E+02     0.4245885E+02
    -0.7099018E+02     0.4245941E+02
    -0.7099075E+02     0.4245757E+02
    -0.7098621E+02     0.4245147E+02
    -0.7098341E+02     0.4244190E+02
    -0.7097903E+02     0.4244061E+02
    -0.7097476E+02     0.4244228E+02
    -0.7097139E+02     0.4244326E+02
    -0.7096733E+02     0.4244219E+02
    -0.7099148E+02     0.4241473E+02
    -0.7099317E+02     0.4240989E+02
    -0.7098336E+02     0.4239381E+02
    -0.7097897E+02     0.4239206E+02
    -0.7097062E+02     0.4239198E+02
    -0.7096839E+02     0.4238996E+02
    -0.7097382E+02     0.4238597E+02
    -0.7097526E+02     0.4238251E+02
    -0.7096863E+02     0.4236912E+02
    -0.7096961E+02     0.4236131E+02
    -0.7095654E+02     0.4234896E+02
    -0.7095741E+02     0.4234734E+02
    -0.7096163E+02     0.4234700E+02
    -0.7097540E+02     0.4235869E+02
    -0.7097668E+02     0.4236943E+02
    -0.7097951E+02     0.4237098E+02
    -0.7099152E+02     0.4236985E+02
    -0.7099714E+02     0.4237157E+02
    -0.7099817E+02     0.4237453E+02
    -0.7099644E+02     0.4237823E+02
    -0.7099908E+02     0.4238322E+02
    -0.7100150E+02     0.4238180E+02
    -0.7100342E+02     0.4236528E+02
    -0.7100147E+02     0.4236256E+02
    -0.7099403E+02     0.4236179E+02
    -0.7099271E+02     0.4235929E+02
    -0.7099451E+02     0.4235743E+02
    -0.7100713E+02     0.4235628E+02
    -0.7101058E+02     0.4234866E+02
    -0.7101058E+02     0.4234866E+02
    -0.7101717E+02     0.4234235E+02
    -0.7101717E+02     0.4234235E+02
    -0.7101366E+02     0.4233921E+02
    -0.7101450E+02     0.4233667E+02
    -0.7102315E+02     0.4233651E+02
    -0.7101867E+02     0.4233202E+02
    -0.7102014E+02     0.4232993E+02
    -0.7102912E+02     0.4233068E+02
    -0.7104753E+02     0.4232713E+02
    -0.7104900E+02     0.4232481E+02
    -0.7104607E+02     0.4232051E+02
    -0.7103946E+02     0.4231675E+02
    -0.7103908E+02     0.4231469E+02
    -0.7104612E+02     0.4231295E+02
    -0.7104749E+02     0.4230789E+02
    -0.7105546E+02     0.4230614E+02
    -0.7104856E+02     0.4230306E+02
    -0.7104767E+02     0.4229507E+02
    -0.7104295E+02     0.4229240E+02
    -0.7103996E+02     0.4228605E+02
    -0.7103535E+02     0.4228705E+02
    -0.7103267E+02     0.4228962E+02
    -0.7103433E+02     0.4229072E+02
    -0.7103741E+02     0.4229274E+02
    -0.7104097E+02     0.4229771E+02
    -0.7103979E+02     0.4229956E+02
    -0.7103117E+02     0.4229995E+02
    -0.7102740E+02     0.4229797E+02
    -0.7102309E+02     0.4229827E+02
    -0.7101710E+02     0.4230365E+02
    -0.7101153E+02     0.4230330E+02
    -0.7100643E+02     0.4229858E+02
    -0.7100690E+02     0.4229422E+02
    -0.7101142E+02     0.4229094E+02
    -0.7102032E+02     0.4228939E+02
    -0.7102392E+02     0.4228635E+02
    -0.7102038E+02     0.4228207E+02
    -0.7100123E+02     0.4227235E+02
    -0.7100452E+02     0.4226931E+02
    -0.7100262E+02     0.4226774E+02
    -0.7098769E+02     0.4226412E+02
    -0.7098495E+02     0.4226532E+02
    -0.7097662E+02     0.4226501E+02
    -0.7096660E+02     0.4227000E+02
    -0.7096102E+02     0.4226942E+02
    -0.7095802E+02     0.4227199E+02
    -0.7095921E+02     0.4227998E+02
    -0.7095551E+02     0.4228005E+02
    -0.7095358E+02     0.4227757E+02
    -0.7095403E+02     0.4227252E+02
    -0.7095321E+02     0.4226635E+02
    -0.7095525E+02     0.4226242E+02
    -0.7096848E+02     0.4226173E+02
    -0.7096934E+02     0.4225965E+02
    -0.7096523E+02     0.4225652E+02
    -0.7096059E+02     0.4225615E+02
    -0.7095957E+02     0.4225341E+02
    -0.7096505E+02     0.4225042E+02
    -0.7096770E+02     0.4225087E+02
    -0.7096770E+02     0.4225087E+02
    -0.7096605E+02     0.4224639E+02
    -0.7096605E+02     0.4224639E+02
    -0.7096238E+02     0.4224489E+02
    -0.7095393E+02     0.4225077E+02
    -0.7094657E+02     0.4225182E+02
    -0.7093691E+02     0.4225840E+02
    -0.7093167E+02     0.4225850E+02
    -0.7092869E+02     0.4226152E+02
    -0.7092468E+02     0.4226183E+02
    -0.7092368E+02     0.4225909E+02
    -0.7092635E+02     0.4225607E+02
    -0.7093584E+02     0.4225407E+02
    -0.7093946E+02     0.4225126E+02
    -0.7093533E+02     0.4224674E+02
    -0.7092961E+02     0.4222884E+02
    -0.7092592E+02     0.4222734E+02
    -0.7092473E+02     0.4223500E+02
    -0.7093240E+02     0.4224808E+02
    -0.7093205E+02     0.4225116E+02
    -0.7092375E+02     0.4225200E+02
    -0.7091981E+02     0.4225413E+02
    -0.7091205E+02     0.4226205E+02
    -0.7089941E+02     0.4226227E+02
    -0.7089702E+02     0.4225499E+02
    -0.7089133E+02     0.4225074E+02
    -0.7088487E+02     0.4225130E+02
    -0.7088189E+02     0.4225456E+02
    -0.7088593E+02     0.4226525E+02
    -0.7088107E+02     0.4226786E+02
    -0.7087549E+02     0.4226681E+02
    -0.7087424E+02     0.4226151E+02
    -0.7087424E+02     0.4226151E+02
    -0.7087009E+02     0.4226246E+02
    -0.7087009E+02     0.4226246E+02
    -0.7086942E+02     0.4226507E+02
    -0.7086302E+02     0.4226698E+02
    -0.7086395E+02     0.4226904E+02
    -0.7087123E+02     0.4226871E+02
    -0.7087268E+02     0.4227556E+02
    -0.7088838E+02     0.4227460E+02
    -0.7089152E+02     0.4227615E+02
    -0.7089034E+02     0.4227800E+02
    -0.7088483E+02     0.4227947E+02
    -0.7088337E+02     0.4228201E+02
    -0.7089046E+02     0.4229151E+02
    -0.7088775E+02     0.4230045E+02
    -0.7089207E+02     0.4230316E+02
    -0.7089639E+02     0.4230308E+02
    -0.7089750E+02     0.4229940E+02
    -0.7091177E+02     0.4230167E+02
    -0.7091637E+02     0.4230067E+02
    -0.7092329E+02     0.4230444E+02
    -0.7091967E+02     0.4230725E+02
    -0.7089964E+02     0.4230852E+02
    -0.7089264E+02     0.4231139E+02
    -0.7088860E+02     0.4231078E+02
    -0.7088389E+02     0.4229799E+02
    -0.7087163E+02     0.4228130E+02
    -0.7085583E+02     0.4226944E+02
    -0.7084960E+02     0.4226771E+02
    -0.7082085E+02     0.4226545E+02
    -0.7081367E+02     0.4226260E+02
    -0.7080415E+02     0.4225559E+02
    -0.7081482E+02     0.4225613E+02
    -0.7081583E+02     0.4225447E+02
    -0.7081296E+02     0.4225207E+02
    -0.7081252E+02     0.4224869E+02
    -0.7080982E+02     0.4224847E+02
    -0.7080210E+02     0.4225310E+02
    -0.7079254E+02     0.4224738E+02
    -0.7079816E+02     0.4223927E+02
    -0.7079402E+02     0.4222496E+02
    -0.7079261E+02     0.4222480E+02
    -0.7078993E+02     0.4222519E+02
    -0.7078976E+02     0.4222771E+02
    -0.7079307E+02     0.4223384E+02
    -0.7079259E+02     0.4223868E+02
    -0.7079052E+02     0.4224169E+02
    -0.7078062E+02     0.4224048E+02
    -0.7077831E+02     0.4224556E+02
    -0.7078030E+02     0.4225033E+02
    -0.7077855E+02     0.4225379E+02
    -0.7077517E+02     0.4225431E+02
    -0.7076984E+02     0.4225119E+02
    -0.7076559E+02     0.4224253E+02
    -0.7075736E+02     0.4222575E+02
    -0.7075198E+02     0.4222103E+02
    -0.7072364E+02     0.4221072E+02
    -0.7072203E+02     0.4220846E+02
    -0.7072872E+02     0.4220538E+02
    -0.7073161E+02     0.4219846E+02
    -0.7072871E+02     0.4219416E+02
    -0.7072514E+02     0.4219856E+02
    -0.7072079E+02     0.4219772E+02
    -0.7072300E+02     0.4218875E+02
    -0.7072215E+02     0.4218052E+02
    -0.7071786E+02     0.4217052E+02
    -0.7071986E+02     0.4216522E+02
    -0.7071986E+02     0.4216522E+02
    -0.7071393E+02     0.4216257E+02
    -0.7071393E+02     0.4216257E+02
    -0.7070959E+02     0.4216149E+02
    -0.7067152E+02     0.4211057E+02
    -0.7065265E+02     0.4209598E+02
    -0.7064724E+02     0.4208942E+02
    -0.7064608E+02     0.4208074E+02
    -0.7064980E+02     0.4208183E+02
    -0.7065298E+02     0.4208567E+02
    -0.7066454E+02     0.4209025E+02
    -0.7066675E+02     0.4208989E+02
    -0.7066538E+02     0.4208826E+02
    -0.7065303E+02     0.4207652E+02
    -0.7065266E+02     0.4206278E+02
    -0.7065131E+02     0.4205472E+02
    -0.7064354E+02     0.4204490E+02
    -0.7062934E+02     0.4203086E+02
    -0.7060530E+02     0.4200558E+02
    -0.7060712E+02     0.4200441E+02
    -0.7061607E+02     0.4200633E+02
    -0.7062973E+02     0.4200018E+02
    -0.7063465E+02     0.4200056E+02
    -0.7063717E+02     0.4200281E+02
    -0.7063663E+02     0.4200534E+02
    -0.7062660E+02     0.4200938E+02
    -0.7062215E+02     0.4201494E+02
    -0.7062379E+02     0.4201904E+02
    -0.7063382E+02     0.4202621E+02
    -0.7065348E+02     0.4205271E+02
    -0.7065858E+02     0.4205468E+02
    -0.7066099E+02     0.4206403E+02
    -0.7066811E+02     0.4205476E+02
    -0.7067222E+02     0.4205882E+02
    -0.7068011E+02     0.4205503E+02
    -0.7067323E+02     0.4205125E+02
    -0.7065993E+02     0.4204802E+02
    -0.7065923E+02     0.4204506E+02
    -0.7066074E+02     0.4204388E+02
    -0.7067123E+02     0.4204533E+02
    -0.7067366E+02     0.4204437E+02
    -0.7067459E+02     0.4203382E+02
    -0.7068284E+02     0.4202111E+02
    -0.7068148E+02     0.4201655E+02
    -0.7067912E+02     0.4202025E+02
    -0.7067699E+02     0.4202074E+02
    -0.7067552E+02     0.4201229E+02
    -0.7067693E+02     0.4200792E+02
    -0.7068147E+02     0.4200533E+02
    -0.7068560E+02     0.4200583E+02
    -0.7068825E+02     0.4200614E+02
    -0.7069172E+02     0.4200929E+02
    -0.7069311E+02     0.4201499E+02
    -0.7069801E+02     0.4201469E+02
    -0.7070797E+02     0.4200835E+02
    -0.7071715E+02     0.4200706E+02
    -0.7072015E+02     0.4200472E+02
    -0.7071824E+02     0.4200223E+02
    -0.7070993E+02     0.4200167E+02
    -0.7070612E+02     0.4199739E+02
    -0.7070153E+02     0.4198716E+02
    -0.7068529E+02     0.4197734E+02
    -0.7066943E+02     0.4195904E+02
    -0.7066255E+02     0.4195480E+02
    -0.7064046E+02     0.4194849E+02
    -0.7063722E+02     0.4194885E+02
    -0.7065087E+02     0.4196505E+02
    -0.7065762E+02     0.4197594E+02
    -0.7065819E+02     0.4197870E+02
    -0.7065430E+02     0.4197805E+02
    -0.7063677E+02     0.4195474E+02
    -0.7062888E+02     0.4194639E+02
    -0.7062204E+02     0.4194329E+02
    -0.7061253E+02     0.4194320E+02
    -0.7060859E+02     0.4194532E+02
    -0.7060447E+02     0.4195179E+02
    -0.7059805E+02     0.4195258E+02
    -0.7059065E+02     0.4195154E+02
    -0.7056902E+02     0.4193377E+02
    -0.7054237E+02     0.4192363E+02
    -0.7055209E+02     0.4192028E+02
    -0.7055378E+02     0.4191431E+02
    -0.7055109E+02     0.4190542E+02
    -0.7054053E+02     0.4189672E+02
    -0.7053722E+02     0.4189051E+02
    -0.7053745E+02     0.4187540E+02
    -0.7053402E+02     0.4186148E+02
    -0.7054808E+02     0.4182465E+02
    -0.7054543E+02     0.4181668E+02
    -0.7053370E+02     0.4180128E+02
    -0.7050926E+02     0.4178328E+02
    -0.7050719E+02     0.4178175E+02
    -0.7050854E+02     0.4178077E+02
    -0.7050854E+02     0.4178077E+02
    -0.7050076E+02     0.4177801E+02
    -0.7050076E+02     0.4177801E+02
    -0.7049975E+02     0.4177819E+02
    -0.7048514E+02     0.4176878E+02
    -0.7046223E+02     0.4175788E+02
    -0.7044814E+02     0.4175715E+02
    -0.7043768E+02     0.4175500E+02
    -0.7041638E+02     0.4174659E+02
    -0.7036639E+02     0.4174084E+02
    -0.7035723E+02     0.4174058E+02
    -0.7031560E+02     0.4173942E+02
    -0.7028978E+02     0.4173333E+02
    -0.7028788E+02     0.4173037E+02
    -0.7028934E+02     0.4172715E+02
    -0.7029206E+02     0.4172597E+02
    -0.7029668E+02     0.4172729E+02
    -0.7030336E+02     0.4172538E+02
    -0.7030767E+02     0.4172670E+02
    -0.7031190E+02     0.4172413E+02
    -0.7031843E+02     0.4172931E+02
    -0.7032072E+02     0.4173569E+02
    -0.7032409E+02     0.4173611E+02
    -0.7032733E+02     0.4173080E+02
    -0.7033428E+02     0.4172705E+02
    -0.7035355E+02     0.4172773E+02
    -0.7035700E+02     0.4173134E+02
    -0.7035850E+02     0.4173199E+02
    -0.7036318E+02     0.4173401E+02
    -0.7036715E+02     0.4173373E+02
    -0.7037228E+02     0.4173069E+02
    -0.7035905E+02     0.4172697E+02
    -0.7035806E+02     0.4172401E+02
    -0.7035979E+02     0.4171941E+02
    -0.7035212E+02     0.4171813E+02
    -0.7034927E+02     0.4171405E+02
    -0.7034314E+02     0.4171321E+02
    -0.7034122E+02     0.4170911E+02
    -0.7033788E+02     0.4171030E+02
    -0.7033462E+02     0.4171469E+02
    -0.7031898E+02     0.4171305E+02
    -0.7031127E+02     0.4170971E+02
    -0.7030888E+02     0.4171226E+02
    -0.7030241E+02     0.4170959E+02
    -0.7027586E+02     0.4171175E+02
    -0.7027449E+02     0.4170490E+02
    -0.7027111E+02     0.4170403E+02
    -0.7026731E+02     0.4171231E+02
    -0.7026486E+02     0.4171428E+02
    -0.7025108E+02     0.4172532E+02
    -0.7024413E+02     0.4172929E+02
    -0.7023592E+02     0.4173122E+02
    -0.7023383E+02     0.4173353E+02
    -0.7023569E+02     0.4173512E+02
    -0.7024272E+02     0.4173480E+02
    -0.7022431E+02     0.4174669E+02
    -0.7021220E+02     0.4175255E+02
    -0.7020368E+02     0.4175494E+02
    -0.7016121E+02     0.4175702E+02
    -0.7015487E+02     0.4176120E+02
    -0.7013673E+02     0.4176082E+02
    -0.7012610E+02     0.4176060E+02
    -0.7010484E+02     0.4176883E+02
    -0.7006704E+02     0.4177632E+02
    -0.7003999E+02     0.4178689E+02
    -0.7002639E+02     0.4179618E+02
    -0.7001283E+02     0.4180821E+02
    -0.7001172E+02     0.4181532E+02
    -0.7000751E+02     0.4181948E+02
    -0.7001003E+02     0.4182380E+02
    -0.7000993E+02     0.4182508E+02
    -0.7000851E+02     0.4184259E+02
    -0.7001545E+02     0.4187182E+02
    -0.7001492E+02     0.4187640E+02
    -0.7000775E+02     0.4188746E+02
    -0.7000626E+02     0.4190807E+02
    -0.7000000E+02     0.4191085E+02
    -0.6999835E+02     0.4191158E+02
    -0.6999931E+02     0.4191409E+02
    -0.7000000E+02     0.4191434E+02
    -0.7000240E+02     0.4191521E+02
    -0.7001307E+02     0.4191144E+02
    -0.7002106E+02     0.4191228E+02
    -0.7002312E+02     0.4190768E+02
    -0.7003244E+02     0.4191423E+02
    -0.7003685E+02     0.4192083E+02
    -0.7002951E+02     0.4192204E+02
    -0.7003142E+02     0.4192591E+02
    -0.7003056E+02     0.4192936E+02
    -0.7003305E+02     0.4193185E+02
    -0.7004534E+02     0.4193287E+02
    -0.7006213E+02     0.4192836E+02
    -0.7007010E+02     0.4192782E+02
    -0.7006960E+02     0.4193423E+02
    -0.7007417E+02     0.4193213E+02
    -0.7007807E+02     0.4192797E+02
    -0.7007340E+02     0.4192412E+02
    -0.7006387E+02     0.4192307E+02
    -0.7006227E+02     0.4191897E+02
    -0.7007020E+02     0.4191660E+02
    -0.7007288E+02     0.4191222E+02
    -0.7007149E+02     0.4190331E+02
    -0.7007452E+02     0.4190122E+02
    -0.7007821E+02     0.4190164E+02
    -0.7007980E+02     0.4190528E+02
    -0.7007988E+02     0.4192589E+02
    -0.7008311E+02     0.4193889E+02
    -0.7008352E+02     0.4194050E+02
    -0.7008510E+02     0.4195971E+02
    -0.7008317E+02     0.4197141E+02
    -0.7008596E+02     0.4198946E+02
    -0.7008099E+02     0.4198631E+02
    -0.7007732E+02     0.4198726E+02
    -0.7008334E+02     0.4199773E+02
    -0.7008977E+02     0.4199606E+02
    -0.7008932E+02     0.4200545E+02
    -0.7010397E+02     0.4203345E+02
    -0.7011446E+02     0.4204166E+02
    -0.7011552E+02     0.4204249E+02
    -0.7015458E+02     0.4206016E+02
    -0.7016842E+02     0.4206047E+02
    -0.7018098E+02     0.4205849E+02
    -0.7018890E+02     0.4205497E+02
    -0.7019796E+02     0.4204663E+02
    -0.7020658E+02     0.4203257E+02
    -0.7021335E+02     0.4203295E+02
    -0.7021896E+02     0.4203678E+02
    -0.7022999E+02     0.4204993E+02
    -0.7024122E+02     0.4205781E+02
    -0.7024732E+02     0.4205591E+02
    -0.7025117E+02     0.4206364E+02
    -0.7024974E+02     0.4206847E+02
    -0.7024126E+02     0.4207429E+02
    -0.7020605E+02     0.4208179E+02
    -0.7016602E+02     0.4207926E+02
    -0.7015488E+02     0.4207549E+02
    -0.7013670E+02     0.4207363E+02
    -0.7011397E+02     0.4206462E+02
    -0.7009396E+02     0.4205668E+02
    -0.7007784E+02     0.4204883E+02
    -0.7006069E+02     0.4203550E+02
    -0.7002975E+02     0.4200582E+02
    -0.7001379E+02     0.4198880E+02
    -0.7000215E+02     0.4197328E+02
    -0.7000000E+02     0.4197041E+02
    -0.6999369E+02     0.4196198E+02
    -0.6996849E+02     0.4190454E+02
    -0.6996459E+02     0.4189107E+02
    -0.6995860E+02     0.4188036E+02
    -0.6995452E+02     0.4185637E+02
    -0.6995349E+02     0.4185359E+02
    -0.6994884E+02     0.4184114E+02
    -0.6994627E+02     0.4183836E+02
    -0.6994080E+02     0.4181900E+02
    -0.6993900E+02     0.4180755E+02
    -0.6994126E+02     0.4179774E+02
    -0.6993452E+02     0.4177438E+02
    -0.6993185E+02     0.4174075E+02
    -0.6993211E+02     0.4168010E+02
    -0.6993474E+02     0.4167276E+02
    -0.6994106E+02     0.4166652E+02
    -0.6994833E+02     0.4166279E+02
    -0.6995383E+02     0.4166297E+02
    -0.6995383E+02     0.4166297E+02
    -0.6996056E+02     0.4166405E+02
    -0.6996056E+02     0.4166405E+02
    -0.6996617E+02     0.4165255E+02
    -0.6996690E+02     0.4165018E+02
    -0.6997717E+02     0.4161629E+02
    -0.6998978E+02     0.4158551E+02
    -0.6999634E+02     0.4155844E+02
    -0.6999975E+02     0.4155627E+02
    -0.7001534E+02     0.4154635E+02
    -0.7002116E+02     0.4154813E+02
    -0.7002274E+02     0.4155086E+02
    -0.7002236E+02     0.4155583E+02
    -0.7002224E+02     0.4155750E+02
    -0.7001342E+02     0.4155896E+02
    -0.7001287E+02     0.4156217E+02
    -0.7000330E+02     0.4157325E+02
    -0.6999963E+02     0.4158255E+02
    -0.6999833E+02     0.4158588E+02
    -0.6999680E+02     0.4160329E+02
    -0.6998845E+02     0.4161504E+02
    -0.6999069E+02     0.4162166E+02
    -0.6998777E+02     0.4162947E+02
    -0.6998145E+02     0.4163456E+02
    -0.6997775E+02     0.4163253E+02
    -0.6997335E+02     0.4164333E+02
    -0.6997496E+02     0.4164858E+02
    -0.6997171E+02     0.4165502E+02
    -0.6997581E+02     0.4166254E+02
    -0.6997581E+02     0.4166254E+02
    -0.6998372E+02     0.4166109E+02
    -0.6998372E+02     0.4166109E+02
    -0.6998370E+02     0.4166000E+02
    -0.6998366E+02     0.4165720E+02
    -0.6998981E+02     0.4165966E+02
    -0.7000000E+02     0.4166710E+02
    -0.7000589E+02     0.4167141E+02
    -0.7001168E+02     0.4167066E+02
    -0.7001849E+02     0.4167563E+02
    -0.7002337E+02     0.4167559E+02
    -0.7002943E+02     0.4167278E+02
    -0.7006752E+02     0.4166759E+02
    -0.7007000E+02     0.4166940E+02
    -0.7007912E+02     0.4166748E+02
    -0.7009746E+02     0.4166797E+02
    -0.7010440E+02     0.4166332E+02
    -0.7013167E+02     0.4165846E+02
    -0.7013849E+02     0.4165724E+02
    -0.7014939E+02     0.4165277E+02
    -0.7015982E+02     0.4165495E+02
    -0.7018426E+02     0.4165536E+02
    -0.7019247E+02     0.4165367E+02
    -0.7019738E+02     0.4165476E+02
    -0.7019292E+02     0.4166099E+02
    -0.7017970E+02     0.4167144E+02
    -0.7016821E+02     0.4167331E+02
    -0.7017130E+02     0.4167977E+02
    -0.7016382E+02     0.4168763E+02
    -0.7016691E+02     0.4168920E+02
    -0.7018996E+02     0.4167110E+02
    -0.7020180E+02     0.4166180E+02
    -0.7020613E+02     0.4164962E+02
    -0.7021486E+02     0.4164357E+02
    -0.7022732E+02     0.4164068E+02
    -0.7023395E+02     0.4163648E+02
    -0.7025278E+02     0.4163169E+02
    -0.7026031E+02     0.4162702E+02
    -0.7026887E+02     0.4161318E+02
    -0.7027282E+02     0.4161245E+02
    -0.7028051E+02     0.4161556E+02
    -0.7028841E+02     0.4161364E+02
    -0.7029149E+02     0.4161497E+02
    -0.7027848E+02     0.4162039E+02
    -0.7027710E+02     0.4162835E+02
    -0.7027239E+02     0.4163174E+02
    -0.7027120E+02     0.4162900E+02
    -0.7027428E+02     0.4162387E+02
    -0.7026820E+02     0.4162463E+02
    -0.7026198E+02     0.4163387E+02
    -0.7024864E+02     0.4163837E+02
    -0.7027085E+02     0.4164909E+02
    -0.7027974E+02     0.4165059E+02
    -0.7028104E+02     0.4165147E+02
    -0.7028470E+02     0.4165396E+02
    -0.7028770E+02     0.4165164E+02
    -0.7028513E+02     0.4164572E+02
    -0.7028688E+02     0.4164203E+02
    -0.7028219E+02     0.4163660E+02
    -0.7028400E+02     0.4163589E+02
    -0.7030813E+02     0.4163628E+02
    -0.7032444E+02     0.4162830E+02
    -0.7032903E+02     0.4162893E+02
    -0.7034358E+02     0.4163790E+02
    -0.7035122E+02     0.4163826E+02
    -0.7037424E+02     0.4162995E+02
    -0.7037643E+02     0.4163267E+02
    -0.7037856E+02     0.4163242E+02
    -0.7037997E+02     0.4162690E+02
    -0.7037437E+02     0.4162240E+02
    -0.7038065E+02     0.4161728E+02
    -0.7038316E+02     0.4161659E+02
    -0.7040340E+02     0.4161103E+02
    -0.7040952E+02     0.4161164E+02
    -0.7040633E+02     0.4161900E+02
    -0.7040108E+02     0.4161655E+02
    -0.7039867E+02     0.4161728E+02
    -0.7039781E+02     0.4162003E+02
    -0.7041357E+02     0.4164134E+02
    -0.7042021E+02     0.4163782E+02
    -0.7042582E+02     0.4162973E+02
    -0.7042976E+02     0.4162876E+02
    -0.7043423E+02     0.4162435E+02
    -0.7044094E+02     0.4162381E+02
    -0.7044330E+02     0.4162034E+02
    -0.7044135E+02     0.4161556E+02
    -0.7044992E+02     0.4160400E+02
    -0.7046098E+02     0.4159469E+02
    -0.7046167E+02     0.4159280E+02
    -0.7046410E+02     0.4159251E+02
    -0.7046049E+02     0.4159951E+02
    -0.7046083E+02     0.4160324E+02
    -0.7046330E+02     0.4160199E+02
    -0.7046719E+02     0.4159873E+02
    -0.7047115E+02     0.4159890E+02
    -0.7047366E+02     0.4160138E+02
    -0.7046589E+02     0.4160813E+02
    -0.7046209E+02     0.4161482E+02
    -0.7046307E+02     0.4161732E+02
    -0.7047627E+02     0.4160844E+02
    -0.7047994E+02     0.4159649E+02
    -0.7048499E+02     0.4159047E+02
    -0.7048369E+02     0.4158751E+02
    -0.7047651E+02     0.4159311E+02
    -0.7047453E+02     0.4158695E+02
    -0.7047052E+02     0.4158540E+02
    -0.7046505E+02     0.4158640E+02
    -0.7045605E+02     0.4159224E+02
    -0.7045390E+02     0.4159204E+02
    -0.7045446E+02     0.4158974E+02
    -0.7047778E+02     0.4157026E+02
    -0.7049122E+02     0.4155902E+02
    -0.7051270E+02     0.4155231E+02
    -0.7052157E+02     0.4155333E+02
    -0.7052610E+02     0.4155189E+02
    -0.7053100E+02     0.4155251E+02
    -0.7051669E+02     0.4156530E+02
    -0.7051062E+02     0.4156676E+02
    -0.7050510E+02     0.4156570E+02
    -0.7050400E+02     0.4157029E+02
    -0.7050557E+02     0.4157210E+02
    -0.7051255E+02     0.4157063E+02
    -0.7051373E+02     0.4157256E+02
    -0.7051229E+02     0.4157595E+02
    -0.7051277E+02     0.4157932E+02
    -0.7051704E+02     0.4157926E+02
    -0.7052044E+02     0.4157108E+02
    -0.7052227E+02     0.4156909E+02
    -0.7052379E+02     0.4156991E+02
    -0.7052389E+02     0.4157497E+02
    -0.7053203E+02     0.4158088E+02
    -0.7053536E+02     0.4158014E+02
    -0.7054076E+02     0.4157640E+02
    -0.7054631E+02     0.4156575E+02
    -0.7054729E+02     0.4156468E+02
    -0.7055121E+02     0.4156933E+02
    -0.7055501E+02     0.4156850E+02
    -0.7055703E+02     0.4156535E+02
    -0.7055448E+02     0.4155964E+02
    -0.7054243E+02     0.4156474E+02
    -0.7053909E+02     0.4157182E+02
    -0.7053562E+02     0.4157187E+02
    -0.7053523E+02     0.4156978E+02
    -0.7054276E+02     0.4155943E+02
    -0.7053925E+02     0.4155331E+02
    -0.7055419E+02     0.4155332E+02
    -0.7056417E+02     0.4155042E+02
    -0.7057300E+02     0.4154984E+02
    -0.7057642E+02     0.4155230E+02
    -0.7057687E+02     0.4155802E+02
    -0.7057356E+02     0.4157134E+02
    -0.7057631E+02     0.4157130E+02
    -0.7058016E+02     0.4156713E+02
    -0.7058408E+02     0.4155379E+02
    -0.7058646E+02     0.4155170E+02
    -0.7058983E+02     0.4155210E+02
    -0.7059216E+02     0.4155737E+02
    -0.7059103E+02     0.4156285E+02
    -0.7058469E+02     0.4157519E+02
    -0.7058542E+02     0.4157700E+02
    -0.7058784E+02     0.4157619E+02
    -0.7059433E+02     0.4157116E+02
    -0.7059528E+02     0.4155088E+02
    -0.7059736E+02     0.4154856E+02
    -0.7060950E+02     0.4154654E+02
    -0.7061168E+02     0.4154811E+02
    -0.7060869E+02     0.4155303E+02
    -0.7061240E+02     0.4155222E+02
    -0.7062196E+02     0.4154521E+02
    -0.7062984E+02     0.4154349E+02
    -0.7063941E+02     0.4153545E+02
    -0.7066202E+02     0.4151644E+02
    -0.7067043E+02     0.4152318E+02
    -0.7068323E+02     0.4152298E+02
    -0.7068523E+02     0.4152913E+02
    -0.7069012E+02     0.4152973E+02
    -0.7069456E+02     0.4152509E+02
    -0.7069645E+02     0.4152711E+02
    -0.7069656E+02     0.4153101E+02
    -0.7069392E+02     0.4153448E+02
    -0.7067958E+02     0.4153425E+02
    -0.7067488E+02     0.4154050E+02
    -0.7066974E+02     0.4154196E+02
    -0.7066258E+02     0.4154681E+02
    -0.7066364E+02     0.4154784E+02
    -0.7066779E+02     0.4154675E+02
    -0.7066839E+02     0.4154816E+02
    -0.7066521E+02     0.4155439E+02
    -0.7066367E+02     0.4156494E+02
    -0.7066163E+02     0.4156712E+02
    -0.7065626E+02     0.4157284E+02
    -0.7065286E+02     0.4158250E+02
    -0.7065923E+02     0.4160323E+02
    -0.7065749E+02     0.4160646E+02
    -0.7065097E+02     0.4160222E+02
    -0.7064914E+02     0.4160247E+02
    -0.7064725E+02     0.4161120E+02
    -0.7065644E+02     0.4161266E+02
    -0.7065803E+02     0.4161493E+02
    -0.7065416E+02     0.4161842E+02
    -0.7065277E+02     0.4162348E+02
    -0.7064371E+02     0.4162705E+02
    -0.7064716E+02     0.4163043E+02
    -0.7065240E+02     0.4163218E+02
    -0.7065408E+02     0.4163765E+02
    -0.7065236E+02     0.4164180E+02
    -0.7065486E+02     0.4164382E+02
    -0.7065987E+02     0.4164258E+02
    -0.7065993E+02     0.4164492E+02
    -0.7065559E+02     0.4164838E+02
    -0.7064555E+02     0.4164968E+02
    -0.7064509E+02     0.4164990E+02
    -0.7063892E+02     0.4165276E+02
    -0.7063416E+02     0.4165764E+02
    -0.7062811E+02     0.4165956E+02
    -0.7062670E+02     0.4166394E+02
    -0.7062833E+02     0.4166780E+02
    -0.7063218E+02     0.4166317E+02
    -0.7065365E+02     0.4166627E+02
    -0.7065951E+02     0.4166847E+02
    -0.7065957E+02     0.4167052E+02
    -0.7065417E+02     0.4167405E+02
    -0.7064621E+02     0.4167371E+02
    -0.7063937E+02     0.4166924E+02
    -0.7063430E+02     0.4167389E+02
    -0.7062547E+02     0.4167494E+02
    -0.7062433E+02     0.4167794E+02
    -0.7062997E+02     0.4168311E+02
    -0.7062979E+02     0.4168769E+02
    -0.7063467E+02     0.4168739E+02
    -0.7063980E+02     0.4168502E+02
    -0.7064271E+02     0.4167949E+02
    -0.7064772E+02     0.4168422E+02
    -0.7064484E+02     0.4168882E+02
    -0.7063934E+02     0.4169452E+02
    -0.7064309E+02     0.4169419E+02
    -0.7065420E+02     0.4168618E+02
    -0.7066729E+02     0.4168460E+02
    -0.7066676E+02     0.4168758E+02
    -0.7065746E+02     0.4169368E+02
    -0.7065481E+02     0.4169738E+02
    -0.7063088E+02     0.4170530E+02
    -0.7062762E+02     0.4170901E+02
    -0.7062262E+02     0.4172763E+02
    -0.7061299E+02     0.4173327E+02
    -0.7061457E+02     0.4173531E+02
    -0.7061794E+02     0.4173549E+02
    -0.7063430E+02     0.4172974E+02
    -0.7064479E+02     0.4172004E+02
    -0.7064709E+02     0.4172198E+02
    -0.7064384E+02     0.4172793E+02
    -0.7063568E+02     0.4173282E+02
    -0.7063106E+02     0.4173414E+02
    -0.7062971E+02     0.4174029E+02
    -0.7062971E+02     0.4174029E+02
    -0.7063122E+02     0.4174576E+02
    -0.7063122E+02     0.4174576E+02
    -0.7063198E+02     0.4174557E+02
    -0.7063414E+02     0.4174646E+02
    -0.7063067E+02     0.4175361E+02
    -0.7062220E+02     0.4175717E+02
    -0.7061900E+02     0.4176340E+02
    -0.7061453E+02     0.4176218E+02
    -0.7061346E+02     0.4176188E+02
    -0.7061140E+02     0.4176535E+02
    -0.7061455E+02     0.4176850E+02
    -0.7062766E+02     0.4176647E+02
    -0.7063531E+02     0.4176704E+02
    -0.7063828E+02     0.4176333E+02
    -0.7064066E+02     0.4174979E+02
    -0.7064572E+02     0.4174491E+02
    -0.7064474E+02     0.4174240E+02
    -0.7064712E+02     0.4174008E+02
    -0.7065112E+02     0.4174093E+02
    -0.7065924E+02     0.4174699E+02
    -0.7066029E+02     0.4175201E+02
    -0.7066530E+02     0.4175582E+02
    -0.7066796E+02     0.4175257E+02
    -0.7066630E+02     0.4174802E+02
    -0.7066837E+02     0.4174524E+02
    -0.7067548E+02     0.4174788E+02
    -0.7068468E+02     0.4174911E+02
    -0.7068616E+02     0.4174725E+02
    -0.7067396E+02     0.4173737E+02
    -0.7066634E+02     0.4173841E+02
    -0.7066240E+02     0.4173636E+02
    -0.7065393E+02     0.4173196E+02
    -0.7065475E+02     0.4172874E+02
    -0.7066240E+02     0.4172863E+02
    -0.7066295E+02     0.4172633E+02
    -0.7065919E+02     0.4172341E+02
    -0.7066019E+02     0.4171538E+02
    -0.7067829E+02     0.4169564E+02
    -0.7068194E+02     0.4169490E+02
    -0.7068262E+02     0.4169741E+02
    -0.7066631E+02     0.4171529E+02
    -0.7066458E+02     0.4171921E+02
    -0.7067318E+02     0.4172044E+02
    -0.7068571E+02     0.4173146E+02
    -0.7068551E+02     0.4173490E+02
    -0.7068707E+02     0.4173579E+02
    -0.7069125E+02     0.4173252E+02
    -0.7069827E+02     0.4173195E+02
    -0.7069791E+02     0.4172667E+02
    -0.7071396E+02     0.4173514E+02
    -0.7071407E+02     0.4173903E+02
    -0.7070842E+02     0.4174484E+02
    -0.7071313E+02     0.4174889E+02
    -0.7070773E+02     0.4175264E+02
    -0.7071897E+02     0.4176070E+02
    -0.7072060E+02     0.4175335E+02
    -0.7072620E+02     0.4175669E+02
    -0.7073077E+02     0.4175593E+02
    -0.7072697E+02     0.4175164E+02
    -0.7072749E+02     0.4174865E+02
    -0.7072137E+02     0.4174829E+02
    -0.7072005E+02     0.4174534E+02
    -0.7072424E+02     0.4174184E+02
    -0.7073429E+02     0.4174030E+02
    -0.7073668E+02     0.4173843E+02
    -0.7072880E+02     0.4173032E+02
    -0.7073214E+02     0.4172935E+02
    -0.7074243E+02     0.4173651E+02
    -0.7074707E+02     0.4173804E+02
    -0.7075396E+02     0.4173450E+02
    -0.7075365E+02     0.4173312E+02
    -0.7073595E+02     0.4172357E+02
    -0.7072867E+02     0.4171521E+02
    -0.7072282E+02     0.4171348E+02
    -0.7072150E+02     0.4171006E+02
    -0.7072355E+02     0.4170728E+02
    -0.7073308E+02     0.4170896E+02
    -0.7073458E+02     0.4170802E+02
    -0.7073071E+02     0.4170099E+02
    -0.7072611E+02     0.4170060E+02
    -0.7072476E+02     0.4169605E+02
    -0.7072645E+02     0.4168045E+02
    -0.7072950E+02     0.4168018E+02
    -0.7074112E+02     0.4169120E+02
    -0.7074795E+02     0.4169476E+02
    -0.7074281E+02     0.4169690E+02
    -0.7075294E+02     0.4170864E+02
    -0.7076009E+02     0.4170828E+02
    -0.7076347E+02     0.4171327E+02
    -0.7076301E+02     0.4171855E+02
    -0.7076490E+02     0.4172057E+02
    -0.7077166E+02     0.4172161E+02
    -0.7077454E+02     0.4171538E+02
    -0.7077319E+02     0.4171105E+02
    -0.7076109E+02     0.4169454E+02
    -0.7076128E+02     0.4169110E+02
    -0.7075546E+02     0.4167999E+02
    -0.7075750E+02     0.4167652E+02
    -0.7076495E+02     0.4168029E+02
    -0.7077077E+02     0.4168111E+02
    -0.7077162E+02     0.4167880E+02
    -0.7076694E+02     0.4167545E+02
    -0.7076624E+02     0.4166218E+02
    -0.7076849E+02     0.4165551E+02
    -0.7077267E+02     0.4165246E+02
    -0.7077586E+02     0.4164668E+02
    -0.7078082E+02     0.4164889E+02
    -0.7077923E+02     0.4165310E+02
    -0.7079475E+02     0.4165530E+02
    -0.7080540E+02     0.4165420E+02
    -0.7081075E+02     0.4165938E+02
    -0.7082220E+02     0.4166422E+02
    -0.7082526E+02     0.4166417E+02
    -0.7082690E+02     0.4165796E+02
    -0.7083319E+02     0.4165373E+02
    -0.7082193E+02     0.4164499E+02
    -0.7081367E+02     0.4164445E+02
    -0.7080930E+02     0.4164154E+02
    -0.7080733E+02     0.4163700E+02
    -0.7080902E+02     0.4163216E+02
    -0.7081503E+02     0.4162886E+02
    -0.7082024E+02     0.4162968E+02
    -0.7083018E+02     0.4163501E+02
    -0.7083487E+02     0.4162875E+02
    -0.7084251E+02     0.4162885E+02
    -0.7085175E+02     0.4163166E+02
    -0.7085564E+02     0.4163190E+02
    -0.7086337E+02     0.4163238E+02
    -0.7086530E+02     0.4163532E+02
    -0.7087054E+02     0.4163729E+02
    -0.7087246E+02     0.4162993E+02
    -0.7086630E+02     0.4162844E+02
    -0.7086256E+02     0.4162576E+02
    -0.7085381E+02     0.4160942E+02
    -0.7085734E+02     0.4160501E+02
    -0.7085378E+02     0.4159821E+02
    -0.7085811E+02     0.4159035E+02
    -0.7086203E+02     0.4158891E+02
    -0.7086452E+02     0.4160031E+02
    -0.7086796E+02     0.4160300E+02
    -0.7086653E+02     0.4160623E+02
    -0.7087666E+02     0.4162757E+02
    -0.7089240E+02     0.4163279E+02
    -0.7089788E+02     0.4163269E+02
    -0.7090324E+02     0.4162824E+02
    -0.7090633E+02     0.4162956E+02
    -0.7092371E+02     0.4166679E+02
    -0.7092129E+02     0.4167714E+02
    -0.7092474E+02     0.4168005E+02
    -0.7092809E+02     0.4167976E+02
    -0.7093051E+02     0.4166942E+02
    -0.7092893E+02     0.4165846E+02
    -0.7093047E+02     0.4164928E+02
    -0.7092775E+02     0.4164040E+02
    -0.7091916E+02     0.4162489E+02
    -0.7090379E+02     0.4159710E+02
    -0.7090554E+02     0.4159478E+02
    -0.7091348E+02     0.4159510E+02
    -0.7091755E+02     0.4159823E+02
    -0.7092523E+02     0.4160954E+02
    -0.7093148E+02     0.4161400E+02
    -0.7093546E+02     0.4161439E+02
    -0.7093902E+02     0.4161112E+02
    -0.7093216E+02     0.4159705E+02
    -0.7093954E+02     0.4157998E+02
    -0.7094413E+02     0.4158035E+02
    -0.7094975E+02     0.4158414E+02
    -0.7096012E+02     0.4159610E+02
    -0.7096559E+02     0.4160240E+02
    -0.7096889E+02     0.4160073E+02
    -0.7097068E+02     0.4158994E+02
    -0.7096844E+02     0.4158655E+02
    -0.7096484E+02     0.4158845E+02
    -0.7095904E+02     0.4158855E+02
    -0.7095814E+02     0.4157941E+02
    -0.7094912E+02     0.4157431E+02
    -0.7094173E+02     0.4156277E+02
    -0.7094001E+02     0.4155662E+02
    -0.7094074E+02     0.4155089E+02
    -0.7093594E+02     0.4154388E+02
    -0.7093770E+02     0.4154156E+02
    -0.7094535E+02     0.4154256E+02
    -0.7095255E+02     0.4153854E+02
    -0.7095953E+02     0.4152857E+02
    -0.7096143E+02     0.4152121E+02
    -0.7096354E+02     0.4152048E+02
    -0.7096635E+02     0.4152272E+02
    -0.7096679E+02     0.4152653E+02
    -0.7096721E+02     0.4153026E+02
    -0.7096980E+02     0.4153479E+02
    -0.7097604E+02     0.4153948E+02
    -0.7097804E+02     0.4154448E+02
    -0.7097985E+02     0.4154399E+02
    -0.7098063E+02     0.4153986E+02
    -0.7098331E+02     0.4153775E+02
    -0.7098685E+02     0.4154363E+02
    -0.7099528E+02     0.4154943E+02
    -0.7100265E+02     0.4155112E+02
    -0.7100612E+02     0.4155449E+02
    -0.7100951E+02     0.4156473E+02
    -0.7101169E+02     0.4156606E+02
    -0.7101379E+02     0.4156511E+02
    -0.7101546E+02     0.4155134E+02
    -0.7101312E+02     0.4154520E+02
    -0.7100938E+02     0.4154253E+02
    -0.7100510E+02     0.4154215E+02
    -0.7100060E+02     0.4154429E+02
    -0.7099594E+02     0.4154186E+02
    -0.7099390E+02     0.4153526E+02
    -0.7098874E+02     0.4153604E+02
    -0.7098622E+02     0.4153357E+02
    -0.7098424E+02     0.4152903E+02
    -0.7098502E+02     0.4152613E+02
    -0.7098723E+02     0.4151799E+02
    -0.7098670E+02     0.4151113E+02
    -0.7099094E+02     0.4151036E+02
    -0.7101392E+02     0.4151405E+02
    -0.7102209E+02     0.4151230E+02
    -0.7103963E+02     0.4149938E+02
    -0.7104150E+02     0.4149179E+02
    -0.7104073E+02     0.4148700E+02
    -0.7104341E+02     0.4148511E+02
    -0.7105061E+02     0.4149963E+02
    -0.7106088E+02     0.4150607E+02
    -0.7106767E+02     0.4150868E+02
    -0.7109160E+02     0.4151205E+02
    -0.7109340E+02     0.4151230E+02
    -0.7109409E+02     0.4151458E+02
    -0.7109020E+02     0.4151694E+02
    -0.7107432E+02     0.4151588E+02
    -0.7106418E+02     0.4151333E+02
    -0.7105941E+02     0.4151662E+02
    -0.7105607E+02     0.4151692E+02
    -0.7104271E+02     0.4150939E+02
    -0.7103937E+02     0.4150968E+02
    -0.7103854E+02     0.4151221E+02
    -0.7104269E+02     0.4151763E+02
    -0.7105718E+02     0.4152285E+02
    -0.7106779E+02     0.4152081E+02
    -0.7106966E+02     0.4152238E+02
    -0.7105522E+02     0.4152792E+02
    -0.7105376E+02     0.4152978E+02
    -0.7105885E+02     0.4154479E+02
    -0.7105771E+02     0.4154710E+02
    -0.7105255E+02     0.4154789E+02
    -0.7105140E+02     0.4154997E+02
    -0.7106218E+02     0.4155692E+02
    -0.7106618E+02     0.4156319E+02
    -0.7107140E+02     0.4156424E+02
    -0.7107744E+02     0.4156229E+02
    -0.7107913E+02     0.4156729E+02
    -0.7107026E+02     0.4160203E+02
    -0.7106512E+02     0.4161243E+02
    -0.7106773E+02     0.4161719E+02
    -0.7107104E+02     0.4161575E+02
    -0.7107458E+02     0.4160355E+02
    -0.7107836E+02     0.4159798E+02
    -0.7108498E+02     0.4156878E+02
    -0.7108391E+02     0.4156705E+02
    -0.7107497E+02     0.4155272E+02
    -0.7107125E+02     0.4154203E+02
    -0.7107848E+02     0.4152152E+02
    -0.7108530E+02     0.4152482E+02
    -0.7108847E+02     0.4151973E+02
    -0.7109816E+02     0.4153533E+02
    -0.7110623E+02     0.4153952E+02
    -0.7111422E+02     0.4155013E+02
    -0.7112655E+02     0.4155195E+02
    -0.7112655E+02     0.4155195E+02
    -0.7112965E+02     0.4158000E+02
    -0.7113226E+02     0.4159322E+02
    -0.7113939E+02     0.4160754E+02
    -0.7114242E+02     0.4162027E+02
    -0.7114269E+02     0.4163980E+02
    -0.7114269E+02     0.4163980E+02
    -0.7114201E+02     0.4166458E+02
    -0.7117839E+02     0.4166922E+02
    -0.7120734E+02     0.4167751E+02
    -0.7120734E+02     0.4167751E+02
    -0.7120092E+02     0.4168711E+02
    -0.7117958E+02     0.4170541E+02
    -0.7117786E+02     0.4170842E+02
    -0.7117786E+02     0.4170842E+02
    -0.7117753E+02     0.4171644E+02
    -0.7117946E+02     0.4171892E+02
    -0.7117946E+02     0.4171892E+02
    -0.7118758E+02     0.4171532E+02
    -0.7120099E+02     0.4171413E+02
    -0.7120294E+02     0.4171730E+02
    -0.7120111E+02     0.4172580E+02
    -0.7119756E+02     0.4173755E+02
    -0.7119434E+02     0.4174128E+02
    -0.7119658E+02     0.4174421E+02
    -0.7120018E+02     0.4174231E+02
    -0.7121080E+02     0.4171484E+02
    -0.7121473E+02     0.4171362E+02
    -0.7122462E+02     0.4171639E+02
    -0.7121546E+02     0.4172528E+02
    -0.7122570E+02     0.4172919E+02
    -0.7122089E+02     0.4173135E+02
    -0.7121891E+02     0.4173574E+02
    -0.7121380E+02     0.4173814E+02
    -0.7121355E+02     0.4173863E+02
    -0.7121037E+02     0.4174485E+02
    -0.7121168E+02     0.4174711E+02
    -0.7122277E+02     0.4174093E+02
    -0.7122686E+02     0.4173581E+02
    -0.7123294E+02     0.4173476E+02
    -0.7123493E+02     0.4173083E+02
    -0.7123081E+02     0.4171856E+02
    -0.7123397E+02     0.4171299E+02
    -0.7123438E+02     0.4171261E+02
    -0.7123438E+02     0.4171261E+02
    -0.7123685E+02     0.4171586E+02
    -0.7123983E+02     0.4172120E+02
    -0.7125027E+02     0.4173985E+02
    -0.7125734E+02     0.4174909E+02
    -0.7125734E+02     0.4174909E+02
    -0.7126614E+02     0.4175531E+02
    -0.7128260E+02     0.4176184E+02
    -0.7128715E+02     0.4176423E+02
    -0.7128715E+02     0.4176423E+02
    -0.7128527E+02     0.4176778E+02
    -0.7128874E+02     0.4177069E+02
    -0.7129307E+02     0.4177174E+02
    -0.7129387E+02     0.4176778E+02
    -0.7129387E+02     0.4176778E+02
    -0.7129447E+02     0.4176809E+02
    -0.7131101E+02     0.4177680E+02
    -0.7131737E+02     0.4178285E+02
    -0.7132760E+02     0.4178629E+02
    -0.7133482E+02     0.4180848E+02
    -0.7134038E+02     0.4181601E+02
    -0.7134369E+02     0.4182511E+02
    -0.7134394E+02     0.4183092E+02
    -0.7133775E+02     0.4185109E+02
    -0.7133788E+02     0.4187833E+02
    -0.7133788E+02     0.4187833E+02
    -0.7134153E+02     0.4191231E+02
    -0.7138073E+02     0.4190866E+02
    -0.7138117E+02     0.4192410E+02
    -0.7138117E+02     0.4192410E+02
    -0.7138244E+02     0.4195132E+02
    -0.7138214E+02     0.4195273E+02
    -0.7137856E+02     0.4196972E+02
    -0.7138016E+02     0.4197930E+02
    -0.7137759E+02     0.4201553E+02
    -0.7138020E+02     0.4201937E+02
    -0.7140332E+02     0.4202115E+02
    -0.7145840E+02     0.4201913E+02
    -0.7146714E+02     0.4201880E+02
    -0.7162720E+02     0.4201657E+02
    -0.7163604E+02     0.4201645E+02
    -0.7179592E+02     0.4201177E+02
    -0.7179791E+02     0.4202443E+02
    -0.7193858E+02     0.4202627E+02
    -0.7194959E+02     0.4202711E+02
    -0.7195926E+02     0.4202784E+02
    -0.7201517E+02     0.4202723E+02
    -0.7205307E+02     0.4202892E+02
    -0.7211834E+02     0.4202969E+02
    -0.7215611E+02     0.4203011E+02
    -0.7216203E+02     0.4203154E+02
    -0.7218965E+02     0.4203074E+02
    -0.7228687E+02     0.4203204E+02
    -0.7245574E+02     0.4203409E+02
    -0.7251978E+02     0.4203481E+02
    -0.7257647E+02     0.4203201E+02
    -0.7258906E+02     0.4202899E+02
    -0.7262359E+02     0.4203225E+02
    -0.7266748E+02     0.4203636E+02
    -0.7273219E+02     0.4203853E+02
    -0.7275056E+02     0.4203698E+02
    -0.7275468E+02     0.4203409E+02
    -0.7276569E+02     0.4200875E+02
    -0.7276732E+02     0.4200502E+02
    -0.7281753E+02     0.4199913E+02
    -0.7281628E+02     0.4203876E+02
    -0.7284103E+02     0.4203796E+02
    -0.7287582E+02     0.4203864E+02
    -0.7304467E+02     0.4204179E+02
    -0.7312530E+02     0.4204320E+02
    -0.7318491E+02     0.4204667E+02
    -0.7320360E+02     0.4204549E+02
    -0.7321320E+02     0.4204660E+02
    -0.7321849E+02     0.4204721E+02
    -0.7338195E+02     0.4205181E+02
    -0.7348827E+02     0.4205466E+02
    -0.7349723E+02     0.4205492E+02
    -0.7349857E+02     0.4205647E+02
    -0.7350604E+02     0.4208252E+02
    -0.7350665E+02     0.4209900E+02
    -0.7349052E+02     0.4214261E+02
    -0.7344554E+02     0.4226397E+02
    -0.7340038E+02     0.4238531E+02
    -0.7339580E+02     0.4239758E+02
    -0.7336401E+02     0.4248893E+02
    -0.7335663E+02     0.4250695E+02
    -0.7333394E+02     0.4256233E+02
    -0.7333430E+02     0.4256736E+02
    -0.7331280E+02     0.4262252E+02
    -0.7331118E+02     0.4262799E+02
    -0.7330579E+02     0.4264618E+02
    -0.7326611E+02     0.4274939E+02
    -0.7309534E+02     0.4274504E+02
    -0.7294507E+02     0.4274100E+02
    -0.7292460E+02     0.4274173E+02
    -0.7291030E+02     0.4274224E+02
    -0.7288337E+02     0.4273952E+02
    -0.7275407E+02     0.4273690E+02
    -0.7258331E+02     0.4273322E+02
    -0.7250243E+02     0.4273139E+02
    -0.7246210E+02     0.4272920E+02
    -0.7229142E+02     0.4272415E+02
    -0.7214262E+02     0.4271953E+02
    -0.7212075E+02     0.4271955E+02
    -0.7208491E+02     0.4271956E+02
    -0.7205453E+02     0.4271742E+02
    -0.7201975E+02     0.4271838E+02
    -0.7199164E+02     0.4271571E+02
    -0.7195036E+02     0.4271526E+02
    -0.7185200E+02     0.4271414E+02
    -0.7177967E+02     0.4271177E+02
    -0.7160909E+02     0.4270600E+02
    -0.7154166E+02     0.4270365E+02
    -0.7143842E+02     0.4270241E+02
    -0.7136225E+02     0.4270143E+02
    -0.7130614E+02     0.4269579E+02
    -0.7128828E+02     0.4270005E+02
    -0.7127793E+02     0.4271194E+02
    -0.7125821E+02     0.4273457E+02
    -0.7124670E+02     0.4274259E+02
    -0.7123376E+02     0.4274583E+02
    -0.7120801E+02     0.4274726E+02
    -0.7118044E+02     0.4274190E+02
    -0.7118018E+02     0.4276019E+02
    -0.7118394E+02     0.4277891E+02
    -0.7118513E+02     0.4278482E+02
    -0.7118297E+02     0.4279380E+02
    -0.7116205E+02     0.4281757E+02
    -0.7113362E+02     0.4282339E+02
    -0.7112121E+02     0.4282455E+02
    -0.7110770E+02     0.4282114E+02
    -0.7110691E+02     0.4281965E+02
    -0.7106183E+02     0.4280896E+02
    -0.7106097E+02     0.4281351E+02
    -0.7105894E+02     0.4282436E+02
    -0.7104308E+02     0.4285462E+02
    -0.7102943E+02     0.4286164E+02
    -0.7101103E+02     0.4286476E+02
    -0.7099332E+02     0.4286504E+02
    -0.7097575E+02     0.4286893E+02
    -0.7094040E+02     0.4288365E+02
    -0.7093149E+02     0.4288735E+02
    -0.7091533E+02     0.4288878E+02
    -0.7088628E+02     0.4288676E+02
    -0.7087352E+02     0.4287737E+02
    -0.7086499E+02     0.4287362E+02
    -0.7085953E+02     0.4286822E+02
    -0.7084208E+02     0.4286828E+02
    -0.7082845E+02     0.4287433E+02
    -0.7082057E+02     0.4287517E+02
END
21
    -0.7002094E+02     0.4189798E+02
    -0.7001152E+02     0.4189291E+02
    -0.7002534E+02     0.4189438E+02
    -0.7002971E+02     0.4189846E+02
    -0.7002730E+02     0.4190100E+02
    -0.7001873E+02     0.4190200E+02
    -0.7000819E+02     0.4189501E+02
    -0.7001152E+02     0.4189291E+02
END
22
    -0.7008578E+02     0.4127781E+02
    -0.7000000E+02     0.4132809E+02
    -0.6999604E+02     0.4132433E+02
    -0.6998663E+02     0.4130634E+02
    -0.6997075E+02     0.4128247E+02
    -0.6996888E+02     0.4127426E+02
    -0.6996846E+02     0.4127242E+02
    -0.6997045E+02     0.4126394E+02
    -0.6997636E+02     0.4125450E+02
    -0.6998534E+02     0.4124755E+02
    -0.7000000E+02     0.4124223E+02
    -0.7001640E+02     0.4123627E+02
    -0.7002579E+02     0.4123595E+02
    -0.7006287E+02     0.4123993E+02
    -0.7009209E+02     0.4124488E+02
    -0.7010669E+02     0.4124269E+02
    -0.7011992E+02     0.4124070E+02
    -0.7014735E+02     0.4124750E+02
    -0.7015981E+02     0.4124873E+02
    -0.7016951E+02     0.4125133E+02
    -0.7017986E+02     0.4125343E+02
    -0.7021637E+02     0.4126983E+02
    -0.7023223E+02     0.4127400E+02
    -0.7024387E+02     0.4127912E+02
    -0.7024332E+02     0.4128188E+02
    -0.7023756E+02     0.4128194E+02
    -0.7023197E+02     0.4128032E+02
    -0.7022168E+02     0.4127732E+02
    -0.7021441E+02     0.4127810E+02
    -0.7020737E+02     0.4127520E+02
    -0.7020381E+02     0.4127936E+02
    -0.7020477E+02     0.4128187E+02
    -0.7020126E+02     0.4128809E+02
    -0.7020434E+02     0.4129057E+02
    -0.7021711E+02     0.4129156E+02
    -0.7021442E+02     0.4129388E+02
    -0.7019141E+02     0.4129667E+02
    -0.7015494E+02     0.4129478E+02
    -0.7013430E+02     0.4129523E+02
    -0.7011947E+02     0.4129745E+02
    -0.7011520E+02     0.4129659E+02
    -0.7010996E+02     0.4129252E+02
    -0.7010509E+02     0.4129211E+02
    -0.7010172E+02     0.4129009E+02
    -0.7010468E+02     0.4128594E+02
    -0.7010401E+02     0.4128275E+02
    -0.7009940E+02     0.4127936E+02
    -0.7009424E+02     0.4127964E+02
    -0.7008559E+02     0.4128774E+02
    -0.7007829E+02     0.4128736E+02
    -0.7006998E+02     0.4129729E+02
    -0.7004631E+02     0.4129821E+02
    -0.7003461E+02     0.4130679E+02
    -0.7003204E+02     0.4129858E+02
    -0.7002930E+02     0.4129792E+02
    -0.7002759E+02     0.4130412E+02
    -0.7002253E+02     0.4130643E+02
    -0.7002096E+02     0.4130716E+02
    -0.7003223E+02     0.4130933E+02
    -0.7003561E+02     0.4131136E+02
    -0.7003626E+02     0.4131410E+02
    -0.7001697E+02     0.4132253E+02
    -0.7001253E+02     0.4132898E+02
    -0.7001170E+02     0.4133379E+02
    -0.7001878E+02     0.4133944E+02
    -0.7002100E+02     0.4134446E+02
    -0.7002493E+02     0.4134327E+02
    -0.7003101E+02     0.4134390E+02
    -0.7003372E+02     0.4134273E+02
    -0.7004588E+02     0.4132522E+02
    -0.7005011E+02     0.4132426E+02
    -0.7005395E+02     0.4131827E+02
    -0.7006059E+02     0.4131592E+02
    -0.7006475E+02     0.4131061E+02
    -0.7007644E+02     0.4130225E+02
    -0.7008160E+02     0.4130220E+02
    -0.7008165E+02     0.4130495E+02
    -0.7004515E+02     0.4133598E+02
    -0.7003600E+02     0.4135117E+02
    -0.7003314E+02     0.4136150E+02
    -0.7003422E+02     0.4137087E+02
    -0.7004042E+02     0.4137813E+02
    -0.7005800E+02     0.4139191E+02
    -0.7005592E+02     0.4139468E+02
    -0.7005103E+02     0.4139359E+02
    -0.7004149E+02     0.4138682E+02
    -0.7003034E+02     0.4137548E+02
    -0.7001309E+02     0.4134430E+02
    -0.7000654E+02     0.4133430E+02
    -0.7000000E+02     0.4132809E+02
END
END
