midway_islands
1
    -0.1783057E+03     0.2839404E+02
    -0.1783048E+03     0.2839839E+02
    -0.1782992E+03     0.2839700E+02
    -0.1782978E+03     0.2839465E+02
    -0.1782978E+03     0.2839228E+02
    -0.1783010E+03     0.2839053E+02
    -0.1783052E+03     0.2838956E+02
    -0.1783084E+03     0.2838844E+02
    -0.1783125E+03     0.2839000E+02
    -0.1783147E+03     0.2839156E+02
    -0.1783128E+03     0.2839567E+02
    -0.1783094E+03     0.2839805E+02
    -0.1783048E+03     0.2839839E+02
END
2
    -0.1773297E+03     0.2821185E+02
    -0.1773300E+03     0.2821493E+02
    -0.1773266E+03     0.2821974E+02
    -0.1773211E+03     0.2821697E+02
    -0.1773193E+03     0.2821031E+02
    -0.1773227E+03     0.2820894E+02
    -0.1773336E+03     0.2820827E+02
    -0.1773401E+03     0.2820875E+02
    -0.1773401E+03     0.2821151E+02
    -0.1773375E+03     0.2821380E+02
    -0.1773300E+03     0.2821493E+02
END
3
    -0.1773750E+03     0.2821099E+02
    -0.1773920E+03     0.2819967E+02
    -0.1773868E+03     0.2820792E+02
    -0.1773845E+03     0.2821573E+02
    -0.1773793E+03     0.2821917E+02
    -0.1773660E+03     0.2821960E+02
    -0.1773593E+03     0.2821981E+02
    -0.1773585E+03     0.2821843E+02
    -0.1773624E+03     0.2821569E+02
    -0.1773650E+03     0.2820857E+02
    -0.1773749E+03     0.2820652E+02
    -0.1773860E+03     0.2820218E+02
    -0.1773920E+03     0.2819967E+02
END
4
    -0.1739638E+03     0.2606754E+02
    -0.1739641E+03     0.2605979E+02
    -0.1739652E+03     0.2606441E+02
    -0.1739684E+03     0.2606841E+02
    -0.1739691E+03     0.2607233E+02
    -0.1739659E+03     0.2607454E+02
    -0.1739610E+03     0.2606890E+02
    -0.1739564E+03     0.2606325E+02
    -0.1739563E+03     0.2605843E+02
    -0.1739611E+03     0.2605879E+02
    -0.1739641E+03     0.2605979E+02
END
5
    -0.1717314E+03     0.2576772E+02
    -0.1717336E+03     0.2575284E+02
    -0.1717348E+03     0.2575289E+02
    -0.1717388E+03     0.2575513E+02
    -0.1717414E+03     0.2576261E+02
    -0.1717404E+03     0.2576716E+02
    -0.1717371E+03     0.2577207E+02
    -0.1717320E+03     0.2577691E+02
    -0.1717263E+03     0.2577918E+02
    -0.1717225E+03     0.2577833E+02
    -0.1717189E+03     0.2577495E+02
    -0.1717214E+03     0.2577069E+02
    -0.1717243E+03     0.2576415E+02
    -0.1717257E+03     0.2575686E+02
    -0.1717292E+03     0.2575380E+02
    -0.1717336E+03     0.2575284E+02
END
END
