minnesota
1
    -0.9059536E+02     0.4732892E+02
    -0.9200351E+02     0.4670221E+02
    -0.9200555E+02     0.4670711E+02
    -0.9200831E+02     0.4670785E+02
    -0.9201783E+02     0.4671294E+02
    -0.9206281E+02     0.4675517E+02
    -0.9206735E+02     0.4676430E+02
    -0.9207863E+02     0.4677682E+02
    -0.9208006E+02     0.4678464E+02
    -0.9207659E+02     0.4678875E+02
    -0.9206608E+02     0.4679538E+02
    -0.9204832E+02     0.4680290E+02
    -0.9203729E+02     0.4681323E+02
    -0.9202041E+02     0.4681978E+02
    -0.9201142E+02     0.4682791E+02
    -0.9199568E+02     0.4683048E+02
    -0.9198240E+02     0.4684163E+02
    -0.9196534E+02     0.4684956E+02
    -0.9195054E+02     0.4685782E+02
    -0.9192284E+02     0.4687326E+02
    -0.9191344E+02     0.4687566E+02
    -0.9190250E+02     0.4688184E+02
    -0.9187878E+02     0.4690071E+02
    -0.9186160E+02     0.4690519E+02
    -0.9184708E+02     0.4691226E+02
    -0.9183905E+02     0.4692031E+02
    -0.9183456E+02     0.4692196E+02
    -0.9181639E+02     0.4692144E+02
    -0.9180763E+02     0.4692380E+02
    -0.9180518E+02     0.4692612E+02
    -0.9179596E+02     0.4693482E+02
    -0.9177536E+02     0.4693903E+02
    -0.9176832E+02     0.4694174E+02
    -0.9176923E+02     0.4694628E+02
    -0.9174107E+02     0.4697043E+02
    -0.9171159E+02     0.4699213E+02
    -0.9170019E+02     0.4699762E+02
    -0.9167880E+02     0.4700117E+02
    -0.9167421E+02     0.4700517E+02
    -0.9167033E+02     0.4700855E+02
    -0.9166444E+02     0.4700981E+02
    -0.9165752E+02     0.4700815E+02
    -0.9165302E+02     0.4700978E+02
    -0.9165099E+02     0.4701771E+02
    -0.9164565E+02     0.4702077E+02
    -0.9163432E+02     0.4702143E+02
    -0.9163168E+02     0.4702456E+02
    -0.9163525E+02     0.4703170E+02
    -0.9161361E+02     0.4704947E+02
    -0.9160111E+02     0.4705708E+02
    -0.9158954E+02     0.4705866E+02
    -0.9158185E+02     0.4706438E+02
    -0.9156290E+02     0.4708520E+02
    -0.9155998E+02     0.4708586E+02
    -0.9154654E+02     0.4708889E+02
    -0.9153577E+02     0.4709708E+02
    -0.9152303E+02     0.4709735E+02
    -0.9151145E+02     0.4710168E+02
    -0.9149921E+02     0.4711155E+02
    -0.9147108E+02     0.4712094E+02
    -0.9146123E+02     0.4712563E+02
    -0.9144640E+02     0.4713656E+02
    -0.9144573E+02     0.4713935E+02
    -0.9143698E+02     0.4714489E+02
    -0.9142580E+02     0.4715538E+02
    -0.9141953E+02     0.4715965E+02
    -0.9139500E+02     0.4717638E+02
    -0.9134715E+02     0.4720427E+02
    -0.9134356E+02     0.4721089E+02
    -0.9132925E+02     0.4722361E+02
    -0.9131782E+02     0.4722951E+02
    -0.9130193E+02     0.4724323E+02
    -0.9129251E+02     0.4724933E+02
    -0.9127719E+02     0.4725926E+02
    -0.9125704E+02     0.4727710E+02
    -0.9125140E+02     0.4727787E+02
    -0.9124955E+02     0.4727362E+02
    -0.9124551E+02     0.4727361E+02
    -0.9123931E+02     0.4727830E+02
    -0.9123383E+02     0.4729190E+02
    -0.9121613E+02     0.4730776E+02
    -0.9120058E+02     0.4731617E+02
    -0.9119460E+02     0.4732567E+02
    -0.9118845E+02     0.4733081E+02
    -0.9118002E+02     0.4733470E+02
    -0.9117660E+02     0.4733627E+02
    -0.9117158E+02     0.4734823E+02
    -0.9115199E+02     0.4736854E+02
    -0.9111510E+02     0.4739413E+02
    -0.9107259E+02     0.4741816E+02
    -0.9106136E+02     0.4742848E+02
    -0.9105087E+02     0.4743810E+02
    -0.9101442E+02     0.4745652E+02
    -0.9100007E+02     0.4746713E+02
    -0.9097124E+02     0.4748445E+02
    -0.9092092E+02     0.4750967E+02
    -0.9091870E+02     0.4751078E+02
    -0.9088008E+02     0.4753476E+02
    -0.9085899E+02     0.4754615E+02
    -0.9084639E+02     0.4755330E+02
    -0.9081501E+02     0.4757107E+02
    -0.9079465E+02     0.4758012E+02
    -0.9077917E+02     0.4759029E+02
    -0.9075156E+02     0.4760130E+02
    -0.9073618E+02     0.4761261E+02
    -0.9072144E+02     0.4762045E+02
    -0.9069891E+02     0.4762844E+02
    -0.9066135E+02     0.4763878E+02
    -0.9059190E+02     0.4766830E+02
    -0.9056820E+02     0.4767518E+02
    -0.9053793E+02     0.4768741E+02
    -0.9052304E+02     0.4769752E+02
    -0.9051095E+02     0.4770199E+02
    -0.9046652E+02     0.4771236E+02
    -0.9043615E+02     0.4771747E+02
    -0.9042709E+02     0.4772262E+02
    -0.9042428E+02     0.4772422E+02
    -0.9039603E+02     0.4772692E+02
    -0.9037659E+02     0.4773288E+02
    -0.9032596E+02     0.4773936E+02
    -0.9030759E+02     0.4774915E+02
    -0.9029478E+02     0.4775019E+02
    -0.9025391E+02     0.4776284E+02
    -0.9018616E+02     0.4776845E+02
    -0.9017589E+02     0.4777120E+02
    -0.9016206E+02     0.4778259E+02
    -0.9014227E+02     0.4778874E+02
    -0.9012540E+02     0.4778996E+02
    -0.9010319E+02     0.4778889E+02
    -0.9008086E+02     0.4779536E+02
    -0.9007144E+02     0.4779808E+02
    -0.9006378E+02     0.4780323E+02
    -0.9004008E+02     0.4781137E+02
    -0.9001525E+02     0.4781133E+02
    -0.9001213E+02     0.4781267E+02
    -0.9000000E+02     0.4781789E+02
    -0.9000000E+02     0.4781789E+02
    -0.9000000E+02     0.4774890E+02
    -0.9000000E+02     0.4766560E+02
    -0.9000000E+02     0.4758230E+02
    -0.9000000E+02     0.4749900E+02
    -0.9000000E+02     0.4741570E+02
    -0.9000000E+02     0.4733240E+02
    -0.9000000E+02     0.4729490E+02
    -0.9000000E+02     0.4729490E+02
    -0.9000621E+02     0.4729502E+02
    -0.9019102E+02     0.4729862E+02
    -0.9037585E+02     0.4730193E+02
    -0.9045406E+02     0.4730325E+02
    -0.9056072E+02     0.4730384E+02
    -0.9064001E+02     0.4730422E+02
    -0.9072795E+02     0.4726447E+02
    -0.9088160E+02     0.4719473E+02
    -0.9103487E+02     0.4712478E+02
    -0.9118776E+02     0.4705464E+02
    -0.9134027E+02     0.4698429E+02
    -0.9137103E+02     0.4697149E+02
    -0.9152785E+02     0.4690596E+02
    -0.9168431E+02     0.4684023E+02
    -0.9184041E+02     0.4677430E+02
    -0.9200351E+02     0.4670221E+02
END
2
    -0.9301261E+02     0.4745107E+02
    -0.9718335E+02     0.4887289E+02
    -0.9719203E+02     0.4887843E+02
    -0.9719639E+02     0.4888121E+02
    -0.9719662E+02     0.4889311E+02
    -0.9721232E+02     0.4890359E+02
    -0.9721672E+02     0.4891873E+02
    -0.9723420E+02     0.4894882E+02
    -0.9723740E+02     0.4896561E+02
    -0.9723087E+02     0.4899568E+02
    -0.9720565E+02     0.4899508E+02
    -0.9711415E+02     0.4899398E+02
    -0.9710603E+02     0.4899618E+02
    -0.9701553E+02     0.4899630E+02
    -0.9700689E+02     0.4899630E+02
    -0.9699945E+02     0.4899503E+02
    -0.9688906E+02     0.4899738E+02
    -0.9682502E+02     0.4899714E+02
    -0.9676762E+02     0.4899689E+02
    -0.9670238E+02     0.4899850E+02
    -0.9668791E+02     0.4899636E+02
    -0.9668800E+02     0.4899727E+02
    -0.9663915E+02     0.4899564E+02
    -0.9663615E+02     0.4899567E+02
    -0.9644536E+02     0.4899720E+02
    -0.9629303E+02     0.4899819E+02
    -0.9626788E+02     0.4899686E+02
    -0.9625470E+02     0.4899776E+02
    -0.9623781E+02     0.4899892E+02
    -0.9621449E+02     0.4899865E+02
    -0.9620740E+02     0.4899709E+02
    -0.9607206E+02     0.4899589E+02
    -0.9606454E+02     0.4899693E+02
    -0.9606313E+02     0.4899713E+02
    -0.9600294E+02     0.4899654E+02
    -0.9597539E+02     0.4899980E+02
    -0.9595767E+02     0.4899997E+02
    -0.9595090E+02     0.4899792E+02
    -0.9592580E+02     0.4899697E+02
    -0.9587494E+02     0.4899716E+02
    -0.9568412E+02     0.4899768E+02
    -0.9556197E+02     0.4899784E+02
    -0.9555698E+02     0.4899617E+02
    -0.9552512E+02     0.4899763E+02
    -0.9549400E+02     0.4899773E+02
    -0.9543479E+02     0.4899790E+02
    -0.9539330E+02     0.4899680E+02
    -0.9520250E+02     0.4899593E+02
    -0.9516467E+02     0.4899572E+02
    -0.9516563E+02     0.4909640E+02
    -0.9516682E+02     0.4922198E+02
    -0.9516803E+02     0.4934757E+02
    -0.9516843E+02     0.4938861E+02
    -0.9516071E+02     0.4938837E+02
    -0.9513501E+02     0.4937010E+02
    -0.9512244E+02     0.4936518E+02
    -0.9509031E+02     0.4936080E+02
    -0.9508065E+02     0.4935763E+02
    -0.9504321E+02     0.4935772E+02
    -0.9500729E+02     0.4936005E+02
    -0.9500000E+02     0.4936105E+02
    -0.9499286E+02     0.4936203E+02
    -0.9498264E+02     0.4936344E+02
    -0.9496548E+02     0.4936320E+02
    -0.9495165E+02     0.4936036E+02
    -0.9492841E+02     0.4935226E+02
    -0.9488272E+02     0.4932508E+02
    -0.9487276E+02     0.4932213E+02
    -0.9483590E+02     0.4931985E+02
    -0.9482763E+02     0.4931594E+02
    -0.9482687E+02     0.4931352E+02
    -0.9482549E+02     0.4930914E+02
    -0.9483342E+02     0.4930117E+02
    -0.9483604E+02     0.4929219E+02
    -0.9483289E+02     0.4927375E+02
    -0.9482466E+02     0.4925224E+02
    -0.9481733E+02     0.4920350E+02
    -0.9482027E+02     0.4919088E+02
    -0.9482236E+02     0.4918189E+02
    -0.9482057E+02     0.4916891E+02
    -0.9479098E+02     0.4912027E+02
    -0.9477132E+02     0.4907086E+02
    -0.9475491E+02     0.4902950E+02
    -0.9473872E+02     0.4900703E+02
    -0.9473051E+02     0.4897181E+02
    -0.9472722E+02     0.4896869E+02
    -0.9472160E+02     0.4895055E+02
    -0.9471920E+02     0.4894283E+02
    -0.9469904E+02     0.4889120E+02
    -0.9468314E+02     0.4887284E+02
    -0.9468996E+02     0.4885166E+02
    -0.9468787E+02     0.4883868E+02
    -0.9469537E+02     0.4883175E+02
    -0.9470205E+02     0.4882555E+02
    -0.9470251E+02     0.4882143E+02
    -0.9469566E+02     0.4880994E+02
    -0.9468934E+02     0.4877627E+02
    -0.9468351E+02     0.4877070E+02
    -0.9465409E+02     0.4875723E+02
    -0.9463526E+02     0.4874099E+02
    -0.9461560E+02     0.4873504E+02
    -0.9461296E+02     0.4873352E+02
    -0.9459069E+02     0.4872066E+02
    -0.9457594E+02     0.4871630E+02
    -0.9455210E+02     0.4871593E+02
    -0.9452584E+02     0.4870190E+02
    -0.9450957E+02     0.4870111E+02
    -0.9450015E+02     0.4869904E+02
    -0.9447172E+02     0.4869910E+02
    -0.9445094E+02     0.4869486E+02
    -0.9443922E+02     0.4869534E+02
    -0.9441879E+02     0.4870811E+02
    -0.9440554E+02     0.4871251E+02
    -0.9439316E+02     0.4871346E+02
    -0.9437930E+02     0.4871260E+02
    -0.9435612E+02     0.4870418E+02
    -0.9434264E+02     0.4870377E+02
    -0.9432404E+02     0.4870461E+02
    -0.9429234E+02     0.4870925E+02
    -0.9427528E+02     0.4870263E+02
    -0.9426325E+02     0.4869601E+02
    -0.9425210E+02     0.4868542E+02
    -0.9425099E+02     0.4868438E+02
    -0.9424982E+02     0.4865836E+02
    -0.9424411E+02     0.4865390E+02
    -0.9423434E+02     0.4865136E+02
    -0.9420954E+02     0.4865184E+02
    -0.9415416E+02     0.4864674E+02
    -0.9410603E+02     0.4864536E+02
    -0.9410101E+02     0.4864522E+02
    -0.9407417E+02     0.4864639E+02
    -0.9404118E+02     0.4864037E+02
    -0.9400201E+02     0.4864357E+02
    -0.9397417E+02     0.4863675E+02
    -0.9392007E+02     0.4863641E+02
    -0.9386623E+02     0.4863396E+02
    -0.9385693E+02     0.4863506E+02
    -0.9384273E+02     0.4863300E+02
    -0.9383358E+02     0.4862790E+02
    -0.9382346E+02     0.4861917E+02
    -0.9382018E+02     0.4860984E+02
    -0.9380288E+02     0.4857837E+02
    -0.9380254E+02     0.4856878E+02
    -0.9380898E+02     0.4855658E+02
    -0.9380984E+02     0.4854195E+02
    -0.9380816E+02     0.4853330E+02
    -0.9380096E+02     0.4852428E+02
    -0.9376878E+02     0.4851838E+02
    -0.9376252E+02     0.4851819E+02
    -0.9374916E+02     0.4851777E+02
    -0.9372897E+02     0.4852036E+02
    -0.9368632E+02     0.4851963E+02
    -0.9363971E+02     0.4852419E+02
    -0.9362347E+02     0.4853241E+02
    -0.9361588E+02     0.4853160E+02
    -0.9360580E+02     0.4852809E+02
    -0.9358148E+02     0.4853117E+02
    -0.9358049E+02     0.4853115E+02
    -0.9354812E+02     0.4853070E+02
    -0.9350742E+02     0.4853809E+02
    -0.9348630E+02     0.4854499E+02
    -0.9347055E+02     0.4854770E+02
    -0.9346309E+02     0.4855145E+02
    -0.9345570E+02     0.4855771E+02
    -0.9345263E+02     0.4857076E+02
    -0.9345936E+02     0.4858963E+02
    -0.9345779E+02     0.4859224E+02
    -0.9345673E+02     0.4859400E+02
    -0.9342661E+02     0.4860161E+02
    -0.9340561E+02     0.4861206E+02
    -0.9339191E+02     0.4860778E+02
    -0.9338077E+02     0.4860791E+02
    -0.9336658E+02     0.4861102E+02
    -0.9336360E+02     0.4861297E+02
    -0.9335339E+02     0.4861809E+02
    -0.9335174E+02     0.4862085E+02
    -0.9335442E+02     0.4863086E+02
    -0.9334073E+02     0.4863445E+02
    -0.9327722E+02     0.4864429E+02
    -0.9325040E+02     0.4864664E+02
    -0.9324041E+02     0.4864675E+02
    -0.9322034E+02     0.4864307E+02
    -0.9320956E+02     0.4863931E+02
    -0.9320536E+02     0.4863577E+02
    -0.9319937E+02     0.4863073E+02
    -0.9318999E+02     0.4862740E+02
    -0.9316415E+02     0.4862698E+02
    -0.9314133E+02     0.4862309E+02
    -0.9310280E+02     0.4862551E+02
    -0.9305695E+02     0.4862252E+02
    -0.9302348E+02     0.4862894E+02
    -0.9301711E+02     0.4863016E+02
    -0.9299202E+02     0.4863311E+02
    -0.9298031E+02     0.4863298E+02
    -0.9297127E+02     0.4862872E+02
    -0.9296167E+02     0.4861213E+02
    -0.9295055E+02     0.4860696E+02
    -0.9293154E+02     0.4860255E+02
    -0.9290000E+02     0.4859023E+02
    -0.9286655E+02     0.4857938E+02
    -0.9283462E+02     0.4856901E+02
    -0.9282566E+02     0.4856816E+02
    -0.9281562E+02     0.4856388E+02
    -0.9277317E+02     0.4855457E+02
    -0.9274708E+02     0.4854456E+02
    -0.9272733E+02     0.4854466E+02
    -0.9268969E+02     0.4854781E+02
    -0.9267851E+02     0.4854874E+02
    -0.9265479E+02     0.4854841E+02
    -0.9264925E+02     0.4854616E+02
    -0.9264740E+02     0.4853429E+02
    -0.9264248E+02     0.4852519E+02
    -0.9264030E+02     0.4851516E+02
    -0.9264673E+02     0.4850599E+02
    -0.9265389E+02     0.4850161E+02
    -0.9265871E+02     0.4850273E+02
    -0.9270369E+02     0.4849997E+02
    -0.9271290E+02     0.4849467E+02
    -0.9271739E+02     0.4848709E+02
    -0.9271996E+02     0.4848275E+02
    -0.9272286E+02     0.4846858E+02
    -0.9272107E+02     0.4846289E+02
    -0.9271514E+02     0.4845584E+02
    -0.9269749E+02     0.4844453E+02
    -0.9268613E+02     0.4844117E+02
    -0.9267480E+02     0.4844055E+02
    -0.9266762E+02     0.4844241E+02
    -0.9258598E+02     0.4844511E+02
    -0.9258458E+02     0.4844547E+02
    -0.9255962E+02     0.4845207E+02
    -0.9253386E+02     0.4845013E+02
    -0.9251976E+02     0.4844722E+02
    -0.9250803E+02     0.4844019E+02
    -0.9248111E+02     0.4842089E+02
    -0.9247553E+02     0.4840949E+02
    -0.9247952E+02     0.4839373E+02
    -0.9248561E+02     0.4838389E+02
    -0.9248576E+02     0.4837878E+02
    -0.9248615E+02     0.4836608E+02
    -0.9248052E+02     0.4834807E+02
    -0.9246151E+02     0.4832486E+02
    -0.9241193E+02     0.4828142E+02
    -0.9240405E+02     0.4826917E+02
    -0.9237912E+02     0.4823077E+02
    -0.9237381E+02     0.4822930E+02
    -0.9232121E+02     0.4823737E+02
    -0.9227842E+02     0.4824842E+02
    -0.9227332E+02     0.4825346E+02
    -0.9227675E+02     0.4825733E+02
    -0.9228873E+02     0.4826392E+02
    -0.9230109E+02     0.4827486E+02
    -0.9230584E+02     0.4828925E+02
    -0.9230733E+02     0.4829379E+02
    -0.9231900E+02     0.4830175E+02
    -0.9231913E+02     0.4832914E+02
    -0.9230685E+02     0.4833876E+02
    -0.9230347E+02     0.4835063E+02
    -0.9229836E+02     0.4835429E+02
    -0.9227645E+02     0.4835844E+02
    -0.9225829E+02     0.4835619E+02
    -0.9224046E+02     0.4834892E+02
    -0.9222470E+02     0.4834917E+02
    -0.9222386E+02     0.4834953E+02
    -0.9218056E+02     0.4836839E+02
    -0.9216754E+02     0.4836909E+02
    -0.9214868E+02     0.4835975E+02
    -0.9214080E+02     0.4835769E+02
    -0.9211819E+02     0.4835976E+02
    -0.9210621E+02     0.4835839E+02
    -0.9208531E+02     0.4836502E+02
    -0.9207607E+02     0.4836296E+02
    -0.9206236E+02     0.4835132E+02
    -0.9206196E+02     0.4835036E+02
    -0.9205587E+02     0.4833603E+02
    -0.9205039E+02     0.4833054E+02
    -0.9202815E+02     0.4832369E+02
    -0.9202405E+02     0.4831958E+02
    -0.9203024E+02     0.4830223E+02
    -0.9202686E+02     0.4826868E+02
    -0.9202037E+02     0.4825840E+02
    -0.9200228E+02     0.4824470E+02
    -0.9200013E+02     0.4824354E+02
    -0.9198112E+02     0.4823327E+02
    -0.9197601E+02     0.4822847E+02
    -0.9196918E+02     0.4822664E+02
    -0.9194251E+02     0.4823209E+02
    -0.9192543E+02     0.4823184E+02
    -0.9190496E+02     0.4822496E+02
    -0.9188657E+02     0.4821146E+02
    -0.9187293E+02     0.4820665E+02
    -0.9185312E+02     0.4820752E+02
    -0.9183706E+02     0.4820454E+02
    -0.9183197E+02     0.4820359E+02
    -0.9181050E+02     0.4819624E+02
    -0.9179070E+02     0.4819573E+02
    -0.9175619E+02     0.4820043E+02
    -0.9174153E+02     0.4819741E+02
    -0.9173748E+02     0.4819056E+02
    -0.9173889E+02     0.4818462E+02
    -0.9173516E+02     0.4818073E+02
    -0.9172530E+02     0.4817545E+02
    -0.9171989E+02     0.4816859E+02
    -0.9170804E+02     0.4814535E+02
    -0.9170579E+02     0.4814093E+02
    -0.9170448E+02     0.4813385E+02
    -0.9170937E+02     0.4811789E+02
    -0.9170737E+02     0.4811286E+02
    -0.9168829E+02     0.4811256E+02
    -0.9167572E+02     0.4810727E+02
    -0.9166924E+02     0.4810770E+02
    -0.9166339E+02     0.4811430E+02
    -0.9165591E+02     0.4811222E+02
    -0.9165158E+02     0.4810125E+02
    -0.9164309E+02     0.4809824E+02
    -0.9160519E+02     0.4810607E+02
    -0.9159387E+02     0.4810705E+02
    -0.9157756E+02     0.4810846E+02
    -0.9157355E+02     0.4810136E+02
    -0.9158540E+02     0.4807586E+02
    -0.9158295E+02     0.4804938E+02
    -0.9157581E+02     0.4804911E+02
    -0.9154879E+02     0.4806063E+02
    -0.9150874E+02     0.4806594E+02
    -0.9150241E+02     0.4806678E+02
    -0.9147987E+02     0.4807191E+02
    -0.9146627E+02     0.4807023E+02
    -0.9144473E+02     0.4805162E+02
    -0.9143591E+02     0.4804929E+02
    -0.9142397E+02     0.4805104E+02
    -0.9140717E+02     0.4805984E+02
    -0.9136930E+02     0.4806507E+02
    -0.9134879E+02     0.4807042E+02
    -0.9134454E+02     0.4807057E+02
    -0.9129631E+02     0.4807233E+02
    -0.9125636E+02     0.4807911E+02
    -0.9123878E+02     0.4809062E+02
    -0.9121713E+02     0.4810072E+02
    -0.9120810E+02     0.4811046E+02
    -0.9120802E+02     0.4811525E+02
    -0.9119836E+02     0.4812088E+02
    -0.9118908E+02     0.4812287E+02
    -0.9117886E+02     0.4812505E+02
    -0.9111530E+02     0.4816628E+02
    -0.9106196E+02     0.4818747E+02
    -0.9104388E+02     0.4818708E+02
    -0.9103610E+02     0.4818880E+02
    -0.9101334E+02     0.4819386E+02
    -0.9095890E+02     0.4823006E+02
    -0.9094312E+02     0.4823286E+02
    -0.9090184E+02     0.4824406E+02
    -0.9087930E+02     0.4824313E+02
    -0.9087587E+02     0.4824375E+02
    -0.9086729E+02     0.4824529E+02
    -0.9086285E+02     0.4824478E+02
    -0.9085204E+02     0.4823986E+02
    -0.9084822E+02     0.4821562E+02
    -0.9084104E+02     0.4820253E+02
    -0.9083920E+02     0.4818151E+02
    -0.9083214E+02     0.4817709E+02
    -0.9081610E+02     0.4817714E+02
    -0.9081120E+02     0.4816886E+02
    -0.9080450E+02     0.4816399E+02
    -0.9079228E+02     0.4816156E+02
    -0.9078799E+02     0.4815603E+02
    -0.9078808E+02     0.4815508E+02
    -0.9078896E+02     0.4814509E+02
    -0.9079954E+02     0.4813220E+02
    -0.9079594E+02     0.4812645E+02
    -0.9078156E+02     0.4811624E+02
    -0.9077228E+02     0.4810632E+02
    -0.9076489E+02     0.4808979E+02
    -0.9075883E+02     0.4808698E+02
    -0.9073490E+02     0.4809011E+02
    -0.9072459E+02     0.4809295E+02
    -0.9069091E+02     0.4809612E+02
    -0.9064123E+02     0.4810078E+02
    -0.9062537E+02     0.4810696E+02
    -0.9060381E+02     0.4810963E+02
    -0.9058723E+02     0.4811671E+02
    -0.9057764E+02     0.4811795E+02
    -0.9057580E+02     0.4811153E+02
    -0.9058287E+02     0.4810318E+02
    -0.9057957E+02     0.4809994E+02
    -0.9055002E+02     0.4809679E+02
    -0.9054299E+02     0.4809486E+02
    -0.9052806E+02     0.4809077E+02
    -0.9049763E+02     0.4809399E+02
    -0.9048693E+02     0.4809794E+02
    -0.9047359E+02     0.4809934E+02
    -0.9045119E+02     0.4809649E+02
    -0.9042932E+02     0.4809845E+02
    -0.9039860E+02     0.4809021E+02
    -0.9038571E+02     0.4808841E+02
    -0.9036378E+02     0.4809410E+02
    -0.9034753E+02     0.4809831E+02
    -0.9033556E+02     0.4809972E+02
    -0.9030122E+02     0.4809711E+02
    -0.9024249E+02     0.4810001E+02
    -0.9018908E+02     0.4810640E+02
    -0.9017905E+02     0.4810628E+02
    -0.9014989E+02     0.4810593E+02
    -0.9010043E+02     0.4809842E+02
    -0.9007621E+02     0.4809889E+02
    -0.9006095E+02     0.4808879E+02
    -0.9003143E+02     0.4807774E+02
    -0.9001885E+02     0.4806106E+02
    -0.9001885E+02     0.4806106E+02
    -0.9001044E+02     0.4805856E+02
    -0.9000283E+02     0.4805254E+02
    -0.9000000E+02     0.4804779E+02
    -0.9000000E+02     0.4804779E+02
    -0.9000000E+02     0.4800000E+02
    -0.9000000E+02     0.4799880E+02
    -0.9000000E+02     0.4791550E+02
    -0.9000000E+02     0.4783220E+02
    -0.9000000E+02     0.4781789E+02
    -0.9000000E+02     0.4781789E+02
    -0.9001213E+02     0.4781267E+02
    -0.9001525E+02     0.4781133E+02
    -0.9004008E+02     0.4781137E+02
    -0.9006378E+02     0.4780323E+02
    -0.9007144E+02     0.4779808E+02
    -0.9008086E+02     0.4779536E+02
    -0.9010319E+02     0.4778889E+02
    -0.9012540E+02     0.4778996E+02
    -0.9014227E+02     0.4778874E+02
    -0.9016206E+02     0.4778259E+02
    -0.9017589E+02     0.4777120E+02
    -0.9018616E+02     0.4776845E+02
    -0.9025391E+02     0.4776284E+02
    -0.9029478E+02     0.4775019E+02
    -0.9030759E+02     0.4774915E+02
    -0.9032596E+02     0.4773936E+02
    -0.9037659E+02     0.4773288E+02
    -0.9039603E+02     0.4772692E+02
    -0.9042428E+02     0.4772422E+02
    -0.9042709E+02     0.4772262E+02
    -0.9043615E+02     0.4771747E+02
    -0.9046652E+02     0.4771236E+02
    -0.9051095E+02     0.4770199E+02
    -0.9052304E+02     0.4769752E+02
    -0.9053793E+02     0.4768741E+02
    -0.9056820E+02     0.4767518E+02
    -0.9059190E+02     0.4766830E+02
    -0.9066135E+02     0.4763878E+02
    -0.9069891E+02     0.4762844E+02
    -0.9072144E+02     0.4762045E+02
    -0.9073618E+02     0.4761261E+02
    -0.9075156E+02     0.4760130E+02
    -0.9077917E+02     0.4759029E+02
    -0.9079465E+02     0.4758012E+02
    -0.9081501E+02     0.4757107E+02
    -0.9084639E+02     0.4755330E+02
    -0.9085899E+02     0.4754615E+02
    -0.9088008E+02     0.4753476E+02
    -0.9091870E+02     0.4751078E+02
    -0.9092092E+02     0.4750967E+02
    -0.9097124E+02     0.4748445E+02
    -0.9100007E+02     0.4746713E+02
    -0.9101442E+02     0.4745652E+02
    -0.9105087E+02     0.4743810E+02
    -0.9106136E+02     0.4742848E+02
    -0.9107259E+02     0.4741816E+02
    -0.9111510E+02     0.4739413E+02
    -0.9115199E+02     0.4736854E+02
    -0.9117158E+02     0.4734823E+02
    -0.9117660E+02     0.4733627E+02
    -0.9118002E+02     0.4733470E+02
    -0.9118845E+02     0.4733081E+02
    -0.9119460E+02     0.4732567E+02
    -0.9120058E+02     0.4731617E+02
    -0.9121613E+02     0.4730776E+02
    -0.9123383E+02     0.4729190E+02
    -0.9123931E+02     0.4727830E+02
    -0.9124551E+02     0.4727361E+02
    -0.9124955E+02     0.4727362E+02
    -0.9125140E+02     0.4727787E+02
    -0.9125704E+02     0.4727710E+02
    -0.9127719E+02     0.4725926E+02
    -0.9129251E+02     0.4724933E+02
    -0.9130193E+02     0.4724323E+02
    -0.9131782E+02     0.4722951E+02
    -0.9132925E+02     0.4722361E+02
    -0.9134356E+02     0.4721089E+02
    -0.9134715E+02     0.4720427E+02
    -0.9139500E+02     0.4717638E+02
    -0.9141953E+02     0.4715965E+02
    -0.9142580E+02     0.4715538E+02
    -0.9143698E+02     0.4714489E+02
    -0.9144573E+02     0.4713935E+02
    -0.9144640E+02     0.4713656E+02
    -0.9146123E+02     0.4712563E+02
    -0.9147108E+02     0.4712094E+02
    -0.9149921E+02     0.4711155E+02
    -0.9151145E+02     0.4710168E+02
    -0.9152303E+02     0.4709735E+02
    -0.9153577E+02     0.4709708E+02
    -0.9154654E+02     0.4708889E+02
    -0.9155998E+02     0.4708586E+02
    -0.9156290E+02     0.4708520E+02
    -0.9158185E+02     0.4706438E+02
    -0.9158954E+02     0.4705866E+02
    -0.9160111E+02     0.4705708E+02
    -0.9161361E+02     0.4704947E+02
    -0.9163525E+02     0.4703170E+02
    -0.9163168E+02     0.4702456E+02
    -0.9163432E+02     0.4702143E+02
    -0.9164565E+02     0.4702077E+02
    -0.9165099E+02     0.4701771E+02
    -0.9165302E+02     0.4700978E+02
    -0.9165752E+02     0.4700815E+02
    -0.9166444E+02     0.4700981E+02
    -0.9167033E+02     0.4700855E+02
    -0.9167421E+02     0.4700517E+02
    -0.9167880E+02     0.4700117E+02
    -0.9170019E+02     0.4699762E+02
    -0.9171159E+02     0.4699213E+02
    -0.9174107E+02     0.4697043E+02
    -0.9176923E+02     0.4694628E+02
    -0.9176832E+02     0.4694174E+02
    -0.9177536E+02     0.4693903E+02
    -0.9179596E+02     0.4693482E+02
    -0.9180518E+02     0.4692612E+02
    -0.9180763E+02     0.4692380E+02
    -0.9181639E+02     0.4692144E+02
    -0.9183456E+02     0.4692196E+02
    -0.9183905E+02     0.4692031E+02
    -0.9184708E+02     0.4691226E+02
    -0.9186160E+02     0.4690519E+02
    -0.9187878E+02     0.4690071E+02
    -0.9190250E+02     0.4688184E+02
    -0.9191344E+02     0.4687566E+02
    -0.9192284E+02     0.4687326E+02
    -0.9195054E+02     0.4685782E+02
    -0.9196534E+02     0.4684956E+02
    -0.9198240E+02     0.4684163E+02
    -0.9199568E+02     0.4683048E+02
    -0.9201142E+02     0.4682791E+02
    -0.9202041E+02     0.4681978E+02
    -0.9203729E+02     0.4681323E+02
    -0.9204832E+02     0.4680290E+02
    -0.9206608E+02     0.4679538E+02
    -0.9207659E+02     0.4678875E+02
    -0.9208006E+02     0.4678464E+02
    -0.9207863E+02     0.4677682E+02
    -0.9206735E+02     0.4676430E+02
    -0.9206281E+02     0.4675517E+02
    -0.9201783E+02     0.4671294E+02
    -0.9200831E+02     0.4670785E+02
    -0.9200555E+02     0.4670711E+02
    -0.9200351E+02     0.4670221E+02
    -0.9200351E+02     0.4670221E+02
    -0.9202086E+02     0.4670261E+02
    -0.9203503E+02     0.4671162E+02
    -0.9205148E+02     0.4672692E+02
    -0.9207661E+02     0.4674762E+02
    -0.9208858E+02     0.4675082E+02
    -0.9210235E+02     0.4674599E+02
    -0.9211735E+02     0.4673958E+02
    -0.9213251E+02     0.4672375E+02
    -0.9213815E+02     0.4671745E+02
    -0.9215087E+02     0.4671019E+02
    -0.9216968E+02     0.4670007E+02
    -0.9217458E+02     0.4668836E+02
    -0.9218366E+02     0.4667043E+02
    -0.9218771E+02     0.4665779E+02
    -0.9219358E+02     0.4664799E+02
    -0.9220687E+02     0.4664516E+02
    -0.9223834E+02     0.4664361E+02
    -0.9225016E+02     0.4664582E+02
    -0.9225016E+02     0.4664582E+02
    -0.9226114E+02     0.4664708E+02
    -0.9226569E+02     0.4664877E+02
    -0.9227323E+02     0.4665125E+02
    -0.9227734E+02     0.4665495E+02
    -0.9228104E+02     0.4665841E+02
    -0.9228104E+02     0.4665841E+02
    -0.9228214E+02     0.4659734E+02
    -0.9228296E+02     0.4655795E+02
    -0.9228128E+02     0.4649516E+02
    -0.9228228E+02     0.4644500E+02
    -0.9228248E+02     0.4643841E+02
    -0.9228220E+02     0.4637002E+02
    -0.9228183E+02     0.4628127E+02
    -0.9227979E+02     0.4624424E+02
    -0.9227953E+02     0.4623938E+02
    -0.9228149E+02     0.4611843E+02
    -0.9228149E+02     0.4611843E+02
    -0.9230630E+02     0.4611626E+02
    -0.9230727E+02     0.4610682E+02
    -0.9229956E+02     0.4609982E+02
    -0.9229646E+02     0.4609190E+02
    -0.9229681E+02     0.4608297E+02
    -0.9230744E+02     0.4606695E+02
    -0.9232122E+02     0.4605759E+02
    -0.9232824E+02     0.4604321E+02
    -0.9233607E+02     0.4601674E+02
    -0.9234101E+02     0.4601344E+02
    -0.9234436E+02     0.4601123E+02
    -0.9234436E+02     0.4601123E+02
    -0.9236290E+02     0.4601075E+02
    -0.9237762E+02     0.4601434E+02
    -0.9239050E+02     0.4602034E+02
    -0.9240501E+02     0.4602242E+02
    -0.9242087E+02     0.4601830E+02
    -0.9243295E+02     0.4601063E+02
    -0.9244190E+02     0.4599631E+02
    -0.9245293E+02     0.4598108E+02
    -0.9245750E+02     0.4597467E+02
    -0.9247041E+02     0.4597304E+02
    -0.9248394E+02     0.4597593E+02
    -0.9250094E+02     0.4598011E+02
    -0.9251415E+02     0.4598074E+02
    -0.9252457E+02     0.4597698E+02
    -0.9253358E+02     0.4597103E+02
    -0.9254632E+02     0.4595263E+02
    -0.9255456E+02     0.4594901E+02
    -0.9257775E+02     0.4594285E+02
    -0.9261058E+02     0.4593525E+02
    -0.9263539E+02     0.4592515E+02
    -0.9266766E+02     0.4591376E+02
    -0.9267287E+02     0.4590425E+02
    -0.9269733E+02     0.4589188E+02
    -0.9270934E+02     0.4588417E+02
    -0.9271552E+02     0.4587383E+02
    -0.9272482E+02     0.4586251E+02
    -0.9272871E+02     0.4585156E+02
    -0.9273898E+02     0.4583940E+02
    -0.9275453E+02     0.4582611E+02
    -0.9275259E+02     0.4582014E+02
    -0.9274977E+02     0.4580814E+02
    -0.9275981E+02     0.4579447E+02
    -0.9276865E+02     0.4578012E+02
    -0.9277685E+02     0.4576124E+02
    -0.9278764E+02     0.4575285E+02
    -0.9279949E+02     0.4574438E+02
    -0.9281448E+02     0.4573493E+02
    -0.9282073E+02     0.4573296E+02
    -0.9283411E+02     0.4572744E+02
    -0.9285275E+02     0.4572077E+02
    -0.9285738E+02     0.4571510E+02
    -0.9286295E+02     0.4570097E+02
    -0.9286679E+02     0.4568239E+02
    -0.9287439E+02     0.4565973E+02
    -0.9288163E+02     0.4562717E+02
    -0.9287673E+02     0.4560845E+02
    -0.9287537E+02     0.4558414E+02
    -0.9286932E+02     0.4557237E+02
    -0.9285962E+02     0.4556544E+02
    -0.9284735E+02     0.4556326E+02
    -0.9282863E+02     0.4556155E+02
    -0.9280861E+02     0.4555840E+02
    -0.9278839E+02     0.4556136E+02
    -0.9277129E+02     0.4556334E+02
    -0.9275794E+02     0.4556123E+02
    -0.9274740E+02     0.4555587E+02
    -0.9273341E+02     0.4554923E+02
    -0.9272363E+02     0.4554153E+02
    -0.9272147E+02     0.4553406E+02
    -0.9272115E+02     0.4552416E+02
    -0.9271750E+02     0.4551374E+02
    -0.9270321E+02     0.4549721E+02
    -0.9268925E+02     0.4548293E+02
    -0.9267851E+02     0.4546843E+02
    -0.9266188E+02     0.4545816E+02
    -0.9264439E+02     0.4544947E+02
    -0.9263957E+02     0.4543837E+02
    -0.9263722E+02     0.4542938E+02
    -0.9264068E+02     0.4541541E+02
    -0.9263984E+02     0.4540174E+02
    -0.9264307E+02     0.4539389E+02
    -0.9265691E+02     0.4538453E+02
    -0.9266701E+02     0.4537924E+02
    -0.9267088E+02     0.4536829E+02
    -0.9268364E+02     0.4535900E+02
    -0.9269329E+02     0.4535070E+02
    -0.9269254E+02     0.4534541E+02
    -0.9269352E+02     0.4532933E+02
    -0.9270553E+02     0.4531475E+02
    -0.9271999E+02     0.4530229E+02
    -0.9273798E+02     0.4529186E+02
    -0.9275372E+02     0.4528083E+02
    -0.9275489E+02     0.4527388E+02
    -0.9275071E+02     0.4525968E+02
    -0.9275156E+02     0.4524284E+02
    -0.9275090E+02     0.4522305E+02
    -0.9275015E+02     0.4521014E+02
    -0.9275667E+02     0.4520280E+02
    -0.9276062E+02     0.4519261E+02
    -0.9275783E+02     0.4518060E+02
    -0.9275227E+02     0.4517184E+02
    -0.9274030E+02     0.4516354E+02
    -0.9273325E+02     0.4515946E+02
    -0.9273634E+02     0.4515085E+02
    -0.9273975E+02     0.4513688E+02
    -0.9273837E+02     0.4512706E+02
    -0.9273751E+02     0.4511338E+02
    -0.9275404E+02     0.4509314E+02
    -0.9277943E+02     0.4507454E+02
    -0.9278967E+02     0.4507076E+02
    -0.9279264E+02     0.4506139E+02
    -0.9278665E+02     0.4504961E+02
    -0.9277523E+02     0.4503745E+02
    -0.9276125E+02     0.4502243E+02
    -0.9276019E+02     0.4501488E+02
    -0.9276380E+02     0.4500241E+02
    -0.9276395E+02     0.4500000E+02
    -0.9276443E+02     0.4499169E+02
    -0.9276166E+02     0.4497968E+02
    -0.9275142E+02     0.4496057E+02
    -0.9274535E+02     0.4494041E+02
    -0.9274651E+02     0.4492583E+02
    -0.9275300E+02     0.4491087E+02
    -0.9276543E+02     0.4490005E+02
    -0.9276872E+02     0.4489295E+02
    -0.9276904E+02     0.4488759E+02
    -0.9275861E+02     0.4487460E+02
    -0.9276296E+02     0.4485979E+02
    -0.9276178E+02     0.4484386E+02
    -0.9276549E+02     0.4482452E+02
    -0.9277355E+02     0.4481326E+02
    -0.9277715E+02     0.4480079E+02
    -0.9278293E+02     0.4478854E+02
    -0.9278923E+02     0.4478008E+02
    -0.9279495E+02     0.4477127E+02
    -0.9279961E+02     0.4475491E+02
    -0.9279476E+02     0.4474343E+02
    -0.9278118E+02     0.4473831E+02
    -0.9276272E+02     0.4472895E+02
    -0.9274118E+02     0.4472058E+02
    -0.9271812E+02     0.4470887E+02
    -0.9270408E+02     0.4470034E+02
    -0.9268834E+02     0.4468734E+02
    -0.9267516E+02     0.4467722E+02
    -0.9266663E+02     0.4466982E+02
    -0.9265020E+02     0.4465765E+02
    -0.9262672E+02     0.4464823E+02
    -0.9261880E+02     0.4463734E+02
    -0.9261760E+02     0.4461998E+02
    -0.9261233E+02     0.4461012E+02
    -0.9260034E+02     0.4460818E+02
    -0.9258164E+02     0.4460484E+02
    -0.9257236E+02     0.4460364E+02
    -0.9256153E+02     0.4460068E+02
    -0.9255099E+02     0.4459026E+02
    -0.9253246E+02     0.4457854E+02
    -0.9250488E+02     0.4457675E+02
    -0.9247060E+02     0.4457356E+02
    -0.9243391E+02     0.4456215E+02
    -0.9239436E+02     0.4455837E+02
    -0.9234695E+02     0.4455419E+02
    -0.9231841E+02     0.4454498E+02
    -0.9230295E+02     0.4452651E+02
    -0.9229659E+02     0.4449813E+02
    -0.9227986E+02     0.4447975E+02
    -0.9223429E+02     0.4444937E+02
    -0.9218458E+02     0.4442669E+02
    -0.9212605E+02     0.4441573E+02
    -0.9208779E+02     0.4441084E+02
    -0.9206297E+02     0.4439947E+02
    -0.9204238E+02     0.4439061E+02
    -0.9201864E+02     0.4437730E+02
    -0.9198999E+02     0.4436617E+02
    -0.9197667E+02     0.4436332E+02
    -0.9195937E+02     0.4435981E+02
    -0.9192528E+02     0.4432579E+02
    -0.9191443E+02     0.4431162E+02
    -0.9191772E+02     0.4428632E+02
    -0.9190583E+02     0.4427409E+02
    -0.9188159E+02     0.4425614E+02
    -0.9186833E+02     0.4423284E+02
    -0.9184462E+02     0.4419813E+02
    -0.9183604E+02     0.4418103E+02
    -0.9180789E+02     0.4416240E+02
    -0.9177058E+02     0.4414248E+02
    -0.9174292E+02     0.4412752E+02
    -0.9169974E+02     0.4410146E+02
    -0.9165369E+02     0.4407277E+02
    -0.9163689E+02     0.4406175E+02
    -0.9161531E+02     0.4405381E+02
    -0.9159575E+02     0.4404110E+02
    -0.9158174E+02     0.4403176E+02
    -0.9156734E+02     0.4402987E+02
    -0.9154699E+02     0.4403205E+02
    -0.9152203E+02     0.4402803E+02
    -0.9148937E+02     0.4401332E+02
    -0.9146900E+02     0.4400435E+02
    -0.9144757E+02     0.4399730E+02
    -0.9141559E+02     0.4397696E+02
    -0.9139194E+02     0.4396168E+02
    -0.9137170E+02     0.4395362E+02
    -0.9135562E+02     0.4393694E+02
    -0.9133274E+02     0.4392811E+02
    -0.9129116E+02     0.4390181E+02
    -0.9126779E+02     0.4387720E+02
    -0.9126337E+02     0.4384961E+02
    -0.9126341E+02     0.4382732E+02
    -0.9126493E+02     0.4380680E+02
    -0.9126102E+02     0.4379496E+02
    -0.9125063E+02     0.4378258E+02
    -0.9123802E+02     0.4377311E+02
    -0.9123773E+02     0.4375920E+02
    -0.9124030E+02     0.4374791E+02
    -0.9124627E+02     0.4373269E+02
    -0.9125330E+02     0.4371556E+02
    -0.9125545E+02     0.4370057E+02
    -0.9124638E+02     0.4367697E+02
    -0.9123463E+02     0.4361824E+02
    -0.9122654E+02     0.4359179E+02
    -0.9122903E+02     0.4356842E+02
    -0.9123648E+02     0.4354384E+02
    -0.9123524E+02     0.4353277E+02
    -0.9122839E+02     0.4351739E+02
    -0.9121824E+02     0.4350357E+02
    -0.9121824E+02     0.4350357E+02
    -0.9145217E+02     0.4350342E+02
    -0.9154648E+02     0.4350387E+02
    -0.9157291E+02     0.4350282E+02
    -0.9162531E+02     0.4350317E+02
    -0.9171587E+02     0.4350372E+02
    -0.9176664E+02     0.4350257E+02
    -0.9179844E+02     0.4350367E+02
    -0.9181329E+02     0.4350418E+02
    -0.9185212E+02     0.4350370E+02
    -0.9185866E+02     0.4350561E+02
    -0.9186607E+02     0.4350401E+02
    -0.9188618E+02     0.4350304E+02
    -0.9194893E+02     0.4350430E+02
    -0.9197072E+02     0.4350426E+02
    -0.9212910E+02     0.4350380E+02
    -0.9214292E+02     0.4350570E+02
    -0.9214366E+02     0.4350568E+02
    -0.9220127E+02     0.4350434E+02
    -0.9231681E+02     0.4350574E+02
    -0.9234444E+02     0.4350606E+02
    -0.9240602E+02     0.4350531E+02
    -0.9245803E+02     0.4350377E+02
    -0.9245792E+02     0.4350285E+02
    -0.9248856E+02     0.4350356E+02
    -0.9259716E+02     0.4350291E+02
    -0.9277034E+02     0.4350166E+02
    -0.9289995E+02     0.4350054E+02
    -0.9294342E+02     0.4349849E+02
    -0.9296547E+02     0.4349955E+02
    -0.9298604E+02     0.4350054E+02
    -0.9300000E+02     0.4350036E+02
    -0.9309476E+02     0.4350256E+02
    -0.9326783E+02     0.4350319E+02
    -0.9344090E+02     0.4350356E+02
    -0.9361396E+02     0.4350366E+02
    -0.9378703E+02     0.4350350E+02
    -0.9396008E+02     0.4350308E+02
    -0.9413315E+02     0.4350239E+02
    -0.9414126E+02     0.4350244E+02
    -0.9431432E+02     0.4350333E+02
    -0.9446063E+02     0.4350388E+02
    -0.9448736E+02     0.4350308E+02
    -0.9451393E+02     0.4350228E+02
    -0.9460078E+02     0.4350619E+02
    -0.9466022E+02     0.4350529E+02
    -0.9478445E+02     0.4350331E+02
    -0.9483318E+02     0.4350130E+02
    -0.9484286E+02     0.4350090E+02
    -0.9500000E+02     0.4350248E+02
    -0.9500621E+02     0.4350254E+02
    -0.9517926E+02     0.4350401E+02
    -0.9532032E+02     0.4350501E+02
    -0.9535230E+02     0.4350434E+02
    -0.9552529E+02     0.4350054E+02
    -0.9558961E+02     0.4350104E+02
    -0.9576267E+02     0.4350220E+02
    -0.9593573E+02     0.4350309E+02
    -0.9610879E+02     0.4350372E+02
    -0.9628185E+02     0.4350409E+02
    -0.9645835E+02     0.4350562E+02
    -0.9645811E+02     0.4363147E+02
    -0.9645787E+02     0.4375734E+02
    -0.9645763E+02     0.4388319E+02
    -0.9645749E+02     0.4395407E+02
    -0.9645824E+02     0.4400904E+02
    -0.9645996E+02     0.4413489E+02
    -0.9646137E+02     0.4423765E+02
    -0.9646112E+02     0.4426073E+02
    -0.9645973E+02     0.4438657E+02
    -0.9645834E+02     0.4451241E+02
    -0.9645694E+02     0.4463824E+02
    -0.9645569E+02     0.4475042E+02
    -0.9645616E+02     0.4487625E+02
    -0.9645663E+02     0.4500000E+02
    -0.9645663E+02     0.4500206E+02
    -0.9645711E+02     0.4512787E+02
    -0.9645759E+02     0.4525367E+02
    -0.9645774E+02     0.4529387E+02
    -0.9645774E+02     0.4529387E+02
    -0.9649731E+02     0.4535175E+02
    -0.9652509E+02     0.4537120E+02
    -0.9656966E+02     0.4538415E+02
    -0.9657632E+02     0.4538609E+02
    -0.9660892E+02     0.4540353E+02
    -0.9665307E+02     0.4541054E+02
    -0.9668694E+02     0.4541067E+02
    -0.9670191E+02     0.4541662E+02
    -0.9672084E+02     0.4543670E+02
    -0.9674632E+02     0.4546370E+02
    -0.9675901E+02     0.4550207E+02
    -0.9677164E+02     0.4551984E+02
    -0.9679816E+02     0.4554842E+02
    -0.9680177E+02     0.4555231E+02
    -0.9680811E+02     0.4555749E+02
    -0.9682349E+02     0.4556174E+02
    -0.9683093E+02     0.4557284E+02
    -0.9683418E+02     0.4557482E+02
    -0.9684135E+02     0.4557574E+02
    -0.9685435E+02     0.4558669E+02
    -0.9685972E+02     0.4558941E+02
    -0.9687607E+02     0.4560097E+02
    -0.9686211E+02     0.4561722E+02
    -0.9684737E+02     0.4565139E+02
    -0.9682348E+02     0.4566141E+02
    -0.9677750E+02     0.4568929E+02
    -0.9675075E+02     0.4570549E+02
    -0.9670303E+02     0.4572332E+02
    -0.9666586E+02     0.4574476E+02
    -0.9663940E+02     0.4576765E+02
    -0.9662755E+02     0.4578131E+02
    -0.9661684E+02     0.4580043E+02
    -0.9659335E+02     0.4582451E+02
    -0.9658636E+02     0.4583509E+02
    -0.9658158E+02     0.4585767E+02
    -0.9657702E+02     0.4586978E+02
    -0.9657745E+02     0.4591352E+02
    -0.9657138E+02     0.4593206E+02
    -0.9656670E+02     0.4593947E+02
    -0.9656784E+02     0.4595073E+02
    -0.9657747E+02     0.4596732E+02
    -0.9658068E+02     0.4598441E+02
    -0.9658102E+02     0.4598623E+02
    -0.9658126E+02     0.4601004E+02
    -0.9658549E+02     0.4602874E+02
    -0.9658195E+02     0.4603662E+02
    -0.9657079E+02     0.4604996E+02
    -0.9656666E+02     0.4606149E+02
    -0.9656396E+02     0.4608932E+02
    -0.9656625E+02     0.4610314E+02
    -0.9656596E+02     0.4610691E+02
    -0.9656538E+02     0.4611501E+02
    -0.9657934E+02     0.4612672E+02
    -0.9657800E+02     0.4614064E+02
    -0.9658558E+02     0.4614960E+02
    -0.9658340E+02     0.4615482E+02
    -0.9658238E+02     0.4615728E+02
    -0.9658506E+02     0.4617019E+02
    -0.9658836E+02     0.4617466E+02
    -0.9659601E+02     0.4617836E+02
    -0.9659737E+02     0.4618230E+02
    -0.9659933E+02     0.4619152E+02
    -0.9659315E+02     0.4619955E+02
    -0.9659563E+02     0.4621062E+02
    -0.9660159E+02     0.4621495E+02
    -0.9660582E+02     0.4623845E+02
    -0.9660552E+02     0.4624256E+02
    -0.9659985E+02     0.4624785E+02
    -0.9660285E+02     0.4625208E+02
    -0.9660168E+02     0.4625913E+02
    -0.9660688E+02     0.4626480E+02
    -0.9660285E+02     0.4627016E+02
    -0.9660500E+02     0.4627252E+02
    -0.9660392E+02     0.4627821E+02
    -0.9661049E+02     0.4628782E+02
    -0.9661108E+02     0.4629333E+02
    -0.9660732E+02     0.4629961E+02
    -0.9660931E+02     0.4630403E+02
    -0.9660566E+02     0.4631329E+02
    -0.9660577E+02     0.4632084E+02
    -0.9661416E+02     0.4633281E+02
    -0.9662427E+02     0.4633934E+02
    -0.9662538E+02     0.4634670E+02
    -0.9663431E+02     0.4635136E+02
    -0.9663858E+02     0.4635178E+02
    -0.9665269E+02     0.4635315E+02
    -0.9665484E+02     0.4635551E+02
    -0.9665166E+02     0.4635838E+02
    -0.9665207E+02     0.4636182E+02
    -0.9666321E+02     0.4636793E+02
    -0.9666714E+02     0.4637310E+02
    -0.9668288E+02     0.4640271E+02
    -0.9668955E+02     0.4640660E+02
    -0.9669434E+02     0.4641363E+02
    -0.9670187E+02     0.4641480E+02
    -0.9670190E+02     0.4641915E+02
    -0.9670568E+02     0.4642180E+02
    -0.9671027E+02     0.4643637E+02
    -0.9671836E+02     0.4643436E+02
    -0.9672018E+02     0.4643671E+02
    -0.9671791E+02     0.4644075E+02
    -0.9672033E+02     0.4644404E+02
    -0.9672216E+02     0.4644634E+02
    -0.9672276E+02     0.4644709E+02
    -0.9671864E+02     0.4645382E+02
    -0.9671793E+02     0.4645906E+02
    -0.9672050E+02     0.4646487E+02
    -0.9672784E+02     0.4646420E+02
    -0.9672905E+02     0.4646584E+02
    -0.9672311E+02     0.4647022E+02
    -0.9672486E+02     0.4647348E+02
    -0.9672883E+02     0.4647362E+02
    -0.9673785E+02     0.4647736E+02
    -0.9674124E+02     0.4648090E+02
    -0.9673972E+02     0.4648840E+02
    -0.9674095E+02     0.4649439E+02
    -0.9674726E+02     0.4649895E+02
    -0.9674254E+02     0.4650474E+02
    -0.9674559E+02     0.4650851E+02
    -0.9674383E+02     0.4651463E+02
    -0.9674693E+02     0.4651770E+02
    -0.9674424E+02     0.4652288E+02
    -0.9674701E+02     0.4652594E+02
    -0.9674955E+02     0.4653701E+02
    -0.9674732E+02     0.4654037E+02
    -0.9675163E+02     0.4654509E+02
    -0.9674865E+02     0.4654979E+02
    -0.9675849E+02     0.4655608E+02
    -0.9675085E+02     0.4656565E+02
    -0.9675979E+02     0.4657534E+02
    -0.9675899E+02     0.4658195E+02
    -0.9676147E+02     0.4658455E+02
    -0.9676700E+02     0.4658611E+02
    -0.9676888E+02     0.4659235E+02
    -0.9677293E+02     0.4659614E+02
    -0.9678044E+02     0.4659800E+02
    -0.9677842E+02     0.4660319E+02
    -0.9678188E+02     0.4660582E+02
    -0.9678041E+02     0.4661264E+02
    -0.9678580E+02     0.4661625E+02
    -0.9678771E+02     0.4662226E+02
    -0.9680053E+02     0.4663847E+02
    -0.9679794E+02     0.4664228E+02
    -0.9680554E+02     0.4665491E+02
    -0.9680777E+02     0.4665862E+02
    -0.9680165E+02     0.4667008E+02
    -0.9680395E+02     0.4668000E+02
    -0.9679885E+02     0.4668166E+02
    -0.9679334E+02     0.4668902E+02
    -0.9679576E+02     0.4669254E+02
    -0.9679462E+02     0.4669936E+02
    -0.9679915E+02     0.4670592E+02
    -0.9679362E+02     0.4670893E+02
    -0.9679427E+02     0.4671376E+02
    -0.9679792E+02     0.4671869E+02
    -0.9679136E+02     0.4672213E+02
    -0.9679148E+02     0.4672511E+02
    -0.9678819E+02     0.4672934E+02
    -0.9679179E+02     0.4673975E+02
    -0.9679030E+02     0.4674680E+02
    -0.9679346E+02     0.4675399E+02
    -0.9679215E+02     0.4675830E+02
    -0.9678825E+02     0.4676183E+02
    -0.9679115E+02     0.4676787E+02
    -0.9679424E+02     0.4677598E+02
    -0.9680121E+02     0.4678124E+02
    -0.9679619E+02     0.4678633E+02
    -0.9679961E+02     0.4678988E+02
    -0.9679996E+02     0.4679424E+02
    -0.9680473E+02     0.4679760E+02
    -0.9680473E+02     0.4680240E+02
    -0.9679821E+02     0.4681454E+02
    -0.9679675E+02     0.4682592E+02
    -0.9679236E+02     0.4682669E+02
    -0.9678766E+02     0.4683661E+02
    -0.9678227E+02     0.4683734E+02
    -0.9677946E+02     0.4683930E+02
    -0.9678693E+02     0.4684710E+02
    -0.9678348E+02     0.4685339E+02
    -0.9678710E+02     0.4685877E+02
    -0.9678415E+02     0.4686279E+02
    -0.9678484E+02     0.4686716E+02
    -0.9678191E+02     0.4687575E+02
    -0.9677928E+02     0.4687566E+02
    -0.9677058E+02     0.4687537E+02
    -0.9676942E+02     0.4687762E+02
    -0.9677437E+02     0.4688328E+02
    -0.9677675E+02     0.4689205E+02
    -0.9677481E+02     0.4689587E+02
    -0.9677715E+02     0.4690052E+02
    -0.9676817E+02     0.4690480E+02
    -0.9676244E+02     0.4691513E+02
    -0.9676400E+02     0.4693073E+02
    -0.9677236E+02     0.4693055E+02
    -0.9677850E+02     0.4692870E+02
    -0.9678530E+02     0.4692229E+02
    -0.9678860E+02     0.4692286E+02
    -0.9679417E+02     0.4692922E+02
    -0.9679604E+02     0.4694072E+02
    -0.9679890E+02     0.4694264E+02
    -0.9680225E+02     0.4694252E+02
    -0.9680431E+02     0.4694648E+02
    -0.9680169E+02     0.4695531E+02
    -0.9680087E+02     0.4695589E+02
    -0.9679430E+02     0.4696056E+02
    -0.9679442E+02     0.4696376E+02
    -0.9679695E+02     0.4696568E+02
    -0.9680232E+02     0.4696540E+02
    -0.9680927E+02     0.4696174E+02
    -0.9681785E+02     0.4696317E+02
    -0.9682363E+02     0.4696656E+02
    -0.9682535E+02     0.4697073E+02
    -0.9682220E+02     0.4697749E+02
    -0.9682407E+02     0.4698898E+02
    -0.9682051E+02     0.4699687E+02
    -0.9682132E+02     0.4699964E+02
    -0.9682455E+02     0.4700135E+02
    -0.9683600E+02     0.4700013E+02
    -0.9683889E+02     0.4700182E+02
    -0.9684151E+02     0.4701220E+02
    -0.9683710E+02     0.4701800E+02
    -0.9683055E+02     0.4702076E+02
    -0.9682681E+02     0.4702155E+02
    -0.9682430E+02     0.4702398E+02
    -0.9683061E+02     0.4702945E+02
    -0.9682632E+02     0.4703342E+02
    -0.9682686E+02     0.4704007E+02
    -0.9683212E+02     0.4704619E+02
    -0.9683031E+02     0.4705299E+02
    -0.9683529E+02     0.4705841E+02
    -0.9682975E+02     0.4706097E+02
    -0.9682507E+02     0.4707043E+02
    -0.9682588E+02     0.4707320E+02
    -0.9683375E+02     0.4707574E+02
    -0.9682700E+02     0.4708604E+02
    -0.9683381E+02     0.4708923E+02
    -0.9682848E+02     0.4709363E+02
    -0.9682585E+02     0.4710246E+02
    -0.9683788E+02     0.4712207E+02
    -0.9683575E+02     0.4713343E+02
    -0.9683838E+02     0.4713900E+02
    -0.9683744E+02     0.4714286E+02
    -0.9684435E+02     0.4714949E+02
    -0.9684309E+02     0.4715310E+02
    -0.9683829E+02     0.4715477E+02
    -0.9683605E+02     0.4715790E+02
    -0.9683505E+02     0.4716747E+02
    -0.9683943E+02     0.4717196E+02
    -0.9683725E+02     0.4717485E+02
    -0.9683352E+02     0.4717977E+02
    -0.9683566E+02     0.4718281E+02
    -0.9684135E+02     0.4718300E+02
    -0.9684293E+02     0.4718442E+02
    -0.9683725E+02     0.4718881E+02
    -0.9683842E+02     0.4719136E+02
    -0.9684784E+02     0.4719098E+02
    -0.9684962E+02     0.4719424E+02
    -0.9684704E+02     0.4719759E+02
    -0.9683918E+02     0.4719962E+02
    -0.9683562E+02     0.4720247E+02
    -0.9684083E+02     0.4720493E+02
    -0.9684317E+02     0.4720981E+02
    -0.9684109E+02     0.4721545E+02
    -0.9684775E+02     0.4722116E+02
    -0.9684488E+02     0.4722381E+02
    -0.9684863E+02     0.4722782E+02
    -0.9684086E+02     0.4723328E+02
    -0.9684387E+02     0.4723818E+02
    -0.9684270E+02     0.4724546E+02
    -0.9684795E+02     0.4724723E+02
    -0.9684702E+02     0.4725566E+02
    -0.9684479E+02     0.4725879E+02
    -0.9683928E+02     0.4726066E+02
    -0.9684724E+02     0.4726709E+02
    -0.9684106E+02     0.4727375E+02
    -0.9684481E+02     0.4728736E+02
    -0.9683762E+02     0.4729879E+02
    -0.9683793E+02     0.4730405E+02
    -0.9684460E+02     0.4730953E+02
    -0.9684665E+02     0.4731394E+02
    -0.9684299E+02     0.4731816E+02
    -0.9684269E+02     0.4732249E+02
    -0.9685088E+02     0.4732573E+02
    -0.9685171E+02     0.4732827E+02
    -0.9684682E+02     0.4733086E+02
    -0.9684563E+02     0.4733334E+02
    -0.9685320E+02     0.4734067E+02
    -0.9685379E+02     0.4734663E+02
    -0.9685184E+02     0.4735045E+02
    -0.9684563E+02     0.4735254E+02
    -0.9684538E+02     0.4735619E+02
    -0.9685532E+02     0.4735857E+02
    -0.9686012E+02     0.4736215E+02
    -0.9685693E+02     0.4736433E+02
    -0.9684881E+02     0.4736498E+02
    -0.9684561E+02     0.4736739E+02
    -0.9684718E+02     0.4736905E+02
    -0.9685387E+02     0.4736949E+02
    -0.9685479E+02     0.4737569E+02
    -0.9684876E+02     0.4738487E+02
    -0.9685513E+02     0.4739010E+02
    -0.9684771E+02     0.4739512E+02
    -0.9684861E+02     0.4739675E+02
    -0.9685520E+02     0.4739879E+02
    -0.9685599E+02     0.4740202E+02
    -0.9684931E+02     0.4740591E+02
    -0.9684977E+02     0.4740747E+02
    -0.9685762E+02     0.4740755E+02
    -0.9686810E+02     0.4741178E+02
    -0.9687549E+02     0.4741225E+02
    -0.9687899E+02     0.4741510E+02
    -0.9687717E+02     0.4741710E+02
    -0.9687072E+02     0.4741781E+02
    -0.9686819E+02     0.4742024E+02
    -0.9687130E+02     0.4742400E+02
    -0.9686053E+02     0.4742868E+02
    -0.9686845E+02     0.4743579E+02
    -0.9686275E+02     0.4745000E+02
    -0.9686847E+02     0.4745499E+02
    -0.9686246E+02     0.4745891E+02
    -0.9686167E+02     0.4747031E+02
    -0.9686354E+02     0.4747243E+02
    -0.9687611E+02     0.4747604E+02
    -0.9686597E+02     0.4748119E+02
    -0.9687049E+02     0.4748408E+02
    -0.9687163E+02     0.4748709E+02
    -0.9686420E+02     0.4749211E+02
    -0.9686229E+02     0.4749525E+02
    -0.9686343E+02     0.4749825E+02
    -0.9685407E+02     0.4750183E+02
    -0.9685995E+02     0.4750454E+02
    -0.9686205E+02     0.4750826E+02
    -0.9685500E+02     0.4751261E+02
    -0.9685893E+02     0.4751434E+02
    -0.9687177E+02     0.4751406E+02
    -0.9687691E+02     0.4751788E+02
    -0.9687821E+02     0.4752341E+02
    -0.9687775E+02     0.4752423E+02
    -0.9687437E+02     0.4753014E+02
    -0.9687675E+02     0.4753479E+02
    -0.9687487E+02     0.4753747E+02
    -0.9685907E+02     0.4753651E+02
    -0.9685580E+02     0.4753983E+02
    -0.9686565E+02     0.4754380E+02
    -0.9686673E+02     0.4754772E+02
    -0.9687237E+02     0.4755407E+02
    -0.9687122E+02     0.4755587E+02
    -0.9686473E+02     0.4755703E+02
    -0.9686079E+02     0.4756010E+02
    -0.9686168E+02     0.4756196E+02
    -0.9687017E+02     0.4756132E+02
    -0.9687651E+02     0.4756244E+02
    -0.9687834E+02     0.4756524E+02
    -0.9686973E+02     0.4756770E+02
    -0.9687044E+02     0.4757207E+02
    -0.9686639E+02     0.4758153E+02
    -0.9687027E+02     0.4758897E+02
    -0.9686793E+02     0.4759827E+02
    -0.9687112E+02     0.4760591E+02
    -0.9687655E+02     0.4761042E+02
    -0.9688184E+02     0.4761219E+02
    -0.9688564E+02     0.4761574E+02
    -0.9688687E+02     0.4762241E+02
    -0.9689664E+02     0.4763277E+02
    -0.9688972E+02     0.4763987E+02
    -0.9689568E+02     0.4765148E+02
    -0.9689767E+02     0.4766183E+02
    -0.9689442E+02     0.4766949E+02
    -0.9689560E+02     0.4767204E+02
    -0.9690380E+02     0.4767093E+02
    -0.9690636E+02     0.4767307E+02
    -0.9690794E+02     0.4767952E+02
    -0.9691115E+02     0.4768213E+02
    -0.9691624E+02     0.4768184E+02
    -0.9691885E+02     0.4768832E+02
    -0.9692281E+02     0.4768982E+02
    -0.9692986E+02     0.4769072E+02
    -0.9693097E+02     0.4769418E+02
    -0.9692213E+02     0.4769962E+02
    -0.9692299E+02     0.4770193E+02
    -0.9692831E+02     0.4770324E+02
    -0.9693004E+02     0.4770763E+02
    -0.9693874E+02     0.4770928E+02
    -0.9693991E+02     0.4771183E+02
    -0.9692793E+02     0.4771854E+02
    -0.9693759E+02     0.4772592E+02
    -0.9693821E+02     0.4773166E+02
    -0.9693565E+02     0.4773934E+02
    -0.9693842E+02     0.4774331E+02
    -0.9694278E+02     0.4774413E+02
    -0.9694527E+02     0.4774718E+02
    -0.9693952E+02     0.4775203E+02
    -0.9693969E+02     0.4775455E+02
    -0.9694802E+02     0.4775664E+02
    -0.9695052E+02     0.4775969E+02
    -0.9694910E+02     0.4776558E+02
    -0.9696220E+02     0.4777718E+02
    -0.9696337E+02     0.4777996E+02
    -0.9696782E+02     0.4778032E+02
    -0.9697282E+02     0.4778071E+02
    -0.9697533E+02     0.4778354E+02
    -0.9696864E+02     0.4778721E+02
    -0.9696804E+02     0.4779107E+02
    -0.9697346E+02     0.4779604E+02
    -0.9697856E+02     0.4779597E+02
    -0.9698176E+02     0.4779379E+02
    -0.9698547E+02     0.4779413E+02
    -0.9698711E+02     0.4779989E+02
    -0.9699973E+02     0.4780394E+02
    -0.9700045E+02     0.4780830E+02
    -0.9699201E+02     0.4781261E+02
    -0.9698975E+02     0.4781596E+02
    -0.9698215E+02     0.4781801E+02
    -0.9697878E+02     0.4782270E+02
    -0.9698271E+02     0.4782465E+02
    -0.9699664E+02     0.4782440E+02
    -0.9699817E+02     0.4782696E+02
    -0.9699064E+02     0.4783289E+02
    -0.9700015E+02     0.4783776E+02
    -0.9700720E+02     0.4784894E+02
    -0.9700678E+02     0.4786514E+02
    -0.9701518E+02     0.4787157E+02
    -0.9702492E+02     0.4787324E+02
    -0.9702903E+02     0.4788273E+02
    -0.9702564E+02     0.4788765E+02
    -0.9702999E+02     0.4789372E+02
    -0.9703764E+02     0.4793164E+02
    -0.9704063E+02     0.4793265E+02
    -0.9704186E+02     0.4793542E+02
    -0.9704507E+02     0.4794260E+02
    -0.9705201E+02     0.4794556E+02
    -0.9705251E+02     0.4795333E+02
    -0.9706626E+02     0.4796129E+02
    -0.9706917E+02     0.4796869E+02
    -0.9706390E+02     0.4797629E+02
    -0.9706560E+02     0.4798137E+02
    -0.9705972E+02     0.4798781E+02
    -0.9707001E+02     0.4800000E+02
    -0.9707001E+02     0.4800000E+02
    -0.9701324E+02     0.4800000E+02
    -0.9701324E+02     0.4800000E+02
    -0.9703121E+02     0.4801791E+02
    -0.9703317E+02     0.4802377E+02
    -0.9703194E+02     0.4802840E+02
    -0.9703941E+02     0.4803812E+02
    -0.9704641E+02     0.4804329E+02
    -0.9706121E+02     0.4804787E+02
    -0.9707657E+02     0.4804465E+02
    -0.9708412E+02     0.4804842E+02
    -0.9710882E+02     0.4807289E+02
    -0.9710725E+02     0.4808738E+02
    -0.9711170E+02     0.4809746E+02
    -0.9712243E+02     0.4810543E+02
    -0.9713196E+02     0.4813472E+02
    -0.9714358E+02     0.4814127E+02
    -0.9714356E+02     0.4814768E+02
    -0.9713272E+02     0.4815528E+02
    -0.9713302E+02     0.4816144E+02
    -0.9714856E+02     0.4815957E+02
    -0.9715342E+02     0.4817009E+02
    -0.9714491E+02     0.4817713E+02
    -0.9714491E+02     0.4817713E+02
    -0.9714142E+02     0.4817901E+02
    -0.9714850E+02     0.4818439E+02
    -0.9714674E+02     0.4819981E+02
    -0.9713862E+02     0.4820706E+02
    -0.9713920E+02     0.4820932E+02
    -0.9713604E+02     0.4821176E+02
    -0.9713015E+02     0.4820793E+02
    -0.9712685E+02     0.4821220E+02
    -0.9712986E+02     0.4821801E+02
    -0.9713560E+02     0.4822048E+02
    -0.9715140E+02     0.4822086E+02
    -0.9715539E+02     0.4822296E+02
    -0.9715096E+02     0.4822638E+02
    -0.9714368E+02     0.4822558E+02
    -0.9713259E+02     0.4822429E+02
    -0.9712719E+02     0.4822500E+02
    -0.9713216E+02     0.4822980E+02
    -0.9714464E+02     0.4823125E+02
    -0.9715012E+02     0.4823442E+02
    -0.9714236E+02     0.4823549E+02
    -0.9713749E+02     0.4823801E+02
    -0.9714032E+02     0.4824199E+02
    -0.9714672E+02     0.4824099E+02
    -0.9715142E+02     0.4824329E+02
    -0.9714504E+02     0.4824771E+02
    -0.9713251E+02     0.4824900E+02
    -0.9713024E+02     0.4825346E+02
    -0.9713173E+02     0.4825773E+02
    -0.9712820E+02     0.4826316E+02
    -0.9713086E+02     0.4826556E+02
    -0.9714011E+02     0.4826557E+02
    -0.9714725E+02     0.4826820E+02
    -0.9713941E+02     0.4827178E+02
    -0.9713018E+02     0.4827200E+02
    -0.9712691E+02     0.4827353E+02
    -0.9712826E+02     0.4827643E+02
    -0.9712480E+02     0.4828255E+02
    -0.9712634E+02     0.4828728E+02
    -0.9713070E+02     0.4828959E+02
    -0.9713660E+02     0.4829022E+02
    -0.9713891E+02     0.4829263E+02
    -0.9713834E+02     0.4829355E+02
    -0.9713512E+02     0.4829876E+02
    -0.9713143E+02     0.4829962E+02
    -0.9712249E+02     0.4829616E+02
    -0.9711781E+02     0.4829730E+02
    -0.9712934E+02     0.4830567E+02
    -0.9712642E+02     0.4831039E+02
    -0.9712978E+02     0.4831297E+02
    -0.9713719E+02     0.4831170E+02
    -0.9713958E+02     0.4831479E+02
    -0.9713396E+02     0.4831987E+02
    -0.9712479E+02     0.4832076E+02
    -0.9712199E+02     0.4832341E+02
    -0.9712396E+02     0.4832584E+02
    -0.9713108E+02     0.4832824E+02
    -0.9714162E+02     0.4832728E+02
    -0.9714427E+02     0.4832967E+02
    -0.9713082E+02     0.4834176E+02
    -0.9713431E+02     0.4834548E+02
    -0.9714307E+02     0.4834392E+02
    -0.9714641E+02     0.4834627E+02
    -0.9714175E+02     0.4835085E+02
    -0.9714171E+02     0.4835359E+02
    -0.9714920E+02     0.4835941E+02
    -0.9716063E+02     0.4836664E+02
    -0.9715892E+02     0.4836993E+02
    -0.9715143E+02     0.4837052E+02
    -0.9714655E+02     0.4837304E+02
    -0.9714497E+02     0.4837770E+02
    -0.9714317E+02     0.4838305E+02
    -0.9714442E+02     0.4838398E+02
    -0.9714690E+02     0.4838584E+02
    -0.9715423E+02     0.4838366E+02
    -0.9716023E+02     0.4838520E+02
    -0.9716331E+02     0.4839146E+02
    -0.9716955E+02     0.4839505E+02
    -0.9716499E+02     0.4839733E+02
    -0.9715295E+02     0.4839722E+02
    -0.9714184E+02     0.4840256E+02
    -0.9713911E+02     0.4840590E+02
    -0.9713945E+02     0.4841549E+02
    -0.9714282E+02     0.4841808E+02
    -0.9714835E+02     0.4841827E+02
    -0.9715585E+02     0.4841447E+02
    -0.9716068E+02     0.4841790E+02
    -0.9715929E+02     0.4842095E+02
    -0.9715341E+02     0.4842375E+02
    -0.9714175E+02     0.4842408E+02
    -0.9713274E+02     0.4842016E+02
    -0.9712611E+02     0.4841933E+02
    -0.9712663E+02     0.4842411E+02
    -0.9713909E+02     0.4843130E+02
    -0.9713057E+02     0.4843194E+02
    -0.9712751E+02     0.4843552E+02
    -0.9712742E+02     0.4844101E+02
    -0.9713206E+02     0.4844583E+02
    -0.9714768E+02     0.4844073E+02
    -0.9715137E+02     0.4844307E+02
    -0.9713793E+02     0.4845241E+02
    -0.9713483E+02     0.4845874E+02
    -0.9713640E+02     0.4846370E+02
    -0.9714638E+02     0.4846688E+02
    -0.9715018E+02     0.4847013E+02
    -0.9714666E+02     0.4847580E+02
    -0.9713383E+02     0.4847183E+02
    -0.9713293E+02     0.4847622E+02
    -0.9713739E+02     0.4847921E+02
    -0.9714423E+02     0.4847889E+02
    -0.9716003E+02     0.4847538E+02
    -0.9716491E+02     0.4847904E+02
    -0.9716132E+02     0.4848402E+02
    -0.9715009E+02     0.4848524E+02
    -0.9714547E+02     0.4848707E+02
    -0.9714092E+02     0.4849598E+02
    -0.9715216E+02     0.4850437E+02
    -0.9715464E+02     0.4850814E+02
    -0.9715359E+02     0.4851117E+02
    -0.9714828E+02     0.4851302E+02
    -0.9713489E+02     0.4851344E+02
    -0.9713408E+02     0.4851874E+02
    -0.9713697E+02     0.4852318E+02
    -0.9715107E+02     0.4851976E+02
    -0.9715517E+02     0.4852254E+02
    -0.9715808E+02     0.4852720E+02
    -0.9715748E+02     0.4853112E+02
    -0.9715420E+02     0.4853265E+02
    -0.9714457E+02     0.4853289E+02
    -0.9714709E+02     0.4853711E+02
    -0.9716062E+02     0.4854104E+02
    -0.9717018E+02     0.4854974E+02
    -0.9716620E+02     0.4855428E+02
    -0.9714720E+02     0.4855084E+02
    -0.9714343E+02     0.4855423E+02
    -0.9714584E+02     0.4855732E+02
    -0.9715054E+02     0.4855938E+02
    -0.9716642E+02     0.4855953E+02
    -0.9717231E+02     0.4856291E+02
    -0.9716937E+02     0.4856763E+02
    -0.9716027E+02     0.4857249E+02
    -0.9715666E+02     0.4857442E+02
    -0.9715951E+02     0.4857841E+02
    -0.9716424E+02     0.4858070E+02
    -0.9716454E+02     0.4858343E+02
    -0.9716123E+02     0.4858473E+02
    -0.9714890E+02     0.4858235E+02
    -0.9714542E+02     0.4859167E+02
    -0.9714748E+02     0.4859478E+02
    -0.9715710E+02     0.4859752E+02
    -0.9714207E+02     0.4860213E+02
    -0.9713769E+02     0.4860623E+02
    -0.9714080E+02     0.4860952E+02
    -0.9715069E+02     0.4860836E+02
    -0.9715669E+02     0.4860967E+02
    -0.9715040E+02     0.4861524E+02
    -0.9713693E+02     0.4861519E+02
    -0.9713536E+02     0.4861664E+02
    -0.9713834E+02     0.4862339E+02
    -0.9713578E+02     0.4862457E+02
    -0.9712920E+02     0.4861910E+02
    -0.9712462E+02     0.4861877E+02
    -0.9712532E+02     0.4862300E+02
    -0.9713428E+02     0.4863226E+02
    -0.9713358E+02     0.4863527E+02
    -0.9712948E+02     0.4863569E+02
    -0.9712175E+02     0.4863125E+02
    -0.9711527E+02     0.4863202E+02
    -0.9711439E+02     0.4863664E+02
    -0.9712072E+02     0.4864412E+02
    -0.9711127E+02     0.4864938E+02
    -0.9710248E+02     0.4866078E+02
    -0.9710390E+02     0.4866437E+02
    -0.9710823E+02     0.4866600E+02
    -0.9710332E+02     0.4867173E+02
    -0.9710213E+02     0.4868002E+02
    -0.9709577E+02     0.4868513E+02
    -0.9709592E+02     0.4868650E+02
    -0.9710493E+02     0.4868996E+02
    -0.9712346E+02     0.4870144E+02
    -0.9712177E+02     0.4870496E+02
    -0.9711304E+02     0.4870743E+02
    -0.9711440E+02     0.4871034E+02
    -0.9713023E+02     0.4871921E+02
    -0.9713822E+02     0.4872592E+02
    -0.9713267E+02     0.4873214E+02
    -0.9713471E+02     0.4873502E+02
    -0.9714322E+02     0.4873690E+02
    -0.9714480E+02     0.4873866E+02
    -0.9713971E+02     0.4874599E+02
    -0.9714146E+02     0.4874935E+02
    -0.9714928E+02     0.4875126E+02
    -0.9715462E+02     0.4875582E+02
    -0.9715448E+02     0.4876086E+02
    -0.9714973E+02     0.4876498E+02
    -0.9715080E+02     0.4876836E+02
    -0.9716114E+02     0.4877428E+02
    -0.9715285E+02     0.4878085E+02
    -0.9715950E+02     0.4878466E+02
    -0.9716298E+02     0.4879113E+02
    -0.9717445E+02     0.4880088E+02
    -0.9716319E+02     0.4880577E+02
    -0.9715480E+02     0.4881144E+02
    -0.9718579E+02     0.4881270E+02
    -0.9719301E+02     0.4881533E+02
    -0.9718984E+02     0.4881800E+02
    -0.9718341E+02     0.4881946E+02
    -0.9718127E+02     0.4882208E+02
    -0.9718159E+02     0.4882504E+02
    -0.9718668E+02     0.4883029E+02
    -0.9718604E+02     0.4883398E+02
    -0.9717868E+02     0.4883319E+02
    -0.9717331E+02     0.4883482E+02
    -0.9717329E+02     0.4884100E+02
    -0.9717677E+02     0.4884427E+02
    -0.9718845E+02     0.4884646E+02
    -0.9718023E+02     0.4885052E+02
    -0.9717814E+02     0.4885359E+02
    -0.9718262E+02     0.4886277E+02
    -0.9718607E+02     0.4886387E+02
    -0.9719448E+02     0.4886655E+02
    -0.9718335E+02     0.4887289E+02
END
END
