mississippi
1
    -0.8839853E+02     0.3034341E+02
    -0.8839735E+02     0.3034043E+02
    -0.8839798E+02     0.3034004E+02
    -0.8839952E+02     0.3034168E+02
    -0.8839965E+02     0.3034673E+02
    -0.8839782E+02     0.3035085E+02
    -0.8839782E+02     0.3035085E+02
    -0.8839735E+02     0.3034043E+02
END
2
    -0.8917898E+02     0.3288339E+02
    -0.8839920E+02     0.3038171E+02
    -0.8840183E+02     0.3038257E+02
    -0.8840427E+02     0.3038102E+02
    -0.8840512E+02     0.3037874E+02
    -0.8840343E+02     0.3037297E+02
    -0.8839925E+02     0.3037058E+02
    -0.8839866E+02     0.3036966E+02
    -0.8839866E+02     0.3036966E+02
    -0.8839782E+02     0.3035085E+02
    -0.8839782E+02     0.3035085E+02
    -0.8840154E+02     0.3035480E+02
    -0.8839961E+02     0.3035751E+02
    -0.8840263E+02     0.3036354E+02
    -0.8840871E+02     0.3036367E+02
    -0.8841385E+02     0.3035988E+02
    -0.8842126E+02     0.3035981E+02
    -0.8842238E+02     0.3035800E+02
    -0.8841567E+02     0.3035143E+02
    -0.8841836E+02     0.3034988E+02
    -0.8842683E+02     0.3034983E+02
    -0.8842884E+02     0.3035400E+02
    -0.8843656E+02     0.3035233E+02
    -0.8844077E+02     0.3035357E+02
    -0.8844123E+02     0.3035587E+02
    -0.8843903E+02     0.3035881E+02
    -0.8844030E+02     0.3036113E+02
    -0.8844931E+02     0.3036063E+02
    -0.8845240E+02     0.3036390E+02
    -0.8845947E+02     0.3035740E+02
    -0.8846342E+02     0.3035794E+02
    -0.8846427E+02     0.3036553E+02
    -0.8846661E+02     0.3036741E+02
    -0.8846844E+02     0.3035850E+02
    -0.8847089E+02     0.3035580E+02
    -0.8846653E+02     0.3035066E+02
    -0.8846565E+02     0.3034399E+02
    -0.8846228E+02     0.3034140E+02
    -0.8845983E+02     0.3034387E+02
    -0.8845826E+02     0.3035301E+02
    -0.8845376E+02     0.3035292E+02
    -0.8845184E+02     0.3035540E+02
    -0.8844920E+02     0.3035512E+02
    -0.8844674E+02     0.3034818E+02
    -0.8844135E+02     0.3034188E+02
    -0.8844096E+02     0.3033705E+02
    -0.8844239E+02     0.3033272E+02
    -0.8844972E+02     0.3032599E+02
    -0.8845667E+02     0.3032387E+02
    -0.8845747E+02     0.3032363E+02
    -0.8846720E+02     0.3031603E+02
    -0.8847252E+02     0.3031499E+02
    -0.8847964E+02     0.3031583E+02
    -0.8848312E+02     0.3031453E+02
    -0.8849207E+02     0.3031655E+02
    -0.8849960E+02     0.3032221E+02
    -0.8850616E+02     0.3032395E+02
    -0.8850768E+02     0.3032697E+02
    -0.8850599E+02     0.3033060E+02
    -0.8849678E+02     0.3033844E+02
    -0.8849914E+02     0.3033941E+02
    -0.8850506E+02     0.3033563E+02
    -0.8850658E+02     0.3033842E+02
    -0.8850241E+02     0.3034567E+02
    -0.8850304E+02     0.3035188E+02
    -0.8850536E+02     0.3035422E+02
    -0.8850694E+02     0.3034462E+02
    -0.8851133E+02     0.3033874E+02
    -0.8851253E+02     0.3033372E+02
    -0.8851833E+02     0.3033430E+02
    -0.8852122E+02     0.3033548E+02
    -0.8852776E+02     0.3033816E+02
    -0.8853936E+02     0.3034000E+02
    -0.8855524E+02     0.3034009E+02
    -0.8855707E+02     0.3034128E+02
    -0.8855329E+02     0.3034396E+02
    -0.8855535E+02     0.3034606E+02
    -0.8856035E+02     0.3034731E+02
    -0.8855759E+02     0.3038213E+02
    -0.8855153E+02     0.3038086E+02
    -0.8854751E+02     0.3038261E+02
    -0.8854770E+02     0.3038560E+02
    -0.8855260E+02     0.3039052E+02
    -0.8855874E+02     0.3038881E+02
    -0.8856857E+02     0.3039749E+02
    -0.8856996E+02     0.3039499E+02
    -0.8857288E+02     0.3039505E+02
    -0.8857755E+02     0.3039905E+02
    -0.8859285E+02     0.3040119E+02
    -0.8860502E+02     0.3039157E+02
    -0.8860691E+02     0.3039000E+02
    -0.8860632E+02     0.3038218E+02
    -0.8860812E+02     0.3037373E+02
    -0.8861326E+02     0.3036993E+02
    -0.8862427E+02     0.3036396E+02
    -0.8864431E+02     0.3035678E+02
    -0.8865494E+02     0.3035538E+02
    -0.8866203E+02     0.3035758E+02
    -0.8867324E+02     0.3035390E+02
    -0.8867963E+02     0.3035265E+02
    -0.8868912E+02     0.3034365E+02
    -0.8870461E+02     0.3033799E+02
    -0.8871364E+02     0.3033701E+02
    -0.8872231E+02     0.3033970E+02
    -0.8873843E+02     0.3034092E+02
    -0.8877654E+02     0.3036366E+02
    -0.8879089E+02     0.3037075E+02
    -0.8880454E+02     0.3037749E+02
    -0.8880870E+02     0.3038078E+02
    -0.8880731E+02     0.3038350E+02
    -0.8880156E+02     0.3038019E+02
    -0.8879202E+02     0.3038070E+02
    -0.8877818E+02     0.3037264E+02
    -0.8877271E+02     0.3037965E+02
    -0.8877529E+02     0.3038245E+02
    -0.8878666E+02     0.3038335E+02
    -0.8879340E+02     0.3038944E+02
    -0.8880373E+02     0.3038894E+02
    -0.8881680E+02     0.3039630E+02
    -0.8882941E+02     0.3040066E+02
    -0.8884052E+02     0.3040659E+02
    -0.8884319E+02     0.3041215E+02
    -0.8885208E+02     0.3041713E+02
    -0.8885310E+02     0.3041898E+02
    -0.8885012E+02     0.3042168E+02
    -0.8883833E+02     0.3041619E+02
    -0.8883146E+02     0.3041515E+02
    -0.8882823E+02     0.3041738E+02
    -0.8883160E+02     0.3042066E+02
    -0.8883897E+02     0.3042262E+02
    -0.8884391E+02     0.3042661E+02
    -0.8885105E+02     0.3042720E+02
    -0.8886093E+02     0.3042371E+02
    -0.8887093E+02     0.3042687E+02
    -0.8887228E+02     0.3042575E+02
    -0.8887212E+02     0.3042093E+02
    -0.8888542E+02     0.3041887E+02
    -0.8889044E+02     0.3041942E+02
    -0.8889435E+02     0.3042224E+02
    -0.8890965E+02     0.3042504E+02
    -0.8891182E+02     0.3042479E+02
    -0.8891311E+02     0.3042464E+02
    -0.8891796E+02     0.3042083E+02
    -0.8892261E+02     0.3042619E+02
    -0.8892604E+02     0.3042693E+02
    -0.8892899E+02     0.3042538E+02
    -0.8893336E+02     0.3041949E+02
    -0.8894473E+02     0.3042038E+02
    -0.8894847E+02     0.3041884E+02
    -0.8895403E+02     0.3041916E+02
    -0.8895823E+02     0.3042107E+02
    -0.8896990E+02     0.3042013E+02
    -0.8897268E+02     0.3041444E+02
    -0.8897616E+02     0.3041312E+02
    -0.8897845E+02     0.3041683E+02
    -0.8897937E+02     0.3042350E+02
    -0.8898457E+02     0.3042818E+02
    -0.8897858E+02     0.3043496E+02
    -0.8897033E+02     0.3043665E+02
    -0.8895874E+02     0.3044563E+02
    -0.8894946E+02     0.3044592E+02
    -0.8894729E+02     0.3044795E+02
    -0.8895489E+02     0.3045198E+02
    -0.8895807E+02     0.3045181E+02
    -0.8896994E+02     0.3044238E+02
    -0.8897657E+02     0.3044203E+02
    -0.8898035E+02     0.3043912E+02
    -0.8899099E+02     0.3043700E+02
    -0.8899964E+02     0.3042935E+02
    -0.8900959E+02     0.3043480E+02
    -0.8900998E+02     0.3042907E+02
    -0.8900639E+02     0.3042373E+02
    -0.8900031E+02     0.3042294E+02
    -0.8899602E+02     0.3042539E+02
    -0.8899100E+02     0.3042485E+02
    -0.8898898E+02     0.3042023E+02
    -0.8899121E+02     0.3041522E+02
    -0.8899830E+02     0.3041809E+02
    -0.8900411E+02     0.3041865E+02
    -0.8900695E+02     0.3040998E+02
    -0.8901849E+02     0.3040352E+02
    -0.8900919E+02     0.3040451E+02
    -0.8900665E+02     0.3040570E+02
    -0.8899876E+02     0.3040938E+02
    -0.8898824E+02     0.3040576E+02
    -0.8898208E+02     0.3040886E+02
    -0.8897495E+02     0.3040805E+02
    -0.8896637E+02     0.3041227E+02
    -0.8895980E+02     0.3041009E+02
    -0.8895683E+02     0.3041256E+02
    -0.8895134E+02     0.3040925E+02
    -0.8894334E+02     0.3041141E+02
    -0.8893411E+02     0.3040941E+02
    -0.8891334E+02     0.3041455E+02
    -0.8890939E+02     0.3041333E+02
    -0.8890736E+02     0.3040963E+02
    -0.8890420E+02     0.3040865E+02
    -0.8889907E+02     0.3041269E+02
    -0.8888754E+02     0.3040721E+02
    -0.8888009E+02     0.3040891E+02
    -0.8887776E+02     0.3040635E+02
    -0.8887360E+02     0.3040283E+02
    -0.8886561E+02     0.3040498E+02
    -0.8886121E+02     0.3040077E+02
    -0.8885618E+02     0.3040046E+02
    -0.8885707E+02     0.3039634E+02
    -0.8885456E+02     0.3039010E+02
    -0.8885884E+02     0.3038857E+02
    -0.8886758E+02     0.3038850E+02
    -0.8887469E+02     0.3039046E+02
    -0.8893483E+02     0.3038969E+02
    -0.8897917E+02     0.3038450E+02
    -0.8899110E+02     0.3038203E+02
    -0.8899966E+02     0.3038026E+02
    -0.8901421E+02     0.3038074E+02
    -0.8903206E+02     0.3037622E+02
    -0.8904267E+02     0.3037525E+02
    -0.8906773E+02     0.3036741E+02
    -0.8907603E+02     0.3036319E+02
    -0.8907974E+02     0.3036302E+02
    -0.8908217E+02     0.3036077E+02
    -0.8907888E+02     0.3035360E+02
    -0.8908160E+02     0.3035043E+02
    -0.8908733E+02     0.3035443E+02
    -0.8909090E+02     0.3034898E+02
    -0.8909451E+02     0.3035340E+02
    -0.8909364E+02     0.3035682E+02
    -0.8909546E+02     0.3035846E+02
    -0.8910342E+02     0.3035599E+02
    -0.8912211E+02     0.3035018E+02
    -0.8913867E+02     0.3034287E+02
    -0.8917887E+02     0.3033181E+02
    -0.8921353E+02     0.3031928E+02
    -0.8923976E+02     0.3031255E+02
    -0.8926328E+02     0.3030651E+02
    -0.8927634E+02     0.3030143E+02
    -0.8928824E+02     0.3030184E+02
    -0.8929161E+02     0.3030579E+02
    -0.8929382E+02     0.3032807E+02
    -0.8929272E+02     0.3033035E+02
    -0.8928902E+02     0.3032984E+02
    -0.8928178E+02     0.3032147E+02
    -0.8927961E+02     0.3032396E+02
    -0.8928060E+02     0.3032742E+02
    -0.8927897E+02     0.3032991E+02
    -0.8927046E+02     0.3033185E+02
    -0.8926932E+02     0.3033596E+02
    -0.8924944E+02     0.3033722E+02
    -0.8924891E+02     0.3033726E+02
    -0.8924648E+02     0.3033974E+02
    -0.8925224E+02     0.3034328E+02
    -0.8926259E+02     0.3034183E+02
    -0.8927815E+02     0.3034481E+02
    -0.8928882E+02     0.3035438E+02
    -0.8927847E+02     0.3035606E+02
    -0.8927708E+02     0.3035902E+02
    -0.8929501E+02     0.3036296E+02
    -0.8930594E+02     0.3035899E+02
    -0.8930991E+02     0.3035951E+02
    -0.8931118E+02     0.3036205E+02
    -0.8930553E+02     0.3036633E+02
    -0.8930467E+02     0.3036999E+02
    -0.8930646E+02     0.3037368E+02
    -0.8931013E+02     0.3037511E+02
    -0.8934818E+02     0.3036604E+02
    -0.8935406E+02     0.3036245E+02
    -0.8937270E+02     0.3034254E+02
    -0.8937354E+02     0.3034002E+02
    -0.8937199E+02     0.3033817E+02
    -0.8936641E+02     0.3033893E+02
    -0.8936137E+02     0.3033962E+02
    -0.8936037E+02     0.3033662E+02
    -0.8937578E+02     0.3033340E+02
    -0.8938922E+02     0.3033658E+02
    -0.8939365E+02     0.3034031E+02
    -0.8939531E+02     0.3035112E+02
    -0.8939433E+02     0.3036143E+02
    -0.8939676E+02     0.3037339E+02
    -0.8939323E+02     0.3037816E+02
    -0.8939937E+02     0.3039017E+02
    -0.8940255E+02     0.3038999E+02
    -0.8940484E+02     0.3036593E+02
    -0.8940073E+02     0.3035876E+02
    -0.8940254E+02     0.3034663E+02
    -0.8940527E+02     0.3034208E+02
    -0.8941091E+02     0.3033758E+02
    -0.8941463E+02     0.3033694E+02
    -0.8941870E+02     0.3033126E+02
    -0.8941369E+02     0.3033050E+02
    -0.8940222E+02     0.3033516E+02
    -0.8937825E+02     0.3032862E+02
    -0.8936686E+02     0.3032915E+02
    -0.8936127E+02     0.3033067E+02
    -0.8934467E+02     0.3034098E+02
    -0.8934124E+02     0.3034047E+02
    -0.8933678E+02     0.3033811E+02
    -0.8933112E+02     0.3032931E+02
    -0.8932149E+02     0.3032091E+02
    -0.8931950E+02     0.3031446E+02
    -0.8932203E+02     0.3030647E+02
    -0.8933197E+02     0.3029830E+02
    -0.8933493E+02     0.3029588E+02
    -0.8936567E+02     0.3027912E+02
    -0.8937646E+02     0.3026780E+02
    -0.8938261E+02     0.3026422E+02
    -0.8939162E+02     0.3026366E+02
    -0.8941003E+02     0.3025474E+02
    -0.8941646E+02     0.3025002E+02
    -0.8941998E+02     0.3024594E+02
    -0.8942004E+02     0.3024250E+02
    -0.8941413E+02     0.3023255E+02
    -0.8941553E+02     0.3022844E+02
    -0.8942624E+02     0.3022102E+02
    -0.8942661E+02     0.3022041E+02
    -0.8943169E+02     0.3021215E+02
    -0.8944166E+02     0.3020127E+02
    -0.8944228E+02     0.3019623E+02
    -0.8943871E+02     0.3018861E+02
    -0.8943932E+02     0.3018449E+02
    -0.8944865E+02     0.3017980E+02
    -0.8945938E+02     0.3017055E+02
    -0.8946408E+02     0.3017382E+02
    -0.8946270E+02     0.3017747E+02
    -0.8945597E+02     0.3018427E+02
    -0.8946037E+02     0.3018937E+02
    -0.8947810E+02     0.3018893E+02
    -0.8948236E+02     0.3018692E+02
    -0.8948721E+02     0.3018171E+02
    -0.8949619E+02     0.3018160E+02
    -0.8950120E+02     0.3018249E+02
    -0.8951859E+02     0.3018558E+02
    -0.8953320E+02     0.3019747E+02
    -0.8954034E+02     0.3019711E+02
    -0.8955746E+02     0.3018540E+02
    -0.8956223E+02     0.3018409E+02
    -0.8956936E+02     0.3018487E+02
    -0.8958061E+02     0.3019144E+02
    -0.8958501E+02     0.3019700E+02
    -0.8958411E+02     0.3020364E+02
    -0.8959804E+02     0.3020887E+02
    -0.8959804E+02     0.3020887E+02
    -0.8960111E+02     0.3021510E+02
    -0.8961019E+02     0.3022600E+02
    -0.8961221E+02     0.3023176E+02
    -0.8961157E+02     0.3023864E+02
    -0.8961465E+02     0.3024418E+02
    -0.8962568E+02     0.3024937E+02
    -0.8962851E+02     0.3025422E+02
    -0.8963210E+02     0.3027767E+02
    -0.8964443E+02     0.3028470E+02
    -0.8963872E+02     0.3029427E+02
    -0.8963942E+02     0.3030024E+02
    -0.8963697E+02     0.3030457E+02
    -0.8963147E+02     0.3030591E+02
    -0.8962714E+02     0.3030697E+02
    -0.8962389E+02     0.3031175E+02
    -0.8962868E+02     0.3032649E+02
    -0.8962868E+02     0.3032649E+02
    -0.8962880E+02     0.3033566E+02
    -0.8963084E+02     0.3033982E+02
    -0.8965255E+02     0.3035684E+02
    -0.8965916E+02     0.3037389E+02
    -0.8966571E+02     0.3037856E+02
    -0.8967496E+02     0.3039657E+02
    -0.8967789E+02     0.3039614E+02
    -0.8968148E+02     0.3040353E+02
    -0.8967983E+02     0.3041007E+02
    -0.8967780E+02     0.3041817E+02
    -0.8968262E+02     0.3044965E+02
    -0.8968890E+02     0.3045431E+02
    -0.8969225E+02     0.3046078E+02
    -0.8970147E+02     0.3046456E+02
    -0.8970584E+02     0.3047287E+02
    -0.8971503E+02     0.3047871E+02
    -0.8972153E+02     0.3048705E+02
    -0.8972887E+02     0.3049241E+02
    -0.8974178E+02     0.3051550E+02
    -0.8974306E+02     0.3051787E+02
    -0.8974901E+02     0.3052888E+02
    -0.8975320E+02     0.3053168E+02
    -0.8976723E+02     0.3053391E+02
    -0.8977749E+02     0.3053976E+02
    -0.8979233E+02     0.3054039E+02
    -0.8979494E+02     0.3054340E+02
    -0.8979223E+02     0.3054704E+02
    -0.8979299E+02     0.3054935E+02
    -0.8980003E+02     0.3055768E+02
    -0.8979816E+02     0.3055904E+02
    -0.8978781E+02     0.3055938E+02
    -0.8978298E+02     0.3056276E+02
    -0.8978532E+02     0.3056669E+02
    -0.8979752E+02     0.3056637E+02
    -0.8980333E+02     0.3056827E+02
    -0.8980647E+02     0.3057174E+02
    -0.8980659E+02     0.3058092E+02
    -0.8980924E+02     0.3058164E+02
    -0.8980814E+02     0.3058415E+02
    -0.8981469E+02     0.3059018E+02
    -0.8981514E+02     0.3059470E+02
    -0.8981585E+02     0.3060189E+02
    -0.8981995E+02     0.3061203E+02
    -0.8982571E+02     0.3061714E+02
    -0.8981790E+02     0.3062554E+02
    -0.8981409E+02     0.3063260E+02
    -0.8981638E+02     0.3063882E+02
    -0.8982269E+02     0.3064394E+02
    -0.8982708E+02     0.3065224E+02
    -0.8983688E+02     0.3065373E+02
    -0.8984872E+02     0.3066074E+02
    -0.8984498E+02     0.3066322E+02
    -0.8983620E+02     0.3066358E+02
    -0.8983351E+02     0.3066630E+02
    -0.8983871E+02     0.3067462E+02
    -0.8983490E+02     0.3068122E+02
    -0.8983907E+02     0.3068631E+02
    -0.8983289E+02     0.3069221E+02
    -0.8983494E+02     0.3069705E+02
    -0.8983990E+02     0.3070260E+02
    -0.8983710E+02     0.3071335E+02
    -0.8983020E+02     0.3071282E+02
    -0.8982397E+02     0.3072077E+02
    -0.8983033E+02     0.3072245E+02
    -0.8983136E+02     0.3072475E+02
    -0.8982947E+02     0.3072725E+02
    -0.8983312E+02     0.3073142E+02
    -0.8982806E+02     0.3073297E+02
    -0.8981507E+02     0.3073076E+02
    -0.8981213E+02     0.3073211E+02
    -0.8980967E+02     0.3073643E+02
    -0.8981068E+02     0.3074035E+02
    -0.8981839E+02     0.3073997E+02
    -0.8982017E+02     0.3074595E+02
    -0.8982223E+02     0.3074771E+02
    -0.8982673E+02     0.3075153E+02
    -0.8982457E+02     0.3077237E+02
    -0.8982265E+02     0.3077694E+02
    -0.8981759E+02     0.3077734E+02
    -0.8981570E+02     0.3077892E+02
    -0.8981342E+02     0.3078991E+02
    -0.8980931E+02     0.3079857E+02
    -0.8980157E+02     0.3080032E+02
    -0.8979800E+02     0.3080807E+02
    -0.8978521E+02     0.3081068E+02
    -0.8978168E+02     0.3081546E+02
    -0.8978346E+02     0.3082098E+02
    -0.8978101E+02     0.3082531E+02
    -0.8978122E+02     0.3082898E+02
    -0.8978491E+02     0.3083109E+02
    -0.8978506E+02     0.3083842E+02
    -0.8978972E+02     0.3084765E+02
    -0.8978972E+02     0.3084765E+02
    -0.8977499E+02     0.3087160E+02
    -0.8976571E+02     0.3089148E+02
    -0.8975462E+02     0.3090658E+02
    -0.8975311E+02     0.3093297E+02
    -0.8975096E+02     0.3094367E+02
    -0.8973085E+02     0.3097658E+02
    -0.8972675E+02     0.3098931E+02
    -0.8973087E+02     0.3099804E+02
    -0.8974023E+02     0.3099736E+02
    -0.9000000E+02     0.3099764E+02
    -0.9005930E+02     0.3099771E+02
    -0.9163174E+02     0.3099951E+02
    -0.9161919E+02     0.3100737E+02
    -0.9158383E+02     0.3102030E+02
    -0.9156020E+02     0.3104412E+02
    -0.9156180E+02     0.3106438E+02
    -0.9159285E+02     0.3108618E+02
    -0.9161298E+02     0.3110577E+02
    -0.9162466E+02     0.3113330E+02
    -0.9160860E+02     0.3115569E+02
    -0.9160184E+02     0.3116291E+02
    -0.9159500E+02     0.3118894E+02
    -0.9159747E+02     0.3120631E+02
    -0.9161259E+02     0.3121938E+02
    -0.9162939E+02     0.3123244E+02
    -0.9164453E+02     0.3124333E+02
    -0.9163941E+02     0.3126213E+02
    -0.9161158E+02     0.3126858E+02
    -0.9156355E+02     0.3126266E+02
    -0.9153657E+02     0.3126547E+02
    -0.9151629E+02     0.3127771E+02
    -0.9150775E+02     0.3130156E+02
    -0.9151862E+02     0.3132185E+02
    -0.9154302E+02     0.3133639E+02
    -0.9154545E+02     0.3136245E+02
    -0.9154285E+02     0.3137691E+02
    -0.9154875E+02     0.3138054E+02
    -0.9155466E+02     0.3137984E+02
    -0.9155805E+02     0.3137551E+02
    -0.9156902E+02     0.3137554E+02
    -0.9157320E+02     0.3138712E+02
    -0.9157482E+02     0.3140304E+02
    -0.9156381E+02     0.3141314E+02
    -0.9155617E+02     0.3142397E+02
    -0.9154519E+02     0.3142611E+02
    -0.9153761E+02     0.3142174E+02
    -0.9153007E+02     0.3140797E+02
    -0.9152340E+02     0.3138914E+02
    -0.9151419E+02     0.3137103E+02
    -0.9149566E+02     0.3136373E+02
    -0.9148299E+02     0.3136803E+02
    -0.9147366E+02     0.3137740E+02
    -0.9147191E+02     0.3139114E+02
    -0.9147183E+02     0.3140633E+02
    -0.9148865E+02     0.3142086E+02
    -0.9150041E+02     0.3143247E+02
    -0.9151130E+02     0.3145276E+02
    -0.9151627E+02     0.3147520E+02
    -0.9151282E+02     0.3149255E+02
    -0.9151531E+02     0.3150196E+02
    -0.9151950E+02     0.3150921E+02
    -0.9151778E+02     0.3151499E+02
    -0.9151678E+02     0.3151522E+02
    -0.9151678E+02     0.3151522E+02
    -0.9150848E+02     0.3151713E+02
    -0.9148142E+02     0.3152210E+02
    -0.9147549E+02     0.3152642E+02
    -0.9143147E+02     0.3154218E+02
    -0.9141872E+02     0.3155515E+02
    -0.9140595E+02     0.3157100E+02
    -0.9140249E+02     0.3158690E+02
    -0.9139904E+02     0.3159846E+02
    -0.9140578E+02     0.3160427E+02
    -0.9140911E+02     0.3161224E+02
    -0.9140911E+02     0.3161224E+02
    -0.9140145E+02     0.3162161E+02
    -0.9139886E+02     0.3163245E+02
    -0.9139371E+02     0.3164473E+02
    -0.9139442E+02     0.3166859E+02
    -0.9139600E+02     0.3169030E+02
    -0.9139674E+02     0.3170838E+02
    -0.9139329E+02     0.3172066E+02
    -0.9138561E+02     0.3173147E+02
    -0.9137621E+02     0.3174806E+02
    -0.9137016E+02     0.3176828E+02
    -0.9136246E+02     0.3178127E+02
    -0.9135728E+02     0.3179860E+02
    -0.9134785E+02     0.3181519E+02
    -0.9134785E+02     0.3181519E+02
    -0.9134443E+02     0.3182168E+02
    -0.9133583E+02     0.3184189E+02
    -0.9131713E+02     0.3185048E+02
    -0.9129080E+02     0.3185831E+02
    -0.9127132E+02     0.3185532E+02
    -0.9125011E+02     0.3185811E+02
    -0.9122969E+02     0.3186885E+02
    -0.9122195E+02     0.3188399E+02
    -0.9120830E+02     0.3189621E+02
    -0.9119461E+02     0.3191204E+02
    -0.9118763E+02     0.3193730E+02
    -0.9117979E+02     0.3196401E+02
    -0.9116953E+02     0.3197407E+02
    -0.9115759E+02     0.3198268E+02
    -0.9115759E+02     0.3198268E+02
    -0.9113642E+02     0.3198272E+02
    -0.9110969E+02     0.3198606E+02
    -0.9109211E+02     0.3199907E+02
    -0.9109149E+02     0.3200000E+02
    -0.9109149E+02     0.3200000E+02
    -0.9108041E+02     0.3201571E+02
    -0.9108041E+02     0.3201571E+02
    -0.9108123E+02     0.3202436E+02
    -0.9108861E+02     0.3202842E+02
    -0.9108861E+02     0.3202842E+02
    -0.9109092E+02     0.3202924E+02
    -0.9109554E+02     0.3203089E+02
    -0.9111034E+02     0.3203585E+02
    -0.9112099E+02     0.3203917E+02
    -0.9112939E+02     0.3203849E+02
    -0.9114746E+02     0.3204309E+02
    -0.9115532E+02     0.3204597E+02
    -0.9116178E+02     0.3204922E+02
    -0.9116309E+02     0.3205360E+02
    -0.9116392E+02     0.3205956E+02
    -0.9116283E+02     0.3206747E+02
    -0.9115110E+02     0.3207207E+02
    -0.9114780E+02     0.3207440E+02
    -0.9114361E+02     0.3207434E+02
    -0.9113380E+02     0.3207580E+02
    -0.9112914E+02     0.3207534E+02
    -0.9112544E+02     0.3207056E+02
    -0.9112544E+02     0.3207056E+02
    -0.9111676E+02     0.3206070E+02
    -0.9109508E+02     0.3205268E+02
    -0.9108401E+02     0.3205213E+02
    -0.9108401E+02     0.3205213E+02
    -0.9107458E+02     0.3205590E+02
    -0.9107048E+02     0.3206020E+02
    -0.9107116E+02     0.3206891E+02
    -0.9107858E+02     0.3207610E+02
    -0.9109378E+02     0.3208634E+02
    -0.9108368E+02     0.3209180E+02
    -0.9108368E+02     0.3209180E+02
    -0.9106567E+02     0.3209405E+02
    -0.9105023E+02     0.3210006E+02
    -0.9103875E+02     0.3211116E+02
    -0.9103654E+02     0.3211591E+02
    -0.9103654E+02     0.3211591E+02
    -0.9103291E+02     0.3212374E+02
    -0.9103291E+02     0.3212374E+02
    -0.9102900E+02     0.3213212E+02
    -0.9101038E+02     0.3214162E+02
    -0.9101038E+02     0.3214162E+02
    -0.9100809E+02     0.3214334E+02
    -0.9100472E+02     0.3215178E+02
    -0.9100877E+02     0.3216047E+02
    -0.9100877E+02     0.3216047E+02
    -0.9104391E+02     0.3217902E+02
    -0.9105144E+02     0.3218025E+02
    -0.9105362E+02     0.3217890E+02
    -0.9105807E+02     0.3216956E+02
    -0.9105508E+02     0.3215303E+02
    -0.9105584E+02     0.3213884E+02
    -0.9106310E+02     0.3213960E+02
    -0.9108528E+02     0.3215176E+02
    -0.9109660E+02     0.3215165E+02
    -0.9109869E+02     0.3214961E+02
    -0.9111217E+02     0.3213647E+02
    -0.9112245E+02     0.3213337E+02
    -0.9113351E+02     0.3213234E+02
    -0.9114777E+02     0.3213317E+02
    -0.9115636E+02     0.3213601E+02
    -0.9116543E+02     0.3214228E+02
    -0.9117485E+02     0.3216254E+02
    -0.9117530E+02     0.3216873E+02
    -0.9117216E+02     0.3218129E+02
    -0.9117235E+02     0.3218748E+02
    -0.9116425E+02     0.3219831E+02
    -0.9115450E+02     0.3221135E+02
    -0.9113797E+02     0.3221737E+02
    -0.9111316E+02     0.3221734E+02
    -0.9110151E+02     0.3222134E+02
    -0.9109226E+02     0.3222674E+02
    -0.9108225E+02     0.3222892E+02
    -0.9107471E+02     0.3222815E+02
    -0.9106994E+02     0.3222306E+02
    -0.9106685E+02     0.3221295E+02
    -0.9106133E+02     0.3220418E+02
    -0.9104911E+02     0.3219849E+02
    -0.9104419E+02     0.3219620E+02
    -0.9103288E+02     0.3219539E+02
    -0.9102449E+02     0.3219759E+02
    -0.9101319E+02     0.3219631E+02
    -0.9100021E+02     0.3219868E+02
    -0.9098793E+02     0.3220570E+02
    -0.9097799E+02     0.3222271E+02
    -0.9097982E+02     0.3222616E+02
    -0.9097333E+02     0.3224464E+02
    -0.9097314E+02     0.3225587E+02
    -0.9097924E+02     0.3226864E+02
    -0.9098805E+02     0.3228537E+02
    -0.9098572E+02     0.3229633E+02
    -0.9097860E+02     0.3230244E+02
    -0.9096245E+02     0.3229996E+02
    -0.9092118E+02     0.3229998E+02
    -0.9092118E+02     0.3229998E+02
    -0.9091289E+02     0.3230675E+02
    -0.9090203E+02     0.3232070E+02
    -0.9091241E+02     0.3233830E+02
    -0.9093909E+02     0.3234183E+02
    -0.9097282E+02     0.3234338E+02
    -0.9099757E+02     0.3234871E+02
    -0.9100777E+02     0.3235295E+02
    -0.9101257E+02     0.3235736E+02
    -0.9101570E+02     0.3236404E+02
    -0.9101098E+02     0.3237348E+02
    -0.9101012E+02     0.3237520E+02
    -0.9100329E+02     0.3238039E+02
    -0.9099770E+02     0.3239155E+02
    -0.9099670E+02     0.3240392E+02
    -0.9100169E+02     0.3241291E+02
    -0.9100595E+02     0.3241708E+02
    -0.9103038E+02     0.3242790E+02
    -0.9106618E+02     0.3243838E+02
    -0.9108228E+02     0.3244611E+02
    -0.9108734E+02     0.3244908E+02
    -0.9109461E+02     0.3245335E+02
    -0.9110741E+02     0.3246563E+02
    -0.9111430E+02     0.3247601E+02
    -0.9111661E+02     0.3248451E+02
    -0.9111616E+02     0.3249711E+02
    -0.9111497E+02     0.3250466E+02
    -0.9110168E+02     0.3252491E+02
    -0.9109908E+02     0.3253680E+02
    -0.9110103E+02     0.3255103E+02
    -0.9110103E+02     0.3255103E+02
    -0.9109908E+02     0.3255468E+02
    -0.9109044E+02     0.3255321E+02
    -0.9108224E+02     0.3254861E+02
    -0.9106786E+02     0.3252432E+02
    -0.9106786E+02     0.3252432E+02
    -0.9105760E+02     0.3250473E+02
    -0.9104400E+02     0.3249198E+02
    -0.9101898E+02     0.3248299E+02
    -0.9100681E+02     0.3248331E+02
    -0.9099974E+02     0.3248529E+02
    -0.9099586E+02     0.3249120E+02
    -0.9099734E+02     0.3249970E+02
    -0.9100473E+02     0.3251170E+02
    -0.9101391E+02     0.3251341E+02
    -0.9102512E+02     0.3251875E+02
    -0.9104346E+02     0.3252749E+02
    -0.9104853E+02     0.3253177E+02
    -0.9104853E+02     0.3253177E+02
    -0.9106243E+02     0.3254351E+02
    -0.9107290E+02     0.3254958E+02
    -0.9107848E+02     0.3255675E+02
    -0.9107864E+02     0.3256778E+02
    -0.9107864E+02     0.3256778E+02
    -0.9106750E+02     0.3260223E+02
    -0.9104809E+02     0.3262868E+02
    -0.9104809E+02     0.3262868E+02
    -0.9104144E+02     0.3264159E+02
    -0.9103997E+02     0.3264913E+02
    -0.9103997E+02     0.3264913E+02
    -0.9104421E+02     0.3265491E+02
    -0.9109510E+02     0.3267224E+02
    -0.9110763E+02     0.3267653E+02
    -0.9111040E+02     0.3267921E+02
    -0.9111402E+02     0.3268270E+02
    -0.9111369E+02     0.3268683E+02
    -0.9111369E+02     0.3268683E+02
    -0.9108904E+02     0.3270375E+02
    -0.9106744E+02     0.3271521E+02
    -0.9106744E+02     0.3271521E+02
    -0.9106161E+02     0.3272408E+02
    -0.9106459E+02     0.3273320E+02
    -0.9107188E+02     0.3274391E+02
    -0.9108318E+02     0.3275090E+02
    -0.9109982E+02     0.3275580E+02
    -0.9109982E+02     0.3275580E+02
    -0.9111462E+02     0.3275399E+02
    -0.9113523E+02     0.3275466E+02
    -0.9114037E+02     0.3275632E+02
    -0.9114919E+02     0.3276603E+02
    -0.9114947E+02     0.3276862E+02
    -0.9114947E+02     0.3276862E+02
    -0.9114987E+02     0.3277224E+02
    -0.9114714E+02     0.3277951E+02
    -0.9114272E+02     0.3278725E+02
    -0.9113821E+02     0.3280039E+02
    -0.9113914E+02     0.3280877E+02
    -0.9113597E+02     0.3281701E+02
    -0.9110301E+02     0.3286113E+02
    -0.9108485E+02     0.3287584E+02
    -0.9108327E+02     0.3287793E+02
    -0.9107764E+02     0.3288538E+02
    -0.9107164E+02     0.3290503E+02
    -0.9107127E+02     0.3291236E+02
    -0.9107354E+02     0.3292362E+02
    -0.9107591E+02     0.3292846E+02
    -0.9108478E+02     0.3293589E+02
    -0.9108543E+02     0.3294142E+02
    -0.9108543E+02     0.3294142E+02
    -0.9108908E+02     0.3297582E+02
    -0.9109413E+02     0.3298413E+02
    -0.9110059E+02     0.3298924E+02
    -0.9111443E+02     0.3299236E+02
    -0.9112776E+02     0.3299204E+02
    -0.9113708E+02     0.3298732E+02
    -0.9114603E+02     0.3297046E+02
    -0.9115010E+02     0.3296711E+02
    -0.9115010E+02     0.3296711E+02
    -0.9115182E+02     0.3296570E+02
    -0.9115968E+02     0.3296761E+02
    -0.9116257E+02     0.3297452E+02
    -0.9115903E+02     0.3301186E+02
    -0.9116180E+02     0.3304924E+02
    -0.9115940E+02     0.3308475E+02
    -0.9115083E+02     0.3311263E+02
    -0.9114333E+02     0.3312356E+02
    -0.9113421E+02     0.3313195E+02
    -0.9112295E+02     0.3313756E+02
    -0.9110132E+02     0.3314375E+02
    -0.9109112E+02     0.3315121E+02
    -0.9108608E+02     0.3315987E+02
    -0.9108450E+02     0.3317476E+02
    -0.9108989E+02     0.3319728E+02
    -0.9110930E+02     0.3323067E+02
    -0.9112530E+02     0.3325818E+02
    -0.9113418E+02     0.3326767E+02
    -0.9114312E+02     0.3327235E+02
    -0.9116308E+02     0.3329066E+02
    -0.9117112E+02     0.3330129E+02
    -0.9117278E+02     0.3331942E+02
    -0.9116801E+02     0.3332854E+02
    -0.9116029E+02     0.3333477E+02
    -0.9113179E+02     0.3335775E+02
    -0.9112594E+02     0.3336526E+02
    -0.9111803E+02     0.3342067E+02
    -0.9111713E+02     0.3344496E+02
    -0.9111745E+02     0.3344879E+02
    -0.9111899E+02     0.3346745E+02
    -0.9112238E+02     0.3347872E+02
    -0.9112667E+02     0.3348542E+02
    -0.9113969E+02     0.3349358E+02
    -0.9116943E+02     0.3350213E+02
    -0.9120231E+02     0.3352126E+02
    -0.9121587E+02     0.3353059E+02
    -0.9121886E+02     0.3353265E+02
    -0.9122777E+02     0.3354305E+02
    -0.9123686E+02     0.3355988E+02
    -0.9123431E+02     0.3356696E+02
    -0.9122764E+02     0.3356881E+02
    -0.9120252E+02     0.3356762E+02
    -0.9117643E+02     0.3356913E+02
    -0.9117260E+02     0.3356935E+02
    -0.9116764E+02     0.3357137E+02
    -0.9116126E+02     0.3357681E+02
    -0.9115588E+02     0.3358891E+02
    -0.9115350E+02     0.3360264E+02
    -0.9115569E+02     0.3362215E+02
    -0.9116342E+02     0.3363760E+02
    -0.9117126E+02     0.3364570E+02
    -0.9118678E+02     0.3365456E+02
    -0.9119798E+02     0.3365812E+02
    -0.9121149E+02     0.3365948E+02
    -0.9121552E+02     0.3365989E+02
    -0.9122424E+02     0.3366455E+02
    -0.9122935E+02     0.3367240E+02
    -0.9123086E+02     0.3368274E+02
    -0.9122688E+02     0.3369371E+02
    -0.9122215E+02     0.3369779E+02
    -0.9121497E+02     0.3370116E+02
    -0.9118725E+02     0.3370089E+02
    -0.9117403E+02     0.3370398E+02
    -0.9115881E+02     0.3371162E+02
    -0.9114992E+02     0.3371933E+02
    -0.9114556E+02     0.3372923E+02
    -0.9113885E+02     0.3374445E+02
    -0.9113129E+02     0.3375469E+02
    -0.9111935E+02     0.3376282E+02
    -0.9109833E+02     0.3377269E+02
    -0.9105502E+02     0.3378301E+02
    -0.9104613E+02     0.3378934E+02
    -0.9104016E+02     0.3380235E+02
    -0.9104060E+02     0.3380595E+02
    -0.9104114E+02     0.3381038E+02
    -0.9107180E+02     0.3385475E+02
    -0.9107275E+02     0.3386508E+02
    -0.9106597E+02     0.3387625E+02
    -0.9102778E+02     0.3390817E+02
    -0.9102654E+02     0.3391043E+02
    -0.9101927E+02     0.3392367E+02
    -0.9102020E+02     0.3393492E+02
    -0.9102391E+02     0.3394368E+02
    -0.9103510E+02     0.3395068E+02
    -0.9104856E+02     0.3395243E+02
    -0.9108437E+02     0.3395236E+02
    -0.9109176E+02     0.3395496E+02
    -0.9109829E+02     0.3396053E+02
    -0.9109847E+02     0.3396673E+02
    -0.9109201E+02     0.3397492E+02
    -0.9108402E+02     0.3397885E+02
    -0.9107786E+02     0.3398188E+02
    -0.9104360E+02     0.3398793E+02
    -0.9102946E+02     0.3399351E+02
    -0.9100636E+02     0.3400862E+02
    -0.9098227E+02     0.3401500E+02
    -0.9094324E+02     0.3401664E+02
    -0.9093097E+02     0.3401715E+02
    -0.9091240E+02     0.3402312E+02
    -0.9089427E+02     0.3403552E+02
    -0.9088960E+02     0.3405014E+02
    -0.9089188E+02     0.3406232E+02
    -0.9090102E+02     0.3407574E+02
    -0.9091957E+02     0.3408743E+02
    -0.9093419E+02     0.3410012E+02
    -0.9095656E+02     0.3411953E+02
    -0.9096083E+02     0.3412806E+02
    -0.9095686E+02     0.3413490E+02
    -0.9094368E+02     0.3414667E+02
    -0.9087827E+02     0.3418476E+02
    -0.9087730E+02     0.3418533E+02
    -0.9085934E+02     0.3420093E+02
    -0.9084881E+02     0.3421846E+02
    -0.9083937E+02     0.3425138E+02
    -0.9082934E+02     0.3427075E+02
    -0.9082290E+02     0.3427503E+02
    -0.9081348E+02     0.3427605E+02
    -0.9079691E+02     0.3427198E+02
    -0.9077798E+02     0.3426733E+02
    -0.9076941E+02     0.3426722E+02
    -0.9076129E+02     0.3427216E+02
    -0.9075211E+02     0.3428993E+02
    -0.9074648E+02     0.3430958E+02
    -0.9074679E+02     0.3432175E+02
    -0.9075537E+02     0.3433585E+02
    -0.9076595E+02     0.3434747E+02
    -0.9076939E+02     0.3435531E+02
    -0.9076781E+02     0.3435897E+02
    -0.9076563E+02     0.3436398E+02
    -0.9075671E+02     0.3436707E+02
    -0.9074564E+02     0.3436670E+02
    -0.9072501E+02     0.3436022E+02
    -0.9071341E+02     0.3435892E+02
    -0.9070399E+02     0.3435970E+02
    -0.9068280E+02     0.3436698E+02
    -0.9066546E+02     0.3437592E+02
    -0.9063017E+02     0.3438864E+02
    -0.9061554E+02     0.3439333E+02
    -0.9059204E+02     0.3440422E+02
    -0.9058358E+02     0.3441144E+02
    -0.9057747E+02     0.3442511E+02
    -0.9057755E+02     0.3443429E+02
    -0.9058708E+02     0.3445531E+02
    -0.9059464E+02     0.3447768E+02
    -0.9059513E+02     0.3448805E+02
    -0.9059521E+02     0.3448984E+02
    -0.9059345E+02     0.3449464E+02
    -0.9057168E+02     0.3452735E+02
    -0.9056577E+02     0.3454401E+02
    -0.9056226E+02     0.3456530E+02
    -0.9056794E+02     0.3458488E+02
    -0.9058004E+02     0.3460560E+02
    -0.9058213E+02     0.3460918E+02
    -0.9058591E+02     0.3462691E+02
    -0.9058692E+02     0.3464482E+02
    -0.9057643E+02     0.3466784E+02
    -0.9057305E+02     0.3468293E+02
    -0.9057135E+02     0.3470998E+02
    -0.9056773E+02     0.3472895E+02
    -0.9056759E+02     0.3472965E+02
    -0.9056017E+02     0.3473849E+02
    -0.9055261E+02     0.3474067E+02
    -0.9054566E+02     0.3474057E+02
    -0.9053099E+02     0.3473736E+02
    -0.9051335E+02     0.3473021E+02
    -0.9050229E+02     0.3472752E+02
    -0.9049200E+02     0.3472736E+02
    -0.9046680E+02     0.3473499E+02
    -0.9045492E+02     0.3474398E+02
    -0.9045028E+02     0.3475194E+02
    -0.9045039E+02     0.3475928E+02
    -0.9045280E+02     0.3476276E+02
    -0.9047194E+02     0.3479037E+02
    -0.9047389E+02     0.3480233E+02
    -0.9046836E+02     0.3481280E+02
    -0.9044344E+02     0.3481952E+02
    -0.9040776E+02     0.3483294E+02
    -0.9039278E+02     0.3484211E+02
    -0.9039113E+02     0.3484287E+02
    -0.9036546E+02     0.3485474E+02
    -0.9035259E+02     0.3485728E+02
    -0.9033179E+02     0.3486496E+02
    -0.9031615E+02     0.3486653E+02
    -0.9030042E+02     0.3487223E+02
    -0.9025983E+02     0.3490255E+02
    -0.9025298E+02     0.3490766E+02
    -0.9024491E+02     0.3491808E+02
    -0.9024322E+02     0.3492975E+02
    -0.9025310E+02     0.3494667E+02
    -0.9026508E+02     0.3495813E+02
    -0.9027774E+02     0.3496454E+02
    -0.9030461E+02     0.3498313E+02
    -0.9031355E+02     0.3499407E+02
    -0.9031425E+02     0.3500000E+02
    -0.9031425E+02     0.3500000E+02
    -0.9030362E+02     0.3500000E+02
    -0.9030261E+02     0.3500000E+02
    -0.9028828E+02     0.3500000E+02
    -0.9028093E+02     0.3500000E+02
    -0.9025190E+02     0.3500000E+02
    -0.9016860E+02     0.3500000E+02
    -0.9008530E+02     0.3500000E+02
    -0.9000200E+02     0.3500000E+02
    -0.9000000E+02     0.3500000E+02
    -0.8826723E+02     0.3500000E+02
    -0.8821940E+02     0.3500000E+02
    -0.8819819E+02     0.3500000E+02
    -0.8816357E+02     0.3494217E+02
    -0.8814526E+02     0.3491856E+02
    -0.8812303E+02     0.3490629E+02
    -0.8812058E+02     0.3490580E+02
    -0.8810619E+02     0.3490293E+02
    -0.8810412E+02     0.3489988E+02
    -0.8810422E+02     0.3488197E+02
    -0.8811806E+02     0.3479013E+02
    -0.8812682E+02     0.3473191E+02
    -0.8813554E+02     0.3466481E+02
    -0.8815177E+02     0.3453970E+02
    -0.8815443E+02     0.3453658E+02
    -0.8816161E+02     0.3446570E+02
    -0.8816767E+02     0.3443556E+02
    -0.8817796E+02     0.3434269E+02
    -0.8818152E+02     0.3432195E+02
    -0.8819151E+02     0.3424078E+02
    -0.8820690E+02     0.3411530E+02
    -0.8821122E+02     0.3408010E+02
    -0.8821904E+02     0.3402895E+02
    -0.8822034E+02     0.3400329E+02
    -0.8822488E+02     0.3399035E+02
    -0.8823092E+02     0.3392640E+02
    -0.8823129E+02     0.3392242E+02
    -0.8823538E+02     0.3389570E+02
    -0.8823498E+02     0.3388192E+02
    -0.8823730E+02     0.3387947E+02
    -0.8824664E+02     0.3380159E+02
    -0.8826163E+02     0.3367612E+02
    -0.8826794E+02     0.3362325E+02
    -0.8827438E+02     0.3358193E+02
    -0.8827426E+02     0.3356747E+02
    -0.8827769E+02     0.3355359E+02
    -0.8827792E+02     0.3355094E+02
    -0.8828173E+02     0.3350508E+02
    -0.8828976E+02     0.3345877E+02
    -0.8829005E+02     0.3343629E+02
    -0.8829140E+02     0.3342552E+02
    -0.8830699E+02     0.3330013E+02
    -0.8832254E+02     0.3317475E+02
    -0.8832388E+02     0.3316395E+02
    -0.8832843E+02     0.3310951E+02
    -0.8833631E+02     0.3304926E+02
    -0.8835267E+02     0.3292397E+02
    -0.8836428E+02     0.3283477E+02
    -0.8836671E+02     0.3280114E+02
    -0.8836704E+02     0.3279856E+02
    -0.8838325E+02     0.3267329E+02
    -0.8839465E+02     0.3258490E+02
    -0.8840066E+02     0.3254817E+02
    -0.8840114E+02     0.3254522E+02
    -0.8840327E+02     0.3251159E+02
    -0.8841571E+02     0.3242288E+02
    -0.8841788E+02     0.3240569E+02
    -0.8843182E+02     0.3230331E+02
    -0.8843416E+02     0.3228611E+02
    -0.8844496E+02     0.3217786E+02
    -0.8845695E+02     0.3205742E+02
    -0.8845756E+02     0.3205238E+02
    -0.8845699E+02     0.3200000E+02
    -0.8847124E+02     0.3188485E+02
    -0.8839920E+02     0.3038171E+02
END
END
