missouri
1
    -0.9248994E+02     0.3836579E+02
    -0.9571644E+02     0.4052111E+02
    -0.9572006E+02     0.4052588E+02
    -0.9572865E+02     0.4052731E+02
    -0.9574889E+02     0.4052520E+02
    -0.9576284E+02     0.4052637E+02
    -0.9576972E+02     0.4053230E+02
    -0.9577390E+02     0.4053862E+02
    -0.9577195E+02     0.4055434E+02
    -0.9577688E+02     0.4056783E+02
    -0.9577485E+02     0.4057641E+02
    -0.9576226E+02     0.4058296E+02
    -0.9574609E+02     0.4058236E+02
    -0.9574609E+02     0.4058236E+02
    -0.9558109E+02     0.4058059E+02
    -0.9541608E+02     0.4057855E+02
    -0.9540130E+02     0.4057836E+02
    -0.9525108E+02     0.4057686E+02
    -0.9508609E+02     0.4057498E+02
    -0.9500000E+02     0.4057386E+02
    -0.9492110E+02     0.4057284E+02
    -0.9475613E+02     0.4057045E+02
    -0.9459118E+02     0.4056781E+02
    -0.9451818E+02     0.4056657E+02
    -0.9442621E+02     0.4056728E+02
    -0.9426122E+02     0.4056835E+02
    -0.9409624E+02     0.4056918E+02
    -0.9403761E+02     0.4056941E+02
    -0.9393127E+02     0.4057127E+02
    -0.9376630E+02     0.4057394E+02
    -0.9360132E+02     0.4057636E+02
    -0.9343633E+02     0.4057853E+02
    -0.9327132E+02     0.4058044E+02
    -0.9313948E+02     0.4058179E+02
    -0.9310632E+02     0.4058245E+02
    -0.9300000E+02     0.4057868E+02
    -0.9290241E+02     0.4058131E+02
    -0.9273735E+02     0.4058555E+02
    -0.9257227E+02     0.4058954E+02
    -0.9240717E+02     0.4059328E+02
    -0.9240215E+02     0.4059339E+02
    -0.9224210E+02     0.4059782E+02
    -0.9207700E+02     0.4060215E+02
    -0.9191187E+02     0.4060622E+02
    -0.9173093E+02     0.4061116E+02
    -0.9173093E+02     0.4061116E+02
    -0.9171734E+02     0.4059754E+02
    -0.9170737E+02     0.4059067E+02
    -0.9169522E+02     0.4058341E+02
    -0.9168742E+02     0.4057693E+02
    -0.9168597E+02     0.4057056E+02
    -0.9168686E+02     0.4055974E+02
    -0.9168268E+02     0.4055410E+02
    -0.9166978E+02     0.4054634E+02
    -0.9163352E+02     0.4053799E+02
    -0.9162259E+02     0.4053495E+02
    -0.9161707E+02     0.4052993E+02
    -0.9161641E+02     0.4052405E+02
    -0.9161614E+02     0.4051545E+02
    -0.9161523E+02     0.4050744E+02
    -0.9160872E+02     0.4049980E+02
    -0.9159901E+02     0.4049506E+02
    -0.9159030E+02     0.4049294E+02
    -0.9158538E+02     0.4048680E+02
    -0.9157848E+02     0.4047569E+02
    -0.9156560E+02     0.4046146E+02
    -0.9155167E+02     0.4045673E+02
    -0.9152280E+02     0.4045404E+02
    -0.9151868E+02     0.4044866E+02
    -0.9152503E+02     0.4043614E+02
    -0.9151609E+02     0.4042865E+02
    -0.9152128E+02     0.4041513E+02
    -0.9151411E+02     0.4040779E+02
    -0.9149959E+02     0.4040067E+02
    -0.9148752E+02     0.4039984E+02
    -0.9148261E+02     0.4039693E+02
    -0.9148511E+02     0.4039085E+02
    -0.9148160E+02     0.4038462E+02
    -0.9146938E+02     0.4037922E+02
    -0.9145036E+02     0.4037911E+02
    -0.9143890E+02     0.4037743E+02
    -0.9143358E+02     0.4037181E+02
    -0.9143358E+02     0.4037181E+02
    -0.9143743E+02     0.4036390E+02
    -0.9146705E+02     0.4033313E+02
    -0.9147488E+02     0.4031865E+02
    -0.9148186E+02     0.4028719E+02
    -0.9148706E+02     0.4026376E+02
    -0.9148804E+02     0.4024611E+02
    -0.9149854E+02     0.4022920E+02
    -0.9150594E+02     0.4016376E+02
    -0.9150594E+02     0.4016376E+02
    -0.9150657E+02     0.4015672E+02
    -0.9150320E+02     0.4011686E+02
    -0.9149693E+02     0.4009198E+02
    -0.9148762E+02     0.4005843E+02
    -0.9148198E+02     0.4003917E+02
    -0.9148256E+02     0.4002218E+02
    -0.9147128E+02     0.4000248E+02
    -0.9146455E+02     0.4000000E+02
    -0.9146229E+02     0.3998600E+02
    -0.9145565E+02     0.3996766E+02
    -0.9144514E+02     0.3995066E+02
    -0.9143664E+02     0.3994035E+02
    -0.9142638E+02     0.3992789E+02
    -0.9142532E+02     0.3991599E+02
    -0.9144621E+02     0.3988319E+02
    -0.9144546E+02     0.3987107E+02
    -0.9143973E+02     0.3985250E+02
    -0.9143097E+02     0.3983986E+02
    -0.9141639E+02     0.3982708E+02
    -0.9141334E+02     0.3982440E+02
    -0.9140199E+02     0.3981905E+02
    -0.9139948E+02     0.3981630E+02
    -0.9139239E+02     0.3981373E+02
    -0.9137948E+02     0.3980196E+02
    -0.9137112E+02     0.3978200E+02
    -0.9136844E+02     0.3975910E+02
    -0.9137140E+02     0.3973533E+02
    -0.9136620E+02     0.3971998E+02
    -0.9134769E+02     0.3971067E+02
    -0.9132536E+02     0.3969631E+02
    -0.9128427E+02     0.3966646E+02
    -0.9124635E+02     0.3963531E+02
    -0.9121928E+02     0.3961305E+02
    -0.9120928E+02     0.3960839E+02
    -0.9119609E+02     0.3959958E+02
    -0.9117202E+02     0.3956664E+02
    -0.9115536E+02     0.3955275E+02
    -0.9113673E+02     0.3954585E+02
    -0.9113507E+02     0.3954524E+02
    -0.9109410E+02     0.3953638E+02
    -0.9108623E+02     0.3952966E+02
    -0.9105634E+02     0.3946323E+02
    -0.9104025E+02     0.3945279E+02
    -0.9100368E+02     0.3942904E+02
    -0.9098287E+02     0.3942035E+02
    -0.9092534E+02     0.3938539E+02
    -0.9090977E+02     0.3937855E+02
    -0.9087939E+02     0.3936472E+02
    -0.9084640E+02     0.3934626E+02
    -0.9081887E+02     0.3932098E+02
    -0.9079256E+02     0.3930944E+02
    -0.9078316E+02     0.3930200E+02
    -0.9076789E+02     0.3928991E+02
    -0.9073002E+02     0.3923998E+02
    -0.9072327E+02     0.3922433E+02
    -0.9072372E+02     0.3918986E+02
    -0.9072374E+02     0.3918793E+02
    -0.9071547E+02     0.3916126E+02
    -0.9070390E+02     0.3913753E+02
    -0.9069218E+02     0.3912135E+02
    -0.9068693E+02     0.3910571E+02
    -0.9068772E+02     0.3909610E+02
    -0.9069214E+02     0.3908219E+02
    -0.9070092E+02     0.3907179E+02
    -0.9070209E+02     0.3907041E+02
    -0.9070516E+02     0.3906404E+02
    -0.9070432E+02     0.3904823E+02
    -0.9069179E+02     0.3902929E+02
    -0.9068365E+02     0.3901178E+02
    -0.9067757E+02     0.3898009E+02
    -0.9067001E+02     0.3895104E+02
    -0.9066645E+02     0.3893735E+02
    -0.9065341E+02     0.3891610E+02
    -0.9062735E+02     0.3888758E+02
    -0.9061327E+02     0.3887479E+02
    -0.9059758E+02     0.3886839E+02
    -0.9058120E+02     0.3886656E+02
    -0.9056880E+02     0.3886747E+02
    -0.9054185E+02     0.3886944E+02
    -0.9052576E+02     0.3888043E+02
    -0.9048019E+02     0.3893473E+02
    -0.9046113E+02     0.3895195E+02
    -0.9046113E+02     0.3895195E+02
    -0.9045499E+02     0.3895749E+02
    -0.9043983E+02     0.3896528E+02
    -0.9042923E+02     0.3896627E+02
    -0.9041342E+02     0.3896465E+02
    -0.9037611E+02     0.3895400E+02
    -0.9033962E+02     0.3893496E+02
    -0.9033962E+02     0.3893496E+02
    -0.9031927E+02     0.3892813E+02
    -0.9027625E+02     0.3892377E+02
    -0.9023234E+02     0.3890930E+02
    -0.9020417E+02     0.3888821E+02
    -0.9019632E+02     0.3888464E+02
    -0.9012138E+02     0.3885058E+02
    -0.9011079E+02     0.3884192E+02
    -0.9010758E+02     0.3883086E+02
    -0.9011189E+02     0.3881376E+02
    -0.9012019E+02     0.3880016E+02
    -0.9012206E+02     0.3879829E+02
    -0.9013165E+02     0.3878868E+02
    -0.9015304E+02     0.3877783E+02
    -0.9016900E+02     0.3877261E+02
    -0.9017835E+02     0.3875215E+02
    -0.9019866E+02     0.3872707E+02
    -0.9020412E+02     0.3870929E+02
    -0.9020204E+02     0.3869882E+02
    -0.9020078E+02     0.3869251E+02
    -0.9018680E+02     0.3866359E+02
    -0.9018239E+02     0.3864363E+02
    -0.9018153E+02     0.3862878E+02
    -0.9018607E+02     0.3860397E+02
    -0.9019356E+02     0.3859193E+02
    -0.9022257E+02     0.3857264E+02
    -0.9024150E+02     0.3855129E+02
    -0.9025493E+02     0.3853275E+02
    -0.9026279E+02     0.3851718E+02
    -0.9027944E+02     0.3848418E+02
    -0.9029189E+02     0.3843213E+02
    -0.9029858E+02     0.3842147E+02
    -0.9030515E+02     0.3841562E+02
    -0.9031284E+02     0.3841162E+02
    -0.9032246E+02     0.3840419E+02
    -0.9033781E+02     0.3839232E+02
    -0.9035136E+02     0.3837489E+02
    -0.9037159E+02     0.3833533E+02
    -0.9037458E+02     0.3832048E+02
    -0.9037150E+02     0.3828961E+02
    -0.9036923E+02     0.3826700E+02
    -0.9035901E+02     0.3822283E+02
    -0.9034548E+02     0.3820611E+02
    -0.9031815E+02     0.3818412E+02
    -0.9030968E+02     0.3818010E+02
    -0.9029318E+02     0.3817226E+02
    -0.9027646E+02     0.3815639E+02
    -0.9026725E+02     0.3814203E+02
    -0.9024178E+02     0.3811708E+02
    -0.9021134E+02     0.3809432E+02
    -0.9020224E+02     0.3808902E+02
    -0.9018420E+02     0.3807850E+02
    -0.9016872E+02     0.3807158E+02
    -0.9016062E+02     0.3807075E+02
    -0.9014248E+02     0.3806585E+02
    -0.9012253E+02     0.3805311E+02
    -0.9011768E+02     0.3804019E+02
    -0.9010847E+02     0.3802741E+02
    -0.9009991E+02     0.3802245E+02
    -0.9008815E+02     0.3801810E+02
    -0.9008130E+02     0.3801683E+02
    -0.9006623E+02     0.3801404E+02
    -0.9004041E+02     0.3800485E+02
    -0.9000000E+02     0.3797357E+02
    -0.8999337E+02     0.3796843E+02
    -0.8998653E+02     0.3796463E+02
    -0.8996769E+02     0.3796473E+02
    -0.8995562E+02     0.3797092E+02
    -0.8994749E+02     0.3797145E+02
    -0.8994749E+02     0.3797145E+02
    -0.8994833E+02     0.3796276E+02
    -0.8995863E+02     0.3794828E+02
    -0.8997105E+02     0.3794004E+02
    -0.8997385E+02     0.3793367E+02
    -0.8997418E+02     0.3792244E+02
    -0.8996426E+02     0.3790971E+02
    -0.8996275E+02     0.3790778E+02
    -0.8994075E+02     0.3788879E+02
    -0.8991928E+02     0.3788103E+02
    -0.8990626E+02     0.3788100E+02
    -0.8989482E+02     0.3788559E+02
    -0.8987659E+02     0.3790403E+02
    -0.8986746E+02     0.3790866E+02
    -0.8985789E+02     0.3790916E+02
    -0.8985127E+02     0.3790788E+02
    -0.8983795E+02     0.3789890E+02
    -0.8983795E+02     0.3789890E+02
    -0.8980520E+02     0.3788219E+02
    -0.8977420E+02     0.3787398E+02
    -0.8974314E+02     0.3785340E+02
    -0.8972657E+02     0.3783305E+02
    -0.8971110E+02     0.3781934E+02
    -0.8968912E+02     0.3780523E+02
    -0.8967985E+02     0.3779723E+02
    -0.8967383E+02     0.3778724E+02
    -0.8967160E+02     0.3776339E+02
    -0.8967160E+02     0.3776339E+02
    -0.8967133E+02     0.3775853E+02
    -0.8966659E+02     0.3774745E+02
    -0.8961975E+02     0.3772482E+02
    -0.8961975E+02     0.3772482E+02
    -0.8960769E+02     0.3771857E+02
    -0.8959224E+02     0.3771459E+02
    -0.8956791E+02     0.3770404E+02
    -0.8953393E+02     0.3769746E+02
    -0.8952263E+02     0.3769032E+02
    -0.8951580E+02     0.3768327E+02
    -0.8951363E+02     0.3767604E+02
    -0.8951376E+02     0.3765319E+02
    -0.8951232E+02     0.3763985E+02
    -0.8951395E+02     0.3763462E+02
    -0.8950939E+02     0.3761979E+02
    -0.8952062E+02     0.3757743E+02
    -0.8951913E+02     0.3755469E+02
    -0.8951389E+02     0.3753232E+02
    -0.8951178E+02     0.3752960E+02
    -0.8949875E+02     0.3751271E+02
    -0.8949203E+02     0.3749122E+02
    -0.8947593E+02     0.3746676E+02
    -0.8945111E+02     0.3744485E+02
    -0.8943929E+02     0.3742966E+02
    -0.8943449E+02     0.3742141E+02
    -0.8942928E+02     0.3741245E+02
    -0.8942364E+02     0.3739396E+02
    -0.8942182E+02     0.3738084E+02
    -0.8943343E+02     0.3734694E+02
    -0.8944520E+02     0.3733965E+02
    -0.8946184E+02     0.3733270E+02
    -0.8946180E+02     0.3733361E+02
    -0.8948380E+02     0.3732954E+02
    -0.8948692E+02     0.3732780E+02
    -0.8949406E+02     0.3732381E+02
    -0.8950356E+02     0.3731530E+02
    -0.8951433E+02     0.3729436E+02
    -0.8951430E+02     0.3728070E+02
    -0.8950865E+02     0.3726176E+02
    -0.8949581E+02     0.3725008E+02
    -0.8948742E+02     0.3724797E+02
    -0.8946202E+02     0.3724642E+02
    -0.8945881E+02     0.3724368E+02
    -0.8946626E+02     0.3722443E+02
    -0.8946670E+02     0.3721383E+02
    -0.8946188E+02     0.3719690E+02
    -0.8945039E+02     0.3717948E+02
    -0.8942022E+02     0.3714497E+02
    -0.8940675E+02     0.3712795E+02
    -0.8938599E+02     0.3710171E+02
    -0.8938062E+02     0.3709217E+02
    -0.8937913E+02     0.3707837E+02
    -0.8938282E+02     0.3705643E+02
    -0.8937616E+02     0.3704296E+02
    -0.8935892E+02     0.3702946E+02
    -0.8934317E+02     0.3702174E+02
    -0.8931931E+02     0.3700945E+02
    -0.8930094E+02     0.3700303E+02
    -0.8929440E+02     0.3700218E+02
    -0.8928568E+02     0.3699783E+02
    -0.8927109E+02     0.3699792E+02
    -0.8926524E+02     0.3700099E+02
    -0.8926086E+02     0.3701051E+02
    -0.8926848E+02     0.3702814E+02
    -0.8928726E+02     0.3703848E+02
    -0.8929531E+02     0.3704534E+02
    -0.8929752E+02     0.3704723E+02
    -0.8930325E+02     0.3705494E+02
    -0.8930444E+02     0.3706116E+02
    -0.8930083E+02     0.3707301E+02
    -0.8928934E+02     0.3708121E+02
    -0.8928381E+02     0.3708337E+02
    -0.8927154E+02     0.3708214E+02
    -0.8926279E+02     0.3707871E+02
    -0.8925502E+02     0.3707209E+02
    -0.8923285E+02     0.3703849E+02
    -0.8922076E+02     0.3702835E+02
    -0.8921761E+02     0.3702571E+02
    -0.8920938E+02     0.3702366E+02
    -0.8920217E+02     0.3701774E+02
    -0.8920041E+02     0.3701248E+02
    -0.8919450E+02     0.3699483E+02
    -0.8918397E+02     0.3698606E+02
    -0.8917080E+02     0.3697907E+02
    -0.8916107E+02     0.3697905E+02
    -0.8913288E+02     0.3698725E+02
    -0.8911505E+02     0.3697761E+02
    -0.8910203E+02     0.3696717E+02
    -0.8909595E+02     0.3695507E+02
    -0.8910117E+02     0.3693227E+02
    -0.8911823E+02     0.3689256E+02
    -0.8912339E+02     0.3687724E+02
    -0.8912604E+02     0.3686936E+02
    -0.8913793E+02     0.3682263E+02
    -0.8913469E+02     0.3680396E+02
    -0.8912074E+02     0.3678202E+02
    -0.8911619E+02     0.3676744E+02
    -0.8911596E+02     0.3675894E+02
    -0.8911770E+02     0.3675602E+02
    -0.8912760E+02     0.3673928E+02
    -0.8915217E+02     0.3666764E+02
    -0.8916297E+02     0.3665416E+02
    -0.8917747E+02     0.3664147E+02
    -0.8919073E+02     0.3662986E+02
    -0.8920566E+02     0.3659077E+02
    -0.8921445E+02     0.3657723E+02
    -0.8923286E+02     0.3655967E+02
    -0.8924261E+02     0.3655684E+02
    -0.8925678E+02     0.3655743E+02
    -0.8926932E+02     0.3656463E+02
    -0.8929341E+02     0.3658957E+02
    -0.8931004E+02     0.3660146E+02
    -0.8932265E+02     0.3660682E+02
    -0.8933752E+02     0.3660512E+02
    -0.8935573E+02     0.3659823E+02
    -0.8935969E+02     0.3659489E+02
    -0.8936102E+02     0.3659377E+02
    -0.8936710E+02     0.3659116E+02
    -0.8937920E+02     0.3657975E+02
    -0.8940867E+02     0.3652952E+02
    -0.8941762E+02     0.3650266E+02
    -0.8941762E+02     0.3650266E+02
    -0.8943754E+02     0.3647904E+02
    -0.8946056E+02     0.3645595E+02
    -0.8946552E+02     0.3645240E+02
    -0.8947608E+02     0.3645104E+02
    -0.8948782E+02     0.3645637E+02
    -0.8949173E+02     0.3646633E+02
    -0.8949063E+02     0.3648122E+02
    -0.8948187E+02     0.3649746E+02
    -0.8946960E+02     0.3652020E+02
    -0.8946752E+02     0.3654654E+02
    -0.8947091E+02     0.3655510E+02
    -0.8948016E+02     0.3656703E+02
    -0.8949259E+02     0.3657742E+02
    -0.8950529E+02     0.3658047E+02
    -0.8951498E+02     0.3658023E+02
    -0.8953541E+02     0.3657082E+02
    -0.8953727E+02     0.3656996E+02
    -0.8955417E+02     0.3655888E+02
    -0.8955785E+02     0.3655116E+02
    -0.8955327E+02     0.3653568E+02
    -0.8953918E+02     0.3651585E+02
    -0.8952253E+02     0.3647967E+02
    -0.8952125E+02     0.3646770E+02
    -0.8952209E+02     0.3646015E+02
    -0.8952325E+02     0.3645883E+02
    -0.8952564E+02     0.3645610E+02
    -0.8954436E+02     0.3644919E+02
    -0.8954880E+02     0.3644424E+02
    -0.8954979E+02     0.3644014E+02
    -0.8952248E+02     0.3640096E+02
    -0.8952170E+02     0.3639764E+02
    -0.8952170E+02     0.3639764E+02
    -0.8951778E+02     0.3638088E+02
    -0.8951741E+02     0.3636756E+02
    -0.8952489E+02     0.3634846E+02
    -0.8952998E+02     0.3634100E+02
    -0.8953491E+02     0.3633813E+02
    -0.8954342E+02     0.3633833E+02
    -0.8957714E+02     0.3634805E+02
    -0.8958963E+02     0.3634811E+02
    -0.8960257E+02     0.3634312E+02
    -0.8960642E+02     0.3633947E+02
    -0.8961225E+02     0.3633393E+02
    -0.8961507E+02     0.3632642E+02
    -0.8961480E+02     0.3631747E+02
    -0.8960915E+02     0.3630862E+02
    -0.8959833E+02     0.3630149E+02
    -0.8957180E+02     0.3628918E+02
    -0.8956267E+02     0.3628278E+02
    -0.8955672E+02     0.3627415E+02
    -0.8955647E+02     0.3626519E+02
    -0.8956049E+02     0.3625565E+02
    -0.8957356E+02     0.3624654E+02
    -0.8957717E+02     0.3624475E+02
    -0.8958683E+02     0.3623996E+02
    -0.8960198E+02     0.3623617E+02
    -0.8962035E+02     0.3623773E+02
    -0.8964284E+02     0.3624351E+02
    -0.8966550E+02     0.3624401E+02
    -0.8967837E+02     0.3624063E+02
    -0.8968500E+02     0.3623733E+02
    -0.8969035E+02     0.3622987E+02
    -0.8968742E+02     0.3622407E+02
    -0.8966959E+02     0.3621080E+02
    -0.8963554E+02     0.3618544E+02
    -0.8962015E+02     0.3617714E+02
    -0.8960228E+02     0.3616136E+02
    -0.8959617E+02     0.3614952E+02
    -0.8959371E+02     0.3613868E+02
    -0.8959721E+02     0.3612751E+02
    -0.8961894E+02     0.3611263E+02
    -0.8964647E+02     0.3610200E+02
    -0.8965424E+02     0.3610009E+02
    -0.8966958E+02     0.3609631E+02
    -0.8967685E+02     0.3609051E+02
    -0.8968369E+02     0.3608033E+02
    -0.8969102E+02     0.3604676E+02
    -0.8970099E+02     0.3602747E+02
    -0.8971399E+02     0.3600771E+02
    -0.8971399E+02     0.3600771E+02
    -0.8986938E+02     0.3600725E+02
    -0.8990938E+02     0.3600710E+02
    -0.9000000E+02     0.3600604E+02
    -0.9004025E+02     0.3600618E+02
    -0.9004539E+02     0.3600421E+02
    -0.9010496E+02     0.3600647E+02
    -0.9015447E+02     0.3600645E+02
    -0.9030987E+02     0.3600624E+02
    -0.9036916E+02     0.3600611E+02
    -0.9036916E+02     0.3600611E+02
    -0.9035225E+02     0.3603056E+02
    -0.9033853E+02     0.3604614E+02
    -0.9033303E+02     0.3606073E+02
    -0.9032234E+02     0.3606856E+02
    -0.9031276E+02     0.3607986E+02
    -0.9031276E+02     0.3607986E+02
    -0.9026159E+02     0.3611915E+02
    -0.9026159E+02     0.3611915E+02
    -0.9023434E+02     0.3613709E+02
    -0.9022854E+02     0.3615143E+02
    -0.9022911E+02     0.3616085E+02
    -0.9022365E+02     0.3617336E+02
    -0.9021757E+02     0.3617783E+02
    -0.9020409E+02     0.3618353E+02
    -0.9019061E+02     0.3619818E+02
    -0.9018433E+02     0.3619967E+02
    -0.9016734E+02     0.3621026E+02
    -0.9016615E+02     0.3621100E+02
    -0.9015871E+02     0.3621315E+02
    -0.9014935E+02     0.3621342E+02
    -0.9014260E+02     0.3622108E+02
    -0.9012889E+02     0.3622448E+02
    -0.9012278E+02     0.3622963E+02
    -0.9012458E+02     0.3623563E+02
    -0.9011020E+02     0.3626058E+02
    -0.9008294E+02     0.3627081E+02
    -0.9007802E+02     0.3627391E+02
    -0.9007501E+02     0.3627936E+02
    -0.9007568E+02     0.3628511E+02
    -0.9007417E+02     0.3628829E+02
    -0.9007013E+02     0.3629151E+02
    -0.9006660E+02     0.3629433E+02
    -0.9006417E+02     0.3629933E+02
    -0.9007130E+02     0.3631599E+02
    -0.9007745E+02     0.3631911E+02
    -0.9007763E+02     0.3632255E+02
    -0.9007277E+02     0.3633255E+02
    -0.9007503E+02     0.3634200E+02
    -0.9007169E+02     0.3634904E+02
    -0.9006171E+02     0.3635939E+02
    -0.9006166E+02     0.3637867E+02
    -0.9006380E+02     0.3638284E+02
    -0.9007235E+02     0.3639082E+02
    -0.9008407E+02     0.3639772E+02
    -0.9008737E+02     0.3639822E+02
    -0.9009622E+02     0.3639957E+02
    -0.9012373E+02     0.3641000E+02
    -0.9012998E+02     0.3641013E+02
    -0.9013342E+02     0.3641823E+02
    -0.9014019E+02     0.3641998E+02
    -0.9014262E+02     0.3642439E+02
    -0.9014016E+02     0.3643030E+02
    -0.9013400E+02     0.3643660E+02
    -0.9013752E+02     0.3646053E+02
    -0.9014045E+02     0.3646702E+02
    -0.9014679E+02     0.3647357E+02
    -0.9015386E+02     0.3647463E+02
    -0.9015635E+02     0.3647720E+02
    -0.9015649E+02     0.3648156E+02
    -0.9015485E+02     0.3648439E+02
    -0.9014870E+02     0.3649495E+02
    -0.9014955E+02     0.3650414E+02
    -0.9017209E+02     0.3650184E+02
    -0.9017556E+02     0.3649984E+02
    -0.9018565E+02     0.3648627E+02
    -0.9019395E+02     0.3648438E+02
    -0.9019888E+02     0.3648126E+02
    -0.9020451E+02     0.3648298E+02
    -0.9021585E+02     0.3649352E+02
    -0.9021790E+02     0.3650298E+02
    -0.9021790E+02     0.3650298E+02
    -0.9028272E+02     0.3650317E+02
    -0.9028903E+02     0.3650065E+02
    -0.9029098E+02     0.3650308E+02
    -0.9033820E+02     0.3650335E+02
    -0.9049458E+02     0.3650411E+02
    -0.9054260E+02     0.3650430E+02
    -0.9062084E+02     0.3650222E+02
    -0.9062592E+02     0.3650390E+02
    -0.9065050E+02     0.3650384E+02
    -0.9072318E+02     0.3650362E+02
    -0.9076892E+02     0.3650513E+02
    -0.9080683E+02     0.3650496E+02
    -0.9091452E+02     0.3650440E+02
    -0.9096320E+02     0.3650468E+02
    -0.9111752E+02     0.3650545E+02
    -0.9111957E+02     0.3650560E+02
    -0.9113143E+02     0.3650650E+02
    -0.9127589E+02     0.3650566E+02
    -0.9143227E+02     0.3650521E+02
    -0.9153359E+02     0.3650482E+02
    -0.9164687E+02     0.3650463E+02
    -0.9180324E+02     0.3650419E+02
    -0.9195961E+02     0.3650355E+02
    -0.9210410E+02     0.3650278E+02
    -0.9211598E+02     0.3650298E+02
    -0.9227232E+02     0.3650558E+02
    -0.9231079E+02     0.3650619E+02
    -0.9242869E+02     0.3650599E+02
    -0.9248906E+02     0.3650584E+02
    -0.9256838E+02     0.3650662E+02
    -0.9258494E+02     0.3650815E+02
    -0.9259738E+02     0.3650656E+02
    -0.9274117E+02     0.3650687E+02
    -0.9289754E+02     0.3650701E+02
    -0.9296245E+02     0.3650701E+02
    -0.9299512E+02     0.3650431E+02
    -0.9304004E+02     0.3650359E+02
    -0.9305374E+02     0.3650362E+02
    -0.9315234E+02     0.3650381E+02
    -0.9321011E+02     0.3650317E+02
    -0.9336646E+02     0.3650132E+02
    -0.9339369E+02     0.3650097E+02
    -0.9352282E+02     0.3650171E+02
    -0.9367918E+02     0.3650243E+02
    -0.9378722E+02     0.3650280E+02
    -0.9383555E+02     0.3650340E+02
    -0.9387083E+02     0.3650382E+02
    -0.9388223E+02     0.3650505E+02
    -0.9391576E+02     0.3650415E+02
    -0.9399178E+02     0.3650530E+02
    -0.9410834E+02     0.3650697E+02
    -0.9414017E+02     0.3650626E+02
    -0.9414799E+02     0.3650748E+02
    -0.9414959E+02     0.3650772E+02
    -0.9418736E+02     0.3650600E+02
    -0.9430428E+02     0.3650563E+02
    -0.9443844E+02     0.3650507E+02
    -0.9446063E+02     0.3650445E+02
    -0.9452738E+02     0.3650256E+02
    -0.9461697E+02     0.3650272E+02
    -0.9461831E+02     0.3655799E+02
    -0.9461812E+02     0.3662884E+02
    -0.9461779E+02     0.3675497E+02
    -0.9461774E+02     0.3677115E+02
    -0.9462045E+02     0.3682324E+02
    -0.9461913E+02     0.3694935E+02
    -0.9461855E+02     0.3700473E+02
    -0.9461804E+02     0.3704279E+02
    -0.9462126E+02     0.3704477E+02
    -0.9461948E+02     0.3705238E+02
    -0.9461913E+02     0.3707973E+02
    -0.9462006E+02     0.3710100E+02
    -0.9461612E+02     0.3712241E+02
    -0.9461857E+02     0.3713750E+02
    -0.9461774E+02     0.3720545E+02
    -0.9461739E+02     0.3723317E+02
    -0.9461861E+02     0.3723544E+02
    -0.9461828E+02     0.3727843E+02
    -0.9461731E+02     0.3740451E+02
    -0.9462025E+02     0.3746346E+02
    -0.9462031E+02     0.3747360E+02
    -0.9462110E+02     0.3759967E+02
    -0.9462189E+02     0.3772573E+02
    -0.9462192E+02     0.3772923E+02
    -0.9461671E+02     0.3782922E+02
    -0.9461767E+02     0.3785168E+02
    -0.9461718E+02     0.3790127E+02
    -0.9461653E+02     0.3796840E+02
    -0.9461439E+02     0.3802728E+02
    -0.9461351E+02     0.3805145E+02
    -0.9461460E+02     0.3815328E+02
    -0.9461513E+02     0.3820225E+02
    -0.9461375E+02     0.3827928E+02
    -0.9461230E+02     0.3835977E+02
    -0.9461420E+02     0.3838426E+02
    -0.9461380E+02     0.3840521E+02
    -0.9461330E+02     0.3843171E+02
    -0.9461145E+02     0.3843816E+02
    -0.9461214E+02     0.3846107E+02
    -0.9461007E+02     0.3847944E+02
    -0.9461353E+02     0.3853088E+02
    -0.9461429E+02     0.3854215E+02
    -0.9461286E+02     0.3865681E+02
    -0.9461190E+02     0.3873398E+02
    -0.9461110E+02     0.3875599E+02
    -0.9460855E+02     0.3875878E+02
    -0.9461073E+02     0.3876287E+02
    -0.9461041E+02     0.3878177E+02
    -0.9460836E+02     0.3890769E+02
    -0.9459505E+02     0.3903318E+02
    -0.9458621E+02     0.3911636E+02
    -0.9458621E+02     0.3911636E+02
    -0.9459899E+02     0.3911285E+02
    -0.9461131E+02     0.3911148E+02
    -0.9461440E+02     0.3911623E+02
    -0.9461375E+02     0.3912426E+02
    -0.9460446E+02     0.3912833E+02
    -0.9458978E+02     0.3914551E+02
    -0.9459669E+02     0.3915343E+02
    -0.9460886E+02     0.3915710E+02
    -0.9462009E+02     0.3915850E+02
    -0.9465410E+02     0.3915421E+02
    -0.9466196E+02     0.3915797E+02
    -0.9466729E+02     0.3917136E+02
    -0.9467754E+02     0.3917896E+02
    -0.9468608E+02     0.3917902E+02
    -0.9470303E+02     0.3917504E+02
    -0.9471408E+02     0.3917093E+02
    -0.9471615E+02     0.3916857E+02
    -0.9472178E+02     0.3916539E+02
    -0.9474368E+02     0.3916851E+02
    -0.9476119E+02     0.3917474E+02
    -0.9477260E+02     0.3918282E+02
    -0.9477847E+02     0.3919556E+02
    -0.9478338E+02     0.3920142E+02
    -0.9478848E+02     0.3920346E+02
    -0.9479322E+02     0.3920535E+02
    -0.9481088E+02     0.3920500E+02
    -0.9482596E+02     0.3921020E+02
    -0.9483061E+02     0.3921664E+02
    -0.9483307E+02     0.3922443E+02
    -0.9483169E+02     0.3924604E+02
    -0.9483549E+02     0.3925420E+02
    -0.9484740E+02     0.3926656E+02
    -0.9488354E+02     0.3928577E+02
    -0.9489787E+02     0.3929727E+02
    -0.9490440E+02     0.3930977E+02
    -0.9490952E+02     0.3933143E+02
    -0.9490800E+02     0.3934012E+02
    -0.9490705E+02     0.3934686E+02
    -0.9490206E+02     0.3935612E+02
    -0.9489151E+02     0.3936687E+02
    -0.9488704E+02     0.3936880E+02
    -0.9488419E+02     0.3937711E+02
    -0.9488981E+02     0.3938614E+02
    -0.9489699E+02     0.3938897E+02
    -0.9491137E+02     0.3938638E+02
    -0.9491862E+02     0.3938279E+02
    -0.9493741E+02     0.3938400E+02
    -0.9494495E+02     0.3939213E+02
    -0.9494693E+02     0.3940254E+02
    -0.9495083E+02     0.3940891E+02
    -0.9497323E+02     0.3941859E+02
    -0.9498444E+02     0.3943665E+02
    -0.9499006E+02     0.3944083E+02
    -0.9500000E+02     0.3944485E+02
    -0.9501585E+02     0.3945127E+02
    -0.9502504E+02     0.3945221E+02
    -0.9503104E+02     0.3945483E+02
    -0.9504353E+02     0.3947334E+02
    -0.9505053E+02     0.3949493E+02
    -0.9505612E+02     0.3950237E+02
    -0.9509895E+02     0.3952523E+02
    -0.9511065E+02     0.3953678E+02
    -0.9511460E+02     0.3955265E+02
    -0.9511362E+02     0.3956142E+02
    -0.9511081E+02     0.3956773E+02
    -0.9510785E+02     0.3957357E+02
    -0.9510291E+02     0.3957620E+02
    -0.9508993E+02     0.3957717E+02
    -0.9507440E+02     0.3957335E+02
    -0.9506317E+02     0.3957599E+02
    -0.9505888E+02     0.3957947E+02
    -0.9505287E+02     0.3959195E+02
    -0.9505705E+02     0.3961726E+02
    -0.9505452E+02     0.3962685E+02
    -0.9505237E+02     0.3963499E+02
    -0.9503773E+02     0.3965614E+02
    -0.9502707E+02     0.3966438E+02
    -0.9500891E+02     0.3967026E+02
    -0.9500000E+02     0.3967103E+02
    -0.9498439E+02     0.3967238E+02
    -0.9497743E+02     0.3967687E+02
    -0.9497361E+02     0.3968611E+02
    -0.9496978E+02     0.3971690E+02
    -0.9496784E+02     0.3973246E+02
    -0.9496210E+02     0.3973808E+02
    -0.9495501E+02     0.3973868E+02
    -0.9494397E+02     0.3973685E+02
    -0.9490342E+02     0.3972213E+02
    -0.9489004E+02     0.3972102E+02
    -0.9487983E+02     0.3972604E+02
    -0.9487675E+02     0.3973159E+02
    -0.9487238E+02     0.3973374E+02
    -0.9486437E+02     0.3974237E+02
    -0.9485898E+02     0.3975558E+02
    -0.9486225E+02     0.3975990E+02
    -0.9486868E+02     0.3976416E+02
    -0.9487856E+02     0.3976703E+02
    -0.9488830E+02     0.3977393E+02
    -0.9489335E+02     0.3978275E+02
    -0.9489260E+02     0.3978688E+02
    -0.9487484E+02     0.3980578E+02
    -0.9488307E+02     0.3982071E+02
    -0.9488833E+02     0.3982679E+02
    -0.9492010E+02     0.3983529E+02
    -0.9493046E+02     0.3984263E+02
    -0.9493633E+02     0.3984891E+02
    -0.9493682E+02     0.3985462E+02
    -0.9493388E+02     0.3986406E+02
    -0.9492931E+02     0.3986919E+02
    -0.9492657E+02     0.3987589E+02
    -0.9492827E+02     0.3988203E+02
    -0.9493842E+02     0.3989189E+02
    -0.9494746E+02     0.3989536E+02
    -0.9495759E+02     0.3989584E+02
    -0.9497565E+02     0.3989386E+02
    -0.9499896E+02     0.3989748E+02
    -0.9500000E+02     0.3989744E+02
    -0.9501024E+02     0.3989701E+02
    -0.9501700E+02     0.3989481E+02
    -0.9502893E+02     0.3988792E+02
    -0.9503605E+02     0.3987950E+02
    -0.9504233E+02     0.3987207E+02
    -0.9505510E+02     0.3986379E+02
    -0.9506655E+02     0.3986011E+02
    -0.9508226E+02     0.3985908E+02
    -0.9510677E+02     0.3986289E+02
    -0.9513300E+02     0.3987329E+02
    -0.9514041E+02     0.3988068E+02
    -0.9514548E+02     0.3989659E+02
    -0.9515038E+02     0.3990060E+02
    -0.9516229E+02     0.3990102E+02
    -0.9517635E+02     0.3989544E+02
    -0.9518404E+02     0.3989458E+02
    -0.9519424E+02     0.3989709E+02
    -0.9520039E+02     0.3990221E+02
    -0.9520352E+02     0.3991929E+02
    -0.9520377E+02     0.3992067E+02
    -0.9520824E+02     0.3992835E+02
    -0.9522108E+02     0.3993744E+02
    -0.9524025E+02     0.3994088E+02
    -0.9527730E+02     0.3996748E+02
    -0.9529181E+02     0.3997332E+02
    -0.9530437E+02     0.3998241E+02
    -0.9530907E+02     0.3998825E+02
    -0.9531445E+02     0.4000000E+02
    -0.9531673E+02     0.4000862E+02
    -0.9531673E+02     0.4000862E+02
    -0.9534042E+02     0.4001851E+02
    -0.9536201E+02     0.4002981E+02
    -0.9539921E+02     0.4002967E+02
    -0.9540827E+02     0.4003223E+02
    -0.9541023E+02     0.4003278E+02
    -0.9541782E+02     0.4003725E+02
    -0.9542590E+02     0.4005142E+02
    -0.9542793E+02     0.4005867E+02
    -0.9542723E+02     0.4006679E+02
    -0.9542358E+02     0.4007833E+02
    -0.9541975E+02     0.4008426E+02
    -0.9541645E+02     0.4009939E+02
    -0.9540216E+02     0.4011091E+02
    -0.9540106E+02     0.4011595E+02
    -0.9540305E+02     0.4012370E+02
    -0.9540597E+02     0.4012844E+02
    -0.9542709E+02     0.4013557E+02
    -0.9543440E+02     0.4013804E+02
    -0.9544807E+02     0.4015709E+02
    -0.9545073E+02     0.4016487E+02
    -0.9547765E+02     0.4017693E+02
    -0.9549119E+02     0.4018985E+02
    -0.9548919E+02     0.4020555E+02
    -0.9548402E+02     0.4021142E+02
    -0.9548077E+02     0.4021840E+02
    -0.9547968E+02     0.4023109E+02
    -0.9548116E+02     0.4023729E+02
    -0.9548116E+02     0.4023729E+02
    -0.9548391E+02     0.4024405E+02
    -0.9549131E+02     0.4025105E+02
    -0.9550968E+02     0.4025170E+02
    -0.9552651E+02     0.4025229E+02
    -0.9555307E+02     0.4026125E+02
    -0.9555999E+02     0.4026618E+02
    -0.9555980E+02     0.4029218E+02
    -0.9556713E+02     0.4030019E+02
    -0.9557413E+02     0.4030411E+02
    -0.9561658E+02     0.4031485E+02
    -0.9562528E+02     0.4031395E+02
    -0.9562667E+02     0.4031381E+02
    -0.9563427E+02     0.4031061E+02
    -0.9564706E+02     0.4030919E+02
    -0.9565694E+02     0.4031068E+02
    -0.9566199E+02     0.4031399E+02
    -0.9566190E+02     0.4032316E+02
    -0.9564188E+02     0.4033138E+02
    -0.9563465E+02     0.4033817E+02
    -0.9562987E+02     0.4034763E+02
    -0.9563446E+02     0.4035652E+02
    -0.9564388E+02     0.4036361E+02
    -0.9564915E+02     0.4037253E+02
    -0.9565068E+02     0.4038638E+02
    -0.9565364E+02     0.4039247E+02
    -0.9565524E+02     0.4039577E+02
    -0.9566899E+02     0.4041531E+02
    -0.9566482E+02     0.4043347E+02
    -0.9566756E+02     0.4044074E+02
    -0.9567808E+02     0.4045094E+02
    -0.9568585E+02     0.4046202E+02
    -0.9570112E+02     0.4047142E+02
    -0.9570603E+02     0.4047675E+02
    -0.9570324E+02     0.4048631E+02
    -0.9569707E+02     0.4049622E+02
    -0.9569791E+02     0.4050238E+02
    -0.9569791E+02     0.4050238E+02
    -0.9569154E+02     0.4050676E+02
    -0.9566600E+02     0.4052431E+02
    -0.9566337E+02     0.4054000E+02
    -0.9566489E+02     0.4055385E+02
    -0.9567261E+02     0.4055779E+02
    -0.9568877E+02     0.4055652E+02
    -0.9569436E+02     0.4055373E+02
    -0.9569732E+02     0.4055030E+02
    -0.9569645E+02     0.4052832E+02
    -0.9569953E+02     0.4052337E+02
    -0.9570578E+02     0.4052061E+02
    -0.9571644E+02     0.4052111E+02
END
END
