montana
1
    -0.1102329E+03     0.4499609E+02
    -0.1160420E+03     0.4900033E+02
    -0.1158511E+03     0.4900067E+02
    -0.1156603E+03     0.4900068E+02
    -0.1154694E+03     0.4900037E+02
    -0.1152786E+03     0.4899972E+02
    -0.1150877E+03     0.4899874E+02
    -0.1150404E+03     0.4899845E+02
    -0.1150000E+03     0.4899863E+02
    -0.1148969E+03     0.4899907E+02
    -0.1147060E+03     0.4899960E+02
    -0.1145151E+03     0.4899980E+02
    -0.1143243E+03     0.4899967E+02
    -0.1141334E+03     0.4899921E+02
    -0.1140686E+03     0.4899899E+02
    -0.1140000E+03     0.4899694E+02
    -0.1138264E+03     0.4899747E+02
    -0.1136356E+03     0.4899772E+02
    -0.1134449E+03     0.4899763E+02
    -0.1132541E+03     0.4899723E+02
    -0.1130633E+03     0.4899649E+02
    -0.1128726E+03     0.4899541E+02
    -0.1128639E+03     0.4899536E+02
    -0.1126818E+03     0.4899625E+02
    -0.1124910E+03     0.4899686E+02
    -0.1123003E+03     0.4899714E+02
    -0.1121095E+03     0.4899709E+02
    -0.1119187E+03     0.4899671E+02
    -0.1119128E+03     0.4899670E+02
    -0.1117279E+03     0.4899813E+02
    -0.1115372E+03     0.4899928E+02
    -0.1113464E+03     0.4900011E+02
    -0.1111556E+03     0.4900061E+02
    -0.1109648E+03     0.4900077E+02
    -0.1107740E+03     0.4900061E+02
    -0.1105832E+03     0.4900012E+02
    -0.1103924E+03     0.4899929E+02
    -0.1102017E+03     0.4899814E+02
    -0.1100109E+03     0.4899666E+02
    -0.1100000E+03     0.4899657E+02
    -0.1098087E+03     0.4899779E+02
    -0.1096179E+03     0.4899868E+02
    -0.1094271E+03     0.4899924E+02
    -0.1092363E+03     0.4899948E+02
    -0.1090455E+03     0.4899938E+02
    -0.1088548E+03     0.4899896E+02
    -0.1086640E+03     0.4899820E+02
    -0.1084732E+03     0.4899712E+02
    -0.1082825E+03     0.4899571E+02
    -0.1080917E+03     0.4899640E+02
    -0.1079009E+03     0.4899675E+02
    -0.1077101E+03     0.4899678E+02
    -0.1075193E+03     0.4899648E+02
    -0.1073286E+03     0.4899585E+02
    -0.1071378E+03     0.4899489E+02
    -0.1069703E+03     0.4899378E+02
    -0.1069471E+03     0.4899390E+02
    -0.1067563E+03     0.4899467E+02
    -0.1065655E+03     0.4899512E+02
    -0.1063747E+03     0.4899524E+02
    -0.1061840E+03     0.4899503E+02
    -0.1060391E+03     0.4899465E+02
    -0.1059932E+03     0.4899496E+02
    -0.1058024E+03     0.4899604E+02
    -0.1056117E+03     0.4899680E+02
    -0.1054209E+03     0.4899723E+02
    -0.1052301E+03     0.4899732E+02
    -0.1050393E+03     0.4899709E+02
    -0.1050000E+03     0.4899697E+02
    -0.1048485E+03     0.4899652E+02
    -0.1046578E+03     0.4899563E+02
    -0.1044670E+03     0.4899441E+02
    -0.1042763E+03     0.4899286E+02
    -0.1040855E+03     0.4899098E+02
    -0.1040237E+03     0.4899030E+02
    -0.1040237E+03     0.4899030E+02
    -0.1040252E+03     0.4886477E+02
    -0.1040266E+03     0.4873926E+02
    -0.1040281E+03     0.4861376E+02
    -0.1040295E+03     0.4848827E+02
    -0.1040310E+03     0.4836279E+02
    -0.1040469E+03     0.4800000E+02
    -0.1040469E+03     0.4788601E+02
    -0.1040469E+03     0.4776052E+02
    -0.1040469E+03     0.4763501E+02
    -0.1040469E+03     0.4750948E+02
    -0.1040469E+03     0.4738393E+02
    -0.1040469E+03     0.4725835E+02
    -0.1040469E+03     0.4713277E+02
    -0.1040469E+03     0.4700716E+02
    -0.1040469E+03     0.4688153E+02
    -0.1040469E+03     0.4675589E+02
    -0.1040469E+03     0.4663023E+02
    -0.1040469E+03     0.4650456E+02
    -0.1040469E+03     0.4637887E+02
    -0.1040468E+03     0.4625317E+02
    -0.1040468E+03     0.4612745E+02
    -0.1040468E+03     0.4600172E+02
    -0.1040468E+03     0.4594127E+02
    -0.1040468E+03     0.4581552E+02
    -0.1040468E+03     0.4568976E+02
    -0.1040468E+03     0.4556399E+02
    -0.1040468E+03     0.4543821E+02
    -0.1040468E+03     0.4531242E+02
    -0.1040468E+03     0.4518662E+02
    -0.1040468E+03     0.4506081E+02
    -0.1040468E+03     0.4500000E+02
    -0.1040648E+03     0.4500000E+02
    -0.1040837E+03     0.4500000E+02
    -0.1041670E+03     0.4500000E+02
    -0.1042503E+03     0.4500000E+02
    -0.1043336E+03     0.4500000E+02
    -0.1044169E+03     0.4500000E+02
    -0.1045002E+03     0.4500000E+02
    -0.1045835E+03     0.4500000E+02
    -0.1046668E+03     0.4500000E+02
    -0.1047501E+03     0.4500000E+02
    -0.1048334E+03     0.4500000E+02
    -0.1049167E+03     0.4500000E+02
    -0.1050000E+03     0.4500000E+02
    -0.1050020E+03     0.4500000E+02
    -0.1050853E+03     0.4500000E+02
    -0.1051686E+03     0.4500000E+02
    -0.1052519E+03     0.4500000E+02
    -0.1053352E+03     0.4500000E+02
    -0.1054185E+03     0.4500000E+02
    -0.1055018E+03     0.4500000E+02
    -0.1055851E+03     0.4500000E+02
    -0.1056684E+03     0.4500000E+02
    -0.1057517E+03     0.4500000E+02
    -0.1058350E+03     0.4500000E+02
    -0.1059183E+03     0.4500000E+02
    -0.1060016E+03     0.4500000E+02
    -0.1060849E+03     0.4500000E+02
    -0.1061682E+03     0.4500000E+02
    -0.1062515E+03     0.4500000E+02
    -0.1063348E+03     0.4500000E+02
    -0.1064181E+03     0.4500000E+02
    -0.1065014E+03     0.4500000E+02
    -0.1065847E+03     0.4500000E+02
    -0.1066680E+03     0.4500000E+02
    -0.1067513E+03     0.4500000E+02
    -0.1068346E+03     0.4500000E+02
    -0.1069179E+03     0.4500000E+02
    -0.1070012E+03     0.4500000E+02
    -0.1070845E+03     0.4500000E+02
    -0.1071678E+03     0.4500000E+02
    -0.1072511E+03     0.4500000E+02
    -0.1073344E+03     0.4500000E+02
    -0.1074177E+03     0.4500000E+02
    -0.1075010E+03     0.4500000E+02
    -0.1075193E+03     0.4500035E+02
    -0.1075843E+03     0.4499977E+02
    -0.1076676E+03     0.4500000E+02
    -0.1077509E+03     0.4500000E+02
    -0.1078342E+03     0.4500000E+02
    -0.1079175E+03     0.4500000E+02
    -0.1080008E+03     0.4500000E+02
    -0.1080841E+03     0.4500000E+02
    -0.1081674E+03     0.4500000E+02
    -0.1082189E+03     0.4500000E+02
    -0.1082507E+03     0.4499994E+02
    -0.1083340E+03     0.4500000E+02
    -0.1083964E+03     0.4500082E+02
    -0.1085739E+03     0.4500163E+02
    -0.1087514E+03     0.4500216E+02
    -0.1089289E+03     0.4500242E+02
    -0.1090000E+03     0.4500237E+02
    -0.1090177E+03     0.4500637E+02
    -0.1090315E+03     0.4500476E+02
    -0.1090465E+03     0.4500622E+02
    -0.1090667E+03     0.4500594E+02
    -0.1090905E+03     0.4500222E+02
    -0.1091095E+03     0.4500554E+02
    -0.1091156E+03     0.4500847E+02
    -0.1091336E+03     0.4501275E+02
    -0.1091342E+03     0.4501290E+02
    -0.1091383E+03     0.4501133E+02
    -0.1092608E+03     0.4501146E+02
    -0.1092840E+03     0.4501317E+02
    -0.1092942E+03     0.4501153E+02
    -0.1093101E+03     0.4501106E+02
    -0.1093287E+03     0.4501051E+02
    -0.1094774E+03     0.4501184E+02
    -0.1094875E+03     0.4501294E+02
    -0.1094924E+03     0.4501347E+02
    -0.1095105E+03     0.4501115E+02
    -0.1096647E+03     0.4501184E+02
    -0.1097363E+03     0.4501208E+02
    -0.1097686E+03     0.4501058E+02
    -0.1098049E+03     0.4501274E+02
    -0.1098224E+03     0.4501057E+02
    -0.1098417E+03     0.4501157E+02
    -0.1098643E+03     0.4501140E+02
    -0.1100000E+03     0.4501030E+02
    -0.1100418E+03     0.4500996E+02
    -0.1101264E+03     0.4500917E+02
    -0.1101339E+03     0.4500570E+02
    -0.1101416E+03     0.4500000E+02
    -0.1101445E+03     0.4499780E+02
    -0.1101526E+03     0.4499482E+02
    -0.1101715E+03     0.4499107E+02
    -0.1102113E+03     0.4499210E+02
    -0.1102855E+03     0.4499399E+02
    -0.1103059E+03     0.4499144E+02
    -0.1103257E+03     0.4500000E+02
    -0.1103297E+03     0.4500171E+02
    -0.1103436E+03     0.4500477E+02
    -0.1103509E+03     0.4500287E+02
    -0.1103577E+03     0.4500347E+02
    -0.1103675E+03     0.4500000E+02
    -0.1103805E+03     0.4499540E+02
    -0.1103987E+03     0.4498896E+02
    -0.1105558E+03     0.4498903E+02
    -0.1106871E+03     0.4498892E+02
    -0.1106970E+03     0.4498737E+02
    -0.1107299E+03     0.4499503E+02
    -0.1107313E+03     0.4499515E+02
    -0.1107463E+03     0.4499633E+02
    -0.1107550E+03     0.4500000E+02
    -0.1107612E+03     0.4500261E+02
    -0.1107937E+03     0.4501023E+02
    -0.1108025E+03     0.4500977E+02
    -0.1108116E+03     0.4500610E+02
    -0.1109032E+03     0.4500575E+02
    -0.1110568E+03     0.4500500E+02
    -0.1110568E+03     0.4500000E+02
    -0.1110570E+03     0.4498803E+02
    -0.1110580E+03     0.4492524E+02
    -0.1110574E+03     0.4486221E+02
    -0.1110564E+03     0.4473637E+02
    -0.1110553E+03     0.4461053E+02
    -0.1110542E+03     0.4448468E+02
    -0.1110979E+03     0.4449552E+02
    -0.1111172E+03     0.4449829E+02
    -0.1111294E+03     0.4450508E+02
    -0.1111357E+03     0.4451133E+02
    -0.1111393E+03     0.4451497E+02
    -0.1111412E+03     0.4452629E+02
    -0.1111376E+03     0.4453690E+02
    -0.1111440E+03     0.4454042E+02
    -0.1111550E+03     0.4454279E+02
    -0.1111765E+03     0.4455690E+02
    -0.1111792E+03     0.4456551E+02
    -0.1111847E+03     0.4457197E+02
    -0.1111947E+03     0.4457887E+02
    -0.1112033E+03     0.4458226E+02
    -0.1112240E+03     0.4458142E+02
    -0.1112288E+03     0.4458440E+02
    -0.1112302E+03     0.4459586E+02
    -0.1112308E+03     0.4460123E+02
    -0.1112388E+03     0.4460483E+02
    -0.1112422E+03     0.4461003E+02
    -0.1112405E+03     0.4462532E+02
    -0.1112322E+03     0.4463754E+02
    -0.1112387E+03     0.4464725E+02
    -0.1112459E+03     0.4465310E+02
    -0.1112570E+03     0.4465844E+02
    -0.1112771E+03     0.4465641E+02
    -0.1112841E+03     0.4466086E+02
    -0.1112774E+03     0.4466743E+02
    -0.1112736E+03     0.4467435E+02
    -0.1112817E+03     0.4468735E+02
    -0.1112947E+03     0.4469913E+02
    -0.1112971E+03     0.4470138E+02
    -0.1112996E+03     0.4470654E+02
    -0.1113175E+03     0.4471815E+02
    -0.1113261E+03     0.4473323E+02
    -0.1113329E+03     0.4473653E+02
    -0.1113389E+03     0.4473704E+02
    -0.1113514E+03     0.4473051E+02
    -0.1113597E+03     0.4473571E+02
    -0.1113671E+03     0.4475279E+02
    -0.1113720E+03     0.4475600E+02
    -0.1113830E+03     0.4475857E+02
    -0.1113909E+03     0.4475756E+02
    -0.1113957E+03     0.4475388E+02
    -0.1114016E+03     0.4474123E+02
    -0.1114041E+03     0.4473592E+02
    -0.1114064E+03     0.4472479E+02
    -0.1114150E+03     0.4471831E+02
    -0.1114258E+03     0.4471972E+02
    -0.1114329E+03     0.4472715E+02
    -0.1114467E+03     0.4472824E+02
    -0.1114870E+03     0.4471264E+02
    -0.1114901E+03     0.4471026E+02
    -0.1114844E+03     0.4469120E+02
    -0.1114726E+03     0.4468608E+02
    -0.1114756E+03     0.4467823E+02
    -0.1114823E+03     0.4466061E+02
    -0.1114954E+03     0.4465731E+02
    -0.1115013E+03     0.4465321E+02
    -0.1115058E+03     0.4465319E+02
    -0.1115170E+03     0.4464980E+02
    -0.1115171E+03     0.4464544E+02
    -0.1115112E+03     0.4463876E+02
    -0.1115140E+03     0.4462971E+02
    -0.1115213E+03     0.4462339E+02
    -0.1115256E+03     0.4461487E+02
    -0.1115231E+03     0.4460260E+02
    -0.1115246E+03     0.4459671E+02
    -0.1115234E+03     0.4459184E+02
    -0.1115055E+03     0.4457937E+02
    -0.1115114E+03     0.4457089E+02
    -0.1115057E+03     0.4456628E+02
    -0.1114884E+03     0.4456618E+02
    -0.1114803E+03     0.4456031E+02
    -0.1114780E+03     0.4456086E+02
    -0.1114675E+03     0.4456340E+02
    -0.1114645E+03     0.4456074E+02
    -0.1114615E+03     0.4455441E+02
    -0.1114655E+03     0.4454909E+02
    -0.1114780E+03     0.4454576E+02
    -0.1115122E+03     0.4454754E+02
    -0.1115459E+03     0.4456213E+02
    -0.1115933E+03     0.4456791E+02
    -0.1116000E+03     0.4456572E+02
    -0.1116157E+03     0.4456065E+02
    -0.1116290E+03     0.4455940E+02
    -0.1116497E+03     0.4456146E+02
    -0.1116712E+03     0.4456171E+02
    -0.1116861E+03     0.4456763E+02
    -0.1116947E+03     0.4456457E+02
    -0.1117030E+03     0.4456516E+02
    -0.1117117E+03     0.4456096E+02
    -0.1117202E+03     0.4455124E+02
    -0.1117551E+03     0.4454449E+02
    -0.1117586E+03     0.4454149E+02
    -0.1117655E+03     0.4453553E+02
    -0.1117750E+03     0.4453663E+02
    -0.1117795E+03     0.4453270E+02
    -0.1117865E+03     0.4453001E+02
    -0.1118031E+03     0.4453072E+02
    -0.1118099E+03     0.4451909E+02
    -0.1118145E+03     0.4451700E+02
    -0.1118216E+03     0.4451661E+02
    -0.1118308E+03     0.4452617E+02
    -0.1118453E+03     0.4453687E+02
    -0.1118493E+03     0.4454667E+02
    -0.1118726E+03     0.4457195E+02
    -0.1119045E+03     0.4456984E+02
    -0.1119229E+03     0.4456556E+02
    -0.1119414E+03     0.4456312E+02
    -0.1119611E+03     0.4455362E+02
    -0.1119721E+03     0.4454445E+02
    -0.1119850E+03     0.4454269E+02
    -0.1120013E+03     0.4454381E+02
    -0.1120198E+03     0.4455350E+02
    -0.1120249E+03     0.4455437E+02
    -0.1120287E+03     0.4455501E+02
    -0.1120465E+03     0.4455253E+02
    -0.1120530E+03     0.4454729E+02
    -0.1120409E+03     0.4454198E+02
    -0.1120384E+03     0.4453753E+02
    -0.1120437E+03     0.4453568E+02
    -0.1120851E+03     0.4453941E+02
    -0.1121073E+03     0.4453022E+02
    -0.1121217E+03     0.4453079E+02
    -0.1121312E+03     0.4454011E+02
    -0.1121396E+03     0.4454342E+02
    -0.1121495E+03     0.4454327E+02
    -0.1121644E+03     0.4454303E+02
    -0.1121749E+03     0.4454780E+02
    -0.1121864E+03     0.4454390E+02
    -0.1122012E+03     0.4454333E+02
    -0.1122152E+03     0.4454548E+02
    -0.1122208E+03     0.4454799E+02
    -0.1122261E+03     0.4455392E+02
    -0.1122288E+03     0.4456458E+02
    -0.1122323E+03     0.4456907E+02
    -0.1122451E+03     0.4457414E+02
    -0.1122604E+03     0.4457520E+02
    -0.1122806E+03     0.4456704E+02
    -0.1122852E+03     0.4456652E+02
    -0.1122930E+03     0.4456172E+02
    -0.1123103E+03     0.4454753E+02
    -0.1123244E+03     0.4454395E+02
    -0.1123547E+03     0.4454017E+02
    -0.1123587E+03     0.4453290E+02
    -0.1123623E+03     0.4449589E+02
    -0.1123712E+03     0.4447400E+02
    -0.1123767E+03     0.4446864E+02
    -0.1123788E+03     0.4446650E+02
    -0.1123791E+03     0.4446352E+02
    -0.1123902E+03     0.4445592E+02
    -0.1123979E+03     0.4445621E+02
    -0.1124090E+03     0.4446167E+02
    -0.1124172E+03     0.4445877E+02
    -0.1124252E+03     0.4445861E+02
    -0.1124408E+03     0.4446515E+02
    -0.1124712E+03     0.4448323E+02
    -0.1124805E+03     0.4448265E+02
    -0.1125034E+03     0.4447135E+02
    -0.1125108E+03     0.4447184E+02
    -0.1125185E+03     0.4447855E+02
    -0.1125231E+03     0.4448260E+02
    -0.1125291E+03     0.4448420E+02
    -0.1125359E+03     0.4448399E+02
    -0.1125483E+03     0.4448902E+02
    -0.1125579E+03     0.4448891E+02
    -0.1125633E+03     0.4448498E+02
    -0.1125751E+03     0.4448219E+02
    -0.1125993E+03     0.4449314E+02
    -0.1126078E+03     0.4449528E+02
    -0.1126238E+03     0.4449058E+02
    -0.1126296E+03     0.4449033E+02
    -0.1126331E+03     0.4449617E+02
    -0.1126410E+03     0.4449783E+02
    -0.1126650E+03     0.4449295E+02
    -0.1126736E+03     0.4449325E+02
    -0.1126746E+03     0.4449329E+02
    -0.1127166E+03     0.4451262E+02
    -0.1127265E+03     0.4451273E+02
    -0.1127293E+03     0.4450917E+02
    -0.1127356E+03     0.4450640E+02
    -0.1127427E+03     0.4449542E+02
    -0.1127495E+03     0.4449451E+02
    -0.1127562E+03     0.4449588E+02
    -0.1127681E+03     0.4449179E+02
    -0.1127873E+03     0.4448962E+02
    -0.1127929E+03     0.4447790E+02
    -0.1128045E+03     0.4446775E+02
    -0.1128303E+03     0.4444961E+02
    -0.1128314E+03     0.4443796E+02
    -0.1128421E+03     0.4443167E+02
    -0.1128436E+03     0.4442738E+02
    -0.1128412E+03     0.4442042E+02
    -0.1128186E+03     0.4439972E+02
    -0.1128183E+03     0.4439863E+02
    -0.1128178E+03     0.4439626E+02
    -0.1128251E+03     0.4438231E+02
    -0.1128392E+03     0.4436789E+02
    -0.1128455E+03     0.4436466E+02
    -0.1128506E+03     0.4436460E+02
    -0.1128660E+03     0.4437383E+02
    -0.1128850E+03     0.4439141E+02
    -0.1128904E+03     0.4440282E+02
    -0.1128931E+03     0.4440497E+02
    -0.1129143E+03     0.4440774E+02
    -0.1129269E+03     0.4441731E+02
    -0.1129290E+03     0.4441775E+02
    -0.1129496E+03     0.4442196E+02
    -0.1130019E+03     0.4444542E+02
    -0.1130101E+03     0.4445187E+02
    -0.1130160E+03     0.4446099E+02
    -0.1130141E+03     0.4448108E+02
    -0.1130288E+03     0.4449691E+02
    -0.1130316E+03     0.4450341E+02
    -0.1130305E+03     0.4450478E+02
    -0.1130267E+03     0.4450944E+02
    -0.1130116E+03     0.4452087E+02
    -0.1130098E+03     0.4452447E+02
    -0.1130132E+03     0.4453077E+02
    -0.1130427E+03     0.4454706E+02
    -0.1130496E+03     0.4455415E+02
    -0.1130503E+03     0.4455784E+02
    -0.1130445E+03     0.4456934E+02
    -0.1130470E+03     0.4457468E+02
    -0.1130637E+03     0.4458094E+02
    -0.1130672E+03     0.4458586E+02
    -0.1130668E+03     0.4459295E+02
    -0.1130802E+03     0.4459870E+02
    -0.1130865E+03     0.4460136E+02
    -0.1130868E+03     0.4461099E+02
    -0.1130843E+03     0.4461549E+02
    -0.1130635E+03     0.4462514E+02
    -0.1130573E+03     0.4462655E+02
    -0.1130517E+03     0.4463485E+02
    -0.1130522E+03     0.4464174E+02
    -0.1130711E+03     0.4466318E+02
    -0.1130705E+03     0.4468286E+02
    -0.1130897E+03     0.4470099E+02
    -0.1130903E+03     0.4470158E+02
    -0.1131017E+03     0.4470995E+02
    -0.1131060E+03     0.4472223E+02
    -0.1131040E+03     0.4472972E+02
    -0.1131065E+03     0.4473552E+02
    -0.1131141E+03     0.4474332E+02
    -0.1131151E+03     0.4475388E+02
    -0.1131209E+03     0.4475842E+02
    -0.1131376E+03     0.4476374E+02
    -0.1131417E+03     0.4477052E+02
    -0.1131343E+03     0.4478082E+02
    -0.1131377E+03     0.4478436E+02
    -0.1131681E+03     0.4478621E+02
    -0.1131712E+03     0.4478800E+02
    -0.1131803E+03     0.4479322E+02
    -0.1131918E+03     0.4480526E+02
    -0.1132188E+03     0.4481707E+02
    -0.1132384E+03     0.4482247E+02
    -0.1132590E+03     0.4482400E+02
    -0.1132825E+03     0.4481805E+02
    -0.1132919E+03     0.4481192E+02
    -0.1133196E+03     0.4479831E+02
    -0.1133214E+03     0.4479744E+02
    -0.1133388E+03     0.4479222E+02
    -0.1133464E+03     0.4479382E+02
    -0.1133547E+03     0.4480047E+02
    -0.1133449E+03     0.4480935E+02
    -0.1133443E+03     0.4481391E+02
    -0.1133546E+03     0.4482497E+02
    -0.1133669E+03     0.4482968E+02
    -0.1133755E+03     0.4483084E+02
    -0.1133851E+03     0.4484349E+02
    -0.1134179E+03     0.4484420E+02
    -0.1134207E+03     0.4484702E+02
    -0.1134226E+03     0.4485394E+02
    -0.1134264E+03     0.4485537E+02
    -0.1134299E+03     0.4486148E+02
    -0.1134342E+03     0.4486273E+02
    -0.1134403E+03     0.4486452E+02
    -0.1134512E+03     0.4487193E+02
    -0.1134603E+03     0.4488226E+02
    -0.1134611E+03     0.4489167E+02
    -0.1134734E+03     0.4490232E+02
    -0.1134712E+03     0.4491348E+02
    -0.1134929E+03     0.4493446E+02
    -0.1134978E+03     0.4494513E+02
    -0.1134953E+03     0.4495010E+02
    -0.1134861E+03     0.4495305E+02
    -0.1134667E+03     0.4495561E+02
    -0.1134503E+03     0.4495778E+02
    -0.1134466E+03     0.4496133E+02
    -0.1134448E+03     0.4496953E+02
    -0.1134478E+03     0.4498541E+02
    -0.1134445E+03     0.4500000E+02
    -0.1134410E+03     0.4501567E+02
    -0.1134460E+03     0.4502337E+02
    -0.1134499E+03     0.4503493E+02
    -0.1134578E+03     0.4504340E+02
    -0.1134511E+03     0.4505374E+02
    -0.1134561E+03     0.4506304E+02
    -0.1134599E+03     0.4506333E+02
    -0.1134751E+03     0.4506449E+02
    -0.1134882E+03     0.4506737E+02
    -0.1134969E+03     0.4507998E+02
    -0.1135188E+03     0.4508767E+02
    -0.1135224E+03     0.4509327E+02
    -0.1135141E+03     0.4510312E+02
    -0.1135102E+03     0.4511514E+02
    -0.1135204E+03     0.4511771E+02
    -0.1135347E+03     0.4511673E+02
    -0.1135451E+03     0.4511083E+02
    -0.1135629E+03     0.4512185E+02
    -0.1135629E+03     0.4512185E+02
    -0.1135748E+03     0.4512926E+02
    -0.1135762E+03     0.4513411E+02
    -0.1135699E+03     0.4514287E+02
    -0.1135693E+03     0.4514835E+02
    -0.1135894E+03     0.4515415E+02
    -0.1135970E+03     0.4516283E+02
    -0.1135980E+03     0.4516766E+02
    -0.1135965E+03     0.4516964E+02
    -0.1135911E+03     0.4517686E+02
    -0.1136183E+03     0.4520049E+02
    -0.1136281E+03     0.4520532E+02
    -0.1136371E+03     0.4521334E+02
    -0.1136516E+03     0.4523410E+02
    -0.1136606E+03     0.4524258E+02
    -0.1136871E+03     0.4525677E+02
    -0.1136938E+03     0.4526564E+02
    -0.1136942E+03     0.4526681E+02
    -0.1136957E+03     0.4527142E+02
    -0.1136820E+03     0.4527885E+02
    -0.1137122E+03     0.4530526E+02
    -0.1137438E+03     0.4532919E+02
    -0.1137477E+03     0.4533570E+02
    -0.1137375E+03     0.4535696E+02
    -0.1137393E+03     0.4536570E+02
    -0.1137380E+03     0.4536953E+02
    -0.1137355E+03     0.4537682E+02
    -0.1137372E+03     0.4538167E+02
    -0.1137345E+03     0.4538939E+02
    -0.1137375E+03     0.4539519E+02
    -0.1137561E+03     0.4540596E+02
    -0.1137741E+03     0.4541030E+02
    -0.1137817E+03     0.4541530E+02
    -0.1137795E+03     0.4541982E+02
    -0.1137664E+03     0.4542682E+02
    -0.1137727E+03     0.4543178E+02
    -0.1137797E+03     0.4543470E+02
    -0.1137820E+03     0.4544186E+02
    -0.1137787E+03     0.4544933E+02
    -0.1137874E+03     0.4545710E+02
    -0.1137813E+03     0.4546360E+02
    -0.1137771E+03     0.4546806E+02
    -0.1137781E+03     0.4547403E+02
    -0.1137659E+03     0.4548174E+02
    -0.1137631E+03     0.4548602E+02
    -0.1137648E+03     0.4549705E+02
    -0.1137756E+03     0.4551563E+02
    -0.1137724E+03     0.4552104E+02
    -0.1137726E+03     0.4552471E+02
    -0.1137790E+03     0.4552647E+02
    -0.1138071E+03     0.4552511E+02
    -0.1138239E+03     0.4552209E+02
    -0.1138315E+03     0.4552548E+02
    -0.1138333E+03     0.4552942E+02
    -0.1138292E+03     0.4553926E+02
    -0.1138255E+03     0.4554800E+02
    -0.1138203E+03     0.4557373E+02
    -0.1138002E+03     0.4558467E+02
    -0.1138149E+03     0.4560999E+02
    -0.1138230E+03     0.4561293E+02
    -0.1138402E+03     0.4561496E+02
    -0.1138588E+03     0.4562663E+02
    -0.1138709E+03     0.4562691E+02
    -0.1138720E+03     0.4562648E+02
    -0.1138862E+03     0.4562088E+02
    -0.1138948E+03     0.4562017E+02
    -0.1139047E+03     0.4562361E+02
    -0.1139056E+03     0.4562592E+02
    -0.1138945E+03     0.4563938E+02
    -0.1138956E+03     0.4564330E+02
    -0.1139043E+03     0.4565243E+02
    -0.1139214E+03     0.4566291E+02
    -0.1139377E+03     0.4567840E+02
    -0.1139378E+03     0.4569648E+02
    -0.1139466E+03     0.4569714E+02
    -0.1139572E+03     0.4569368E+02
    -0.1139662E+03     0.4569074E+02
    -0.1139739E+03     0.4569321E+02
    -0.1139832E+03     0.4570509E+02
    -0.1139948E+03     0.4570696E+02
    -0.1140032E+03     0.4570212E+02
    -0.1140111E+03     0.4570116E+02
    -0.1140208E+03     0.4569680E+02
    -0.1140229E+03     0.4568037E+02
    -0.1140189E+03     0.4566083E+02
    -0.1140218E+03     0.4565541E+02
    -0.1140380E+03     0.4565005E+02
    -0.1140534E+03     0.4563949E+02
    -0.1140589E+03     0.4563565E+02
    -0.1140759E+03     0.4562780E+02
    -0.1140878E+03     0.4560358E+02
    -0.1140977E+03     0.4559350E+02
    -0.1141054E+03     0.4558955E+02
    -0.1141291E+03     0.4558458E+02
    -0.1141339E+03     0.4557920E+02
    -0.1141335E+03     0.4556775E+02
    -0.1141372E+03     0.4556371E+02
    -0.1141474E+03     0.4556279E+02
    -0.1141614E+03     0.4555508E+02
    -0.1141640E+03     0.4555485E+02
    -0.1141696E+03     0.4555434E+02
    -0.1141861E+03     0.4555676E+02
    -0.1141906E+03     0.4555091E+02
    -0.1141912E+03     0.4554520E+02
    -0.1141977E+03     0.4553824E+02
    -0.1142084E+03     0.4553939E+02
    -0.1142184E+03     0.4554258E+02
    -0.1142356E+03     0.4555095E+02
    -0.1142481E+03     0.4554892E+02
    -0.1142542E+03     0.4554219E+02
    -0.1142553E+03     0.4552482E+02
    -0.1142663E+03     0.4550262E+02
    -0.1142672E+03     0.4550137E+02
    -0.1142782E+03     0.4548456E+02
    -0.1142864E+03     0.4548130E+02
    -0.1143074E+03     0.4547830E+02
    -0.1143196E+03     0.4546596E+02
    -0.1143275E+03     0.4546566E+02
    -0.1143423E+03     0.4546116E+02
    -0.1143563E+03     0.4546807E+02
    -0.1143629E+03     0.4547462E+02
    -0.1143651E+03     0.4548427E+02
    -0.1143726E+03     0.4549311E+02
    -0.1143824E+03     0.4550018E+02
    -0.1143873E+03     0.4550152E+02
    -0.1144056E+03     0.4550658E+02
    -0.1144296E+03     0.4550957E+02
    -0.1144402E+03     0.4554593E+02
    -0.1144501E+03     0.4555161E+02
    -0.1144646E+03     0.4554708E+02
    -0.1144687E+03     0.4555311E+02
    -0.1144622E+03     0.4556100E+02
    -0.1144660E+03     0.4556336E+02
    -0.1144731E+03     0.4556532E+02
    -0.1144868E+03     0.4556467E+02
    -0.1144876E+03     0.4556148E+02
    -0.1144876E+03     0.4556148E+02
    -0.1144981E+03     0.4555870E+02
    -0.1145072E+03     0.4555933E+02
    -0.1145165E+03     0.4556454E+02
    -0.1145208E+03     0.4557011E+02
    -0.1145263E+03     0.4557296E+02
    -0.1145338E+03     0.4557127E+02
    -0.1145446E+03     0.4556277E+02
    -0.1145577E+03     0.4555981E+02
    -0.1145641E+03     0.4556473E+02
    -0.1145596E+03     0.4557037E+02
    -0.1145577E+03     0.4557743E+02
    -0.1145592E+03     0.4559187E+02
    -0.1145550E+03     0.4559558E+02
    -0.1145409E+03     0.4560801E+02
    -0.1145436E+03     0.4561584E+02
    -0.1145617E+03     0.4562807E+02
    -0.1145659E+03     0.4563821E+02
    -0.1145599E+03     0.4564291E+02
    -0.1145448E+03     0.4564606E+02
    -0.1145323E+03     0.4565704E+02
    -0.1145209E+03     0.4565523E+02
    -0.1145091E+03     0.4566416E+02
    -0.1145021E+03     0.4567799E+02
    -0.1145015E+03     0.4568521E+02
    -0.1145014E+03     0.4568667E+02
    -0.1145166E+03     0.4569084E+02
    -0.1145125E+03     0.4569534E+02
    -0.1145022E+03     0.4570064E+02
    -0.1144970E+03     0.4570855E+02
    -0.1144980E+03     0.4571543E+02
    -0.1145096E+03     0.4573006E+02
    -0.1145262E+03     0.4573151E+02
    -0.1145477E+03     0.4574999E+02
    -0.1145464E+03     0.4575980E+02
    -0.1145498E+03     0.4576513E+02
    -0.1145664E+03     0.4576863E+02
    -0.1145682E+03     0.4577118E+02
    -0.1145717E+03     0.4577582E+02
    -0.1145702E+03     0.4577854E+02
    -0.1145595E+03     0.4578612E+02
    -0.1145505E+03     0.4579945E+02
    -0.1145339E+03     0.4581425E+02
    -0.1145302E+03     0.4582425E+02
    -0.1145213E+03     0.4582614E+02
    -0.1145162E+03     0.4583154E+02
    -0.1145147E+03     0.4583562E+02
    -0.1145172E+03     0.4583887E+02
    -0.1145159E+03     0.4584663E+02
    -0.1145072E+03     0.4585241E+02
    -0.1144927E+03     0.4585512E+02
    -0.1144706E+03     0.4585687E+02
    -0.1144647E+03     0.4585733E+02
    -0.1144444E+03     0.4586518E+02
    -0.1144310E+03     0.4586515E+02
    -0.1144210E+03     0.4585992E+02
    -0.1144084E+03     0.4585739E+02
    -0.1144069E+03     0.4586880E+02
    -0.1143933E+03     0.4588135E+02
    -0.1143895E+03     0.4588745E+02
    -0.1143898E+03     0.4589455E+02
    -0.1143975E+03     0.4589996E+02
    -0.1144012E+03     0.4590529E+02
    -0.1144115E+03     0.4591053E+02
    -0.1144212E+03     0.4592367E+02
    -0.1144339E+03     0.4594093E+02
    -0.1144127E+03     0.4595333E+02
    -0.1144068E+03     0.4596328E+02
    -0.1144072E+03     0.4596992E+02
    -0.1144271E+03     0.4598769E+02
    -0.1144503E+03     0.4599294E+02
    -0.1144625E+03     0.4599866E+02
    -0.1144684E+03     0.4599923E+02
    -0.1144800E+03     0.4599739E+02
    -0.1144886E+03     0.4600122E+02
    -0.1144879E+03     0.4600486E+02
    -0.1144774E+03     0.4602159E+02
    -0.1144777E+03     0.4602983E+02
    -0.1145004E+03     0.4602980E+02
    -0.1145092E+03     0.4603202E+02
    -0.1145108E+03     0.4603502E+02
    -0.1145089E+03     0.4604094E+02
    -0.1144906E+03     0.4605478E+02
    -0.1144767E+03     0.4605795E+02
    -0.1144702E+03     0.4606354E+02
    -0.1144732E+03     0.4606977E+02
    -0.1144716E+03     0.4607752E+02
    -0.1144642E+03     0.4608994E+02
    -0.1144628E+03     0.4609222E+02
    -0.1144639E+03     0.4609865E+02
    -0.1144753E+03     0.4611121E+02
    -0.1144849E+03     0.4611642E+02
    -0.1145176E+03     0.4612367E+02
    -0.1145210E+03     0.4612762E+02
    -0.1145188E+03     0.4613581E+02
    -0.1145303E+03     0.4614449E+02
    -0.1145161E+03     0.4615429E+02
    -0.1145144E+03     0.4616523E+02
    -0.1145018E+03     0.4616477E+02
    -0.1144948E+03     0.4616784E+02
    -0.1144871E+03     0.4616663E+02
    -0.1144833E+03     0.4616603E+02
    -0.1144746E+03     0.4616106E+02
    -0.1144642E+03     0.4616750E+02
    -0.1144513E+03     0.4616862E+02
    -0.1144475E+03     0.4617130E+02
    -0.1144429E+03     0.4619751E+02
    -0.1144514E+03     0.4620682E+02
    -0.1144535E+03     0.4621235E+02
    -0.1144491E+03     0.4622301E+02
    -0.1144504E+03     0.4623196E+02
    -0.1144550E+03     0.4624257E+02
    -0.1144544E+03     0.4625651E+02
    -0.1144510E+03     0.4626032E+02
    -0.1144316E+03     0.4628169E+02
    -0.1144291E+03     0.4628667E+02
    -0.1144343E+03     0.4630529E+02
    -0.1144309E+03     0.4631735E+02
    -0.1144211E+03     0.4633043E+02
    -0.1144161E+03     0.4636372E+02
    -0.1144220E+03     0.4637897E+02
    -0.1144236E+03     0.4638330E+02
    -0.1144228E+03     0.4638763E+02
    -0.1144076E+03     0.4640380E+02
    -0.1143888E+03     0.4641738E+02
    -0.1143871E+03     0.4642627E+02
    -0.1143822E+03     0.4643509E+02
    -0.1143892E+03     0.4644963E+02
    -0.1143842E+03     0.4645731E+02
    -0.1143846E+03     0.4646372E+02
    -0.1143954E+03     0.4646827E+02
    -0.1144002E+03     0.4647271E+02
    -0.1144055E+03     0.4648082E+02
    -0.1144068E+03     0.4648783E+02
    -0.1144071E+03     0.4648931E+02
    -0.1143966E+03     0.4650397E+02
    -0.1143735E+03     0.4650169E+02
    -0.1143618E+03     0.4650466E+02
    -0.1143517E+03     0.4651429E+02
    -0.1143537E+03     0.4653171E+02
    -0.1143406E+03     0.4657421E+02
    -0.1143435E+03     0.4658437E+02
    -0.1143456E+03     0.4659145E+02
    -0.1143360E+03     0.4659721E+02
    -0.1143268E+03     0.4661852E+02
    -0.1143270E+03     0.4664664E+02
    -0.1143320E+03     0.4665451E+02
    -0.1143470E+03     0.4666030E+02
    -0.1143610E+03     0.4666789E+02
    -0.1143690E+03     0.4666850E+02
    -0.1143986E+03     0.4666285E+02
    -0.1143995E+03     0.4666269E+02
    -0.1144237E+03     0.4666270E+02
    -0.1144518E+03     0.4664975E+02
    -0.1144664E+03     0.4663333E+02
    -0.1144739E+03     0.4662981E+02
    -0.1144894E+03     0.4663170E+02
    -0.1145011E+03     0.4663901E+02
    -0.1145054E+03     0.4664000E+02
    -0.1145180E+03     0.4663977E+02
    -0.1145289E+03     0.4664203E+02
    -0.1145344E+03     0.4664647E+02
    -0.1145409E+03     0.4664865E+02
    -0.1145503E+03     0.4664489E+02
    -0.1145595E+03     0.4664121E+02
    -0.1145811E+03     0.4664137E+02
    -0.1145937E+03     0.4663428E+02
    -0.1146161E+03     0.4663924E+02
    -0.1146245E+03     0.4664556E+02
    -0.1146283E+03     0.4665089E+02
    -0.1146297E+03     0.4665822E+02
    -0.1146423E+03     0.4666599E+02
    -0.1146448E+03     0.4667060E+02
    -0.1146405E+03     0.4667921E+02
    -0.1146281E+03     0.4668243E+02
    -0.1146278E+03     0.4669043E+02
    -0.1146224E+03     0.4670119E+02
    -0.1146214E+03     0.4670334E+02
    -0.1146281E+03     0.4671100E+02
    -0.1146526E+03     0.4673154E+02
    -0.1146677E+03     0.4673683E+02
    -0.1146760E+03     0.4673811E+02
    -0.1146874E+03     0.4673465E+02
    -0.1146959E+03     0.4673936E+02
    -0.1147104E+03     0.4671651E+02
    -0.1147188E+03     0.4671346E+02
    -0.1147278E+03     0.4671406E+02
    -0.1147392E+03     0.4670945E+02
    -0.1147437E+03     0.4670472E+02
    -0.1147459E+03     0.4670359E+02
    -0.1147600E+03     0.4669630E+02
    -0.1147703E+03     0.4669647E+02
    -0.1147724E+03     0.4670131E+02
    -0.1147682E+03     0.4670810E+02
    -0.1147779E+03     0.4670802E+02
    -0.1147869E+03     0.4670543E+02
    -0.1147900E+03     0.4671256E+02
    -0.1147795E+03     0.4672976E+02
    -0.1147695E+03     0.4673851E+02
    -0.1147663E+03     0.4674623E+02
    -0.1147701E+03     0.4675887E+02
    -0.1147913E+03     0.4677605E+02
    -0.1147948E+03     0.4677892E+02
    -0.1148090E+03     0.4678098E+02
    -0.1148247E+03     0.4678008E+02
    -0.1148369E+03     0.4678553E+02
    -0.1148583E+03     0.4680095E+02
    -0.1148667E+03     0.4681113E+02
    -0.1148966E+03     0.4680153E+02
    -0.1149009E+03     0.4680548E+02
    -0.1149020E+03     0.4682035E+02
    -0.1149060E+03     0.4682292E+02
    -0.1149179E+03     0.4682561E+02
    -0.1149211E+03     0.4682812E+02
    -0.1149273E+03     0.4683307E+02
    -0.1149292E+03     0.4683767E+02
    -0.1149259E+03     0.4684562E+02
    -0.1149268E+03     0.4685112E+02
    -0.1149356E+03     0.4685696E+02
    -0.1149462E+03     0.4685849E+02
    -0.1149463E+03     0.4686489E+02
    -0.1149375E+03     0.4686979E+02
    -0.1149323E+03     0.4687679E+02
    -0.1149364E+03     0.4689468E+02
    -0.1149285E+03     0.4690187E+02
    -0.1149256E+03     0.4690777E+02
    -0.1149317E+03     0.4691700E+02
    -0.1149551E+03     0.4692759E+02
    -0.1149567E+03     0.4692834E+02
    -0.1149685E+03     0.4693537E+02
    -0.1149767E+03     0.4694165E+02
    -0.1149844E+03     0.4695250E+02
    -0.1150000E+03     0.4696495E+02
    -0.1150039E+03     0.4696809E+02
    -0.1150182E+03     0.4697286E+02
    -0.1150288E+03     0.4697393E+02
    -0.1150453E+03     0.4697073E+02
    -0.1150513E+03     0.4697195E+02
    -0.1150547E+03     0.4698068E+02
    -0.1150729E+03     0.4699807E+02
    -0.1150750E+03     0.4700586E+02
    -0.1150872E+03     0.4702291E+02
    -0.1151361E+03     0.4709144E+02
    -0.1151391E+03     0.4709559E+02
    -0.1151500E+03     0.4709985E+02
    -0.1151533E+03     0.4710354E+02
    -0.1151680E+03     0.4710601E+02
    -0.1151736E+03     0.4710928E+02
    -0.1151809E+03     0.4712240E+02
    -0.1151828E+03     0.4712449E+02
    -0.1151920E+03     0.4713465E+02
    -0.1152025E+03     0.4714026E+02
    -0.1152099E+03     0.4714127E+02
    -0.1152268E+03     0.4714856E+02
    -0.1152481E+03     0.4715339E+02
    -0.1152553E+03     0.4716010E+02
    -0.1152586E+03     0.4717658E+02
    -0.1152659E+03     0.4717987E+02
    -0.1152940E+03     0.4718362E+02
    -0.1153029E+03     0.4718693E+02
    -0.1153048E+03     0.4719175E+02
    -0.1152980E+03     0.4719875E+02
    -0.1152944E+03     0.4720716E+02
    -0.1153011E+03     0.4722163E+02
    -0.1153213E+03     0.4723191E+02
    -0.1153235E+03     0.4723628E+02
    -0.1153208E+03     0.4725087E+02
    -0.1153248E+03     0.4725548E+02
    -0.1153338E+03     0.4725809E+02
    -0.1153398E+03     0.4725702E+02
    -0.1153874E+03     0.4726234E+02
    -0.1154105E+03     0.4726071E+02
    -0.1154126E+03     0.4726056E+02
    -0.1154186E+03     0.4726451E+02
    -0.1154272E+03     0.4728355E+02
    -0.1154425E+03     0.4727526E+02
    -0.1154510E+03     0.4727421E+02
    -0.1154619E+03     0.4727981E+02
    -0.1154975E+03     0.4728154E+02
    -0.1155161E+03     0.4728926E+02
    -0.1155369E+03     0.4731025E+02
    -0.1155398E+03     0.4731559E+02
    -0.1155511E+03     0.4733665E+02
    -0.1155630E+03     0.4734635E+02
    -0.1155777E+03     0.4735379E+02
    -0.1155819E+03     0.4736366E+02
    -0.1156082E+03     0.4737600E+02
    -0.1156230E+03     0.4737773E+02
    -0.1156418E+03     0.4737744E+02
    -0.1156522E+03     0.4738050E+02
    -0.1156578E+03     0.4739142E+02
    -0.1156618E+03     0.4739420E+02
    -0.1156739E+03     0.4740268E+02
    -0.1156888E+03     0.4740929E+02
    -0.1157093E+03     0.4741040E+02
    -0.1157228E+03     0.4741793E+02
    -0.1157391E+03     0.4742085E+02
    -0.1157555E+03     0.4741636E+02
    -0.1157623E+03     0.4742197E+02
    -0.1157469E+03     0.4743850E+02
    -0.1157126E+03     0.4744931E+02
    -0.1156985E+03     0.4745639E+02
    -0.1156759E+03     0.4746770E+02
    -0.1156670E+03     0.4747585E+02
    -0.1156642E+03     0.4748130E+02
    -0.1156701E+03     0.4748592E+02
    -0.1156837E+03     0.4748352E+02
    -0.1156884E+03     0.4748494E+02
    -0.1156916E+03     0.4749341E+02
    -0.1157079E+03     0.4750359E+02
    -0.1157132E+03     0.4751254E+02
    -0.1157097E+03     0.4752005E+02
    -0.1157042E+03     0.4752206E+02
    -0.1157061E+03     0.4752892E+02
    -0.1157250E+03     0.4753136E+02
    -0.1157331E+03     0.4753389E+02
    -0.1157535E+03     0.4754026E+02
    -0.1157565E+03     0.4754645E+02
    -0.1157431E+03     0.4755525E+02
    -0.1157386E+03     0.4756617E+02
    -0.1157325E+03     0.4756498E+02
    -0.1157223E+03     0.4756787E+02
    -0.1157175E+03     0.4757491E+02
    -0.1157031E+03     0.4758300E+02
    -0.1156935E+03     0.4759365E+02
    -0.1156971E+03     0.4760031E+02
    -0.1156975E+03     0.4761652E+02
    -0.1157027E+03     0.4762790E+02
    -0.1157252E+03     0.4763820E+02
    -0.1157341E+03     0.4764695E+02
    -0.1157364E+03     0.4765313E+02
    -0.1157263E+03     0.4767040E+02
    -0.1157278E+03     0.4767908E+02
    -0.1157219E+03     0.4768954E+02
    -0.1157261E+03     0.4769779E+02
    -0.1157422E+03     0.4770819E+02
    -0.1157563E+03     0.4771401E+02
    -0.1157776E+03     0.4771623E+02
    -0.1157798E+03     0.4771788E+02
    -0.1157843E+03     0.4772130E+02
    -0.1157833E+03     0.4774092E+02
    -0.1158044E+03     0.4775637E+02
    -0.1158170E+03     0.4774984E+02
    -0.1158319E+03     0.4775109E+02
    -0.1158359E+03     0.4775500E+02
    -0.1158408E+03     0.4777193E+02
    -0.1158494E+03     0.4778180E+02
    -0.1158488E+03     0.4780302E+02
    -0.1158496E+03     0.4780777E+02
    -0.1158525E+03     0.4782382E+02
    -0.1158708E+03     0.4783263E+02
    -0.1158925E+03     0.4783827E+02
    -0.1159167E+03     0.4784941E+02
    -0.1159247E+03     0.4786042E+02
    -0.1159703E+03     0.4789544E+02
    -0.1159675E+03     0.4790398E+02
    -0.1159685E+03     0.4790741E+02
    -0.1160032E+03     0.4792610E+02
    -0.1160084E+03     0.4794712E+02
    -0.1160161E+03     0.4795789E+02
    -0.1160286E+03     0.4796572E+02
    -0.1160333E+03     0.4796460E+02
    -0.1160432E+03     0.4796808E+02
    -0.1160482E+03     0.4797335E+02
    -0.1160512E+03     0.4798113E+02
    -0.1160478E+03     0.4799440E+02
    -0.1160469E+03     0.4799799E+02
    -0.1160469E+03     0.4800000E+02
    -0.1160469E+03     0.4800000E+02
    -0.1160421E+03     0.4800000E+02
    -0.1160421E+03     0.4800000E+02
    -0.1160421E+03     0.4812181E+02
    -0.1160421E+03     0.4824727E+02
    -0.1160421E+03     0.4837275E+02
    -0.1160421E+03     0.4849824E+02
    -0.1160420E+03     0.4862374E+02
    -0.1160420E+03     0.4874926E+02
    -0.1160420E+03     0.4887479E+02
    -0.1160420E+03     0.4900033E+02
END
END
