nebraska
1
    -0.1000862E+03     0.4171342E+02
    -0.9531445E+02     0.4000000E+02
    -0.9533520E+02     0.4000000E+02
    -0.9540000E+02     0.4000000E+02
    -0.9541850E+02     0.4000000E+02
    -0.9550000E+02     0.4000000E+02
    -0.9550180E+02     0.4000000E+02
    -0.9558510E+02     0.4000000E+02
    -0.9560000E+02     0.4000000E+02
    -0.9566840E+02     0.4000000E+02
    -0.9570000E+02     0.4000000E+02
    -0.9575170E+02     0.4000000E+02
    -0.9580000E+02     0.4000000E+02
    -0.9583500E+02     0.4000000E+02
    -0.9590000E+02     0.4000000E+02
    -0.9591830E+02     0.4000000E+02
    -0.9600000E+02     0.4000000E+02
    -0.9600160E+02     0.4000000E+02
    -0.9608490E+02     0.4000000E+02
    -0.9610000E+02     0.4000000E+02
    -0.9616820E+02     0.4000000E+02
    -0.9620000E+02     0.4000000E+02
    -0.9625150E+02     0.4000000E+02
    -0.9630000E+02     0.4000000E+02
    -0.9633480E+02     0.4000000E+02
    -0.9640000E+02     0.4000000E+02
    -0.9641810E+02     0.4000000E+02
    -0.9650000E+02     0.4000000E+02
    -0.9650140E+02     0.4000000E+02
    -0.9658470E+02     0.4000000E+02
    -0.9660000E+02     0.4000000E+02
    -0.9666800E+02     0.4000000E+02
    -0.9670000E+02     0.4000000E+02
    -0.9675130E+02     0.4000000E+02
    -0.9680000E+02     0.4000000E+02
    -0.9683460E+02     0.4000000E+02
    -0.9690000E+02     0.4000000E+02
    -0.9691790E+02     0.4000000E+02
    -0.9700000E+02     0.4000000E+02
    -0.9700120E+02     0.4000000E+02
    -0.9708450E+02     0.4000000E+02
    -0.9710000E+02     0.4000000E+02
    -0.9716780E+02     0.4000000E+02
    -0.9720000E+02     0.4000000E+02
    -0.9725110E+02     0.4000000E+02
    -0.9730000E+02     0.4000000E+02
    -0.9733440E+02     0.4000000E+02
    -0.9740000E+02     0.4000000E+02
    -0.9741770E+02     0.4000000E+02
    -0.9750000E+02     0.4000000E+02
    -0.9750100E+02     0.4000000E+02
    -0.9758430E+02     0.4000000E+02
    -0.9760000E+02     0.4000000E+02
    -0.9766760E+02     0.4000000E+02
    -0.9770000E+02     0.4000000E+02
    -0.9775090E+02     0.4000000E+02
    -0.9780000E+02     0.4000000E+02
    -0.9783420E+02     0.4000000E+02
    -0.9790000E+02     0.4000000E+02
    -0.9791750E+02     0.4000000E+02
    -0.9800000E+02     0.4000000E+02
    -0.9800080E+02     0.4000000E+02
    -0.9808410E+02     0.4000000E+02
    -0.9810000E+02     0.4000000E+02
    -0.9816740E+02     0.4000000E+02
    -0.9820000E+02     0.4000000E+02
    -0.9825070E+02     0.4000000E+02
    -0.9830000E+02     0.4000000E+02
    -0.9833400E+02     0.4000000E+02
    -0.9840000E+02     0.4000000E+02
    -0.9841730E+02     0.4000000E+02
    -0.9850000E+02     0.4000000E+02
    -0.9850060E+02     0.4000000E+02
    -0.9858390E+02     0.4000000E+02
    -0.9860000E+02     0.4000000E+02
    -0.9866720E+02     0.4000000E+02
    -0.9870000E+02     0.4000000E+02
    -0.9875050E+02     0.4000000E+02
    -0.9880000E+02     0.4000000E+02
    -0.9883380E+02     0.4000000E+02
    -0.9890000E+02     0.4000000E+02
    -0.9891710E+02     0.4000000E+02
    -0.9900000E+02     0.4000000E+02
    -0.9908370E+02     0.4000000E+02
    -0.9910000E+02     0.4000000E+02
    -0.9916700E+02     0.4000000E+02
    -0.9920000E+02     0.4000000E+02
    -0.9925030E+02     0.4000000E+02
    -0.9930000E+02     0.4000000E+02
    -0.9933360E+02     0.4000000E+02
    -0.9940000E+02     0.4000000E+02
    -0.9941690E+02     0.4000000E+02
    -0.9950000E+02     0.4000000E+02
    -0.9958350E+02     0.4000000E+02
    -0.9960000E+02     0.4000000E+02
    -0.9966680E+02     0.4000000E+02
    -0.9970000E+02     0.4000000E+02
    -0.9975010E+02     0.4000000E+02
    -0.9980000E+02     0.4000000E+02
    -0.9983340E+02     0.4000000E+02
    -0.9990000E+02     0.4000000E+02
    -0.9991670E+02     0.4000000E+02
    -0.1000000E+03     0.4000000E+02
    -0.1000020E+03     0.4000000E+02
    -0.1000853E+03     0.4000000E+02
    -0.1001000E+03     0.4000000E+02
    -0.1001686E+03     0.4000000E+02
    -0.1002000E+03     0.4000000E+02
    -0.1002519E+03     0.4000000E+02
    -0.1003000E+03     0.4000000E+02
    -0.1003352E+03     0.4000000E+02
    -0.1004000E+03     0.4000000E+02
    -0.1004185E+03     0.4000000E+02
    -0.1005000E+03     0.4000000E+02
    -0.1005018E+03     0.4000000E+02
    -0.1005851E+03     0.4000000E+02
    -0.1006000E+03     0.4000000E+02
    -0.1006684E+03     0.4000000E+02
    -0.1007000E+03     0.4000000E+02
    -0.1007517E+03     0.4000000E+02
    -0.1008000E+03     0.4000000E+02
    -0.1008350E+03     0.4000000E+02
    -0.1009000E+03     0.4000000E+02
    -0.1009183E+03     0.4000000E+02
    -0.1010000E+03     0.4000000E+02
    -0.1010016E+03     0.4000000E+02
    -0.1010849E+03     0.4000000E+02
    -0.1011000E+03     0.4000000E+02
    -0.1011682E+03     0.4000000E+02
    -0.1012000E+03     0.4000000E+02
    -0.1012515E+03     0.4000000E+02
    -0.1013000E+03     0.4000000E+02
    -0.1013348E+03     0.4000000E+02
    -0.1014000E+03     0.4000000E+02
    -0.1014181E+03     0.4000000E+02
    -0.1015000E+03     0.4000000E+02
    -0.1015014E+03     0.4000000E+02
    -0.1015847E+03     0.4000000E+02
    -0.1016000E+03     0.4000000E+02
    -0.1016680E+03     0.4000000E+02
    -0.1017000E+03     0.4000000E+02
    -0.1017513E+03     0.4000000E+02
    -0.1018000E+03     0.4000000E+02
    -0.1018346E+03     0.4000000E+02
    -0.1019000E+03     0.4000000E+02
    -0.1019179E+03     0.4000000E+02
    -0.1020000E+03     0.4000000E+02
    -0.1020012E+03     0.4000000E+02
    -0.1020526E+03     0.4000000E+02
    -0.1020539E+03     0.4022370E+02
    -0.1020546E+03     0.4034938E+02
    -0.1020553E+03     0.4047507E+02
    -0.1020560E+03     0.4060077E+02
    -0.1020567E+03     0.4072649E+02
    -0.1020574E+03     0.4085222E+02
    -0.1020581E+03     0.4097796E+02
    -0.1020583E+03     0.4100120E+02
    -0.1021937E+03     0.4100301E+02
    -0.1023598E+03     0.4100500E+02
    -0.1025259E+03     0.4100674E+02
    -0.1025594E+03     0.4100669E+02
    -0.1027255E+03     0.4100634E+02
    -0.1028917E+03     0.4100574E+02
    -0.1030578E+03     0.4100488E+02
    -0.1030975E+03     0.4100463E+02
    -0.1032240E+03     0.4100489E+02
    -0.1033901E+03     0.4100501E+02
    -0.1035563E+03     0.4100488E+02
    -0.1037224E+03     0.4100449E+02
    -0.1038885E+03     0.4100385E+02
    -0.1040547E+03     0.4100295E+02
    -0.1040549E+03     0.4102076E+02
    -0.1040562E+03     0.4114651E+02
    -0.1040576E+03     0.4127228E+02
    -0.1040575E+03     0.4128614E+02
    -0.1040565E+03     0.4141191E+02
    -0.1040555E+03     0.4153770E+02
    -0.1040545E+03     0.4166350E+02
    -0.1040535E+03     0.4178931E+02
    -0.1040532E+03     0.4182549E+02
    -0.1040537E+03     0.4191512E+02
    -0.1040544E+03     0.4204094E+02
    -0.1040551E+03     0.4216677E+02
    -0.1040550E+03     0.4224873E+02
    -0.1040549E+03     0.4237457E+02
    -0.1040548E+03     0.4250041E+02
    -0.1040547E+03     0.4262626E+02
    -0.1040546E+03     0.4275211E+02
    -0.1040545E+03     0.4287797E+02
    -0.1040558E+03     0.4300143E+02
    -0.1038827E+03     0.4300328E+02
    -0.1037111E+03     0.4300248E+02
    -0.1035949E+03     0.4300179E+02
    -0.1035395E+03     0.4300186E+02
    -0.1033679E+03     0.4300192E+02
    -0.1031962E+03     0.4300172E+02
    -0.1030246E+03     0.4300126E+02
    -0.1028530E+03     0.4300053E+02
    -0.1026814E+03     0.4299955E+02
    -0.1025098E+03     0.4299829E+02
    -0.1023382E+03     0.4299678E+02
    -0.1021953E+03     0.4299532E+02
    -0.1021666E+03     0.4299559E+02
    -0.1019950E+03     0.4299703E+02
    -0.1018234E+03     0.4299821E+02
    -0.1016517E+03     0.4299912E+02
    -0.1014920E+03     0.4299974E+02
    -0.1013204E+03     0.4299841E+02
    -0.1011488E+03     0.4299681E+02
    -0.1009772E+03     0.4299496E+02
    -0.1009393E+03     0.4299451E+02
    -0.1008056E+03     0.4299483E+02
    -0.1006340E+03     0.4299500E+02
    -0.1004624E+03     0.4299490E+02
    -0.1002908E+03     0.4299455E+02
    -0.1001192E+03     0.4299393E+02
    -0.1000907E+03     0.4299380E+02
    -0.1000000E+03     0.4299359E+02
    -0.9994757E+02     0.4299346E+02
    -0.9977597E+02     0.4299281E+02
    -0.9960437E+02     0.4299190E+02
    -0.9943278E+02     0.4299073E+02
    -0.9926119E+02     0.4298929E+02
    -0.9908962E+02     0.4298759E+02
    -0.9902900E+02     0.4298693E+02
    -0.9885746E+02     0.4298997E+02
    -0.9868590E+02     0.4299276E+02
    -0.9851446E+02     0.4299528E+02
    -0.9851446E+02     0.4299528E+02
    -0.9850890E+02     0.4299445E+02
    -0.9847471E+02     0.4295213E+02
    -0.9846209E+02     0.4294182E+02
    -0.9844668E+02     0.4293623E+02
    -0.9840988E+02     0.4292779E+02
    -0.9838914E+02     0.4291872E+02
    -0.9838685E+02     0.4291772E+02
    -0.9836084E+02     0.4290089E+02
    -0.9831134E+02     0.4288591E+02
    -0.9828828E+02     0.4287726E+02
    -0.9826701E+02     0.4287247E+02
    -0.9823843E+02     0.4286144E+02
    -0.9819981E+02     0.4284651E+02
    -0.9814940E+02     0.4283909E+02
    -0.9813987E+02     0.4283408E+02
    -0.9813319E+02     0.4282339E+02
    -0.9809400E+02     0.4280251E+02
    -0.9808241E+02     0.4279633E+02
    -0.9806030E+02     0.4278239E+02
    -0.9803351E+02     0.4277168E+02
    -0.9799468E+02     0.4276830E+02
    -0.9797707E+02     0.4276976E+02
    -0.9796319E+02     0.4277467E+02
    -0.9794321E+02     0.4278468E+02
    -0.9794273E+02     0.4278505E+02
    -0.9792634E+02     0.4279763E+02
    -0.9791252E+02     0.4281449E+02
    -0.9789273E+02     0.4283358E+02
    -0.9787588E+02     0.4284557E+02
    -0.9784790E+02     0.4285869E+02
    -0.9782819E+02     0.4286247E+02
    -0.9781059E+02     0.4286295E+02
    -0.9779184E+02     0.4286053E+02
    -0.9776096E+02     0.4285346E+02
    -0.9768377E+02     0.4284892E+02
    -0.9767940E+02     0.4284939E+02
    -0.9761309E+02     0.4285647E+02
    -0.9759170E+02     0.4285489E+02
    -0.9754674E+02     0.4285597E+02
    -0.9751024E+02     0.4286299E+02
    -0.9750793E+02     0.4286343E+02
    -0.9749238E+02     0.4286201E+02
    -0.9745667E+02     0.4284898E+02
    -0.9745212E+02     0.4284884E+02
    -0.9741470E+02     0.4286588E+02
    -0.9739770E+02     0.4286727E+02
    -0.9735918E+02     0.4285794E+02
    -0.9735232E+02     0.4285919E+02
    -0.9732761E+02     0.4286366E+02
    -0.9731396E+02     0.4286323E+02
    -0.9728579E+02     0.4285516E+02
    -0.9726294E+02     0.4285635E+02
    -0.9724676E+02     0.4285487E+02
    -0.9723396E+02     0.4285111E+02
    -0.9722643E+02     0.4284656E+02
    -0.9721758E+02     0.4282043E+02
    -0.9721624E+02     0.4281888E+02
    -0.9720907E+02     0.4281059E+02
    -0.9717643E+02     0.4280187E+02
    -0.9716524E+02     0.4279337E+02
    -0.9715096E+02     0.4278237E+02
    -0.9713001E+02     0.4277402E+02
    -0.9709151E+02     0.4276604E+02
    -0.9704813E+02     0.4276314E+02
    -0.9702732E+02     0.4276339E+02
    -0.9701580E+02     0.4276060E+02
    -0.9700582E+02     0.4276058E+02
    -0.9700085E+02     0.4276057E+02
    -0.9699226E+02     0.4276266E+02
    -0.9698130E+02     0.4276133E+02
    -0.9697253E+02     0.4275624E+02
    -0.9696900E+02     0.4275037E+02
    -0.9696724E+02     0.4273739E+02
    -0.9696859E+02     0.4272643E+02
    -0.9695908E+02     0.4272276E+02
    -0.9691658E+02     0.4272701E+02
    -0.9688359E+02     0.4272489E+02
    -0.9687773E+02     0.4272287E+02
    -0.9684484E+02     0.4271154E+02
    -0.9681989E+02     0.4270586E+02
    -0.9681042E+02     0.4270169E+02
    -0.9681119E+02     0.4269024E+02
    -0.9680914E+02     0.4268203E+02
    -0.9680025E+02     0.4266926E+02
    -0.9678303E+02     0.4266481E+02
    -0.9675077E+02     0.4266876E+02
    -0.9673787E+02     0.4267033E+02
    -0.9670583E+02     0.4266436E+02
    -0.9670119E+02     0.4265606E+02
    -0.9670101E+02     0.4264935E+02
    -0.9671332E+02     0.4262109E+02
    -0.9671268E+02     0.4261150E+02
    -0.9669730E+02     0.4258987E+02
    -0.9668336E+02     0.4258289E+02
    -0.9664780E+02     0.4256504E+02
    -0.9663431E+02     0.4255400E+02
    -0.9662742E+02     0.4254130E+02
    -0.9662565E+02     0.4252018E+02
    -0.9661894E+02     0.4251418E+02
    -0.9660823E+02     0.4250994E+02
    -0.9659454E+02     0.4251133E+02
    -0.9658264E+02     0.4251471E+02
    -0.9657116E+02     0.4252145E+02
    -0.9655875E+02     0.4252288E+02
    -0.9654856E+02     0.4252058E+02
    -0.9653112E+02     0.4251081E+02
    -0.9650594E+02     0.4249165E+02
    -0.9649208E+02     0.4248632E+02
    -0.9648279E+02     0.4248770E+02
    -0.9646918E+02     0.4248973E+02
    -0.9642126E+02     0.4249291E+02
    -0.9640428E+02     0.4248917E+02
    -0.9639398E+02     0.4247906E+02
    -0.9638997E+02     0.4245848E+02
    -0.9639297E+02     0.4244585E+02
    -0.9639874E+02     0.4243281E+02
    -0.9641179E+02     0.4242414E+02
    -0.9641511E+02     0.4242074E+02
    -0.9641850E+02     0.4241726E+02
    -0.9642126E+02     0.4240768E+02
    -0.9642117E+02     0.4239951E+02
    -0.9641693E+02     0.4238198E+02
    -0.9641860E+02     0.4237797E+02
    -0.9642516E+02     0.4237313E+02
    -0.9642875E+02     0.4236153E+02
    -0.9642674E+02     0.4235124E+02
    -0.9642242E+02     0.4234444E+02
    -0.9640130E+02     0.4233186E+02
    -0.9639224E+02     0.4232384E+02
    -0.9638483E+02     0.4231231E+02
    -0.9638422E+02     0.4231079E+02
    -0.9637959E+02     0.4229934E+02
    -0.9635175E+02     0.4228495E+02
    -0.9634480E+02     0.4227650E+02
    -0.9634454E+02     0.4224281E+02
    -0.9634255E+02     0.4223252E+02
    -0.9635061E+02     0.4222570E+02
    -0.9636823E+02     0.4221978E+02
    -0.9637135E+02     0.4221480E+02
    -0.9636928E+02     0.4220920E+02
    -0.9636389E+02     0.4219460E+02
    -0.9636536E+02     0.4218394E+02
    -0.9635697E+02     0.4216727E+02
    -0.9633346E+02     0.4215100E+02
    -0.9632619E+02     0.4213794E+02
    -0.9631889E+02     0.4213458E+02
    -0.9630737E+02     0.4213258E+02
    -0.9629334E+02     0.4212741E+02
    -0.9628915E+02     0.4210989E+02
    -0.9629056E+02     0.4210025E+02
    -0.9628429E+02     0.4208315E+02
    -0.9628046E+02     0.4205186E+02
    -0.9627146E+02     0.4204383E+02
    -0.9626027E+02     0.4203775E+02
    -0.9625880E+02     0.4203660E+02
    -0.9624991E+02     0.4202967E+02
    -0.9624825E+02     0.4201531E+02
    -0.9623654E+02     0.4199798E+02
    -0.9621944E+02     0.4199777E+02
    -0.9620935E+02     0.4199531E+02
    -0.9620203E+02     0.4199245E+02
    -0.9619048E+02     0.4198227E+02
    -0.9615459E+02     0.4197717E+02
    -0.9614911E+02     0.4196827E+02
    -0.9614856E+02     0.4196305E+02
    -0.9614477E+02     0.4192674E+02
    -0.9614799E+02     0.4192024E+02
    -0.9616870E+02     0.4190887E+02
    -0.9615553E+02     0.4188433E+02
    -0.9615434E+02     0.4187305E+02
    -0.9615096E+02     0.4186372E+02
    -0.9613504E+02     0.4185743E+02
    -0.9613316E+02     0.4185548E+02
    -0.9612682E+02     0.4184891E+02
    -0.9612244E+02     0.4182575E+02
    -0.9611691E+02     0.4181786E+02
    -0.9610448E+02     0.4181069E+02
    -0.9608459E+02     0.4180320E+02
    -0.9607890E+02     0.4179734E+02
    -0.9608508E+02     0.4177923E+02
    -0.9610098E+02     0.4176767E+02
    -0.9610777E+02     0.4175408E+02
    -0.9611147E+02     0.4174669E+02
    -0.9611330E+02     0.4174064E+02
    -0.9610826E+02     0.4171746E+02
    -0.9610965E+02     0.4170833E+02
    -0.9611488E+02     0.4170243E+02
    -0.9612565E+02     0.4169524E+02
    -0.9612955E+02     0.4168878E+02
    -0.9612915E+02     0.4168519E+02
    -0.9612125E+02     0.4167260E+02
    -0.9610598E+02     0.4165867E+02
    -0.9610329E+02     0.4164937E+02
    -0.9610555E+02     0.4163773E+02
    -0.9610824E+02     0.4163301E+02
    -0.9611263E+02     0.4162528E+02
    -0.9612072E+02     0.4161746E+02
    -0.9612262E+02     0.4161040E+02
    -0.9612185E+02     0.4160271E+02
    -0.9610496E+02     0.4159229E+02
    -0.9610012E+02     0.4158443E+02
    -0.9610093E+02     0.4156507E+02
    -0.9610431E+02     0.4155654E+02
    -0.9610182E+02     0.4154470E+02
    -0.9609711E+02     0.4153531E+02
    -0.9609148E+02     0.4152894E+02
    -0.9608048E+02     0.4152405E+02
    -0.9605206E+02     0.4151140E+02
    -0.9602560E+02     0.4149340E+02
    -0.9602082E+02     0.4148503E+02
    -0.9596923E+02     0.4146743E+02
    -0.9593990E+02     0.4146918E+02
    -0.9593198E+02     0.4146628E+02
    -0.9592696E+02     0.4146095E+02
    -0.9592618E+02     0.4145377E+02
    -0.9593858E+02     0.4143443E+02
    -0.9593514E+02     0.4141794E+02
    -0.9594323E+02     0.4140146E+02
    -0.9593658E+02     0.4138279E+02
    -0.9593718E+02     0.4137517E+02
    -0.9594116E+02     0.4136769E+02
    -0.9595770E+02     0.4135924E+02
    -0.9595953E+02     0.4135831E+02
    -0.9596053E+02     0.4135427E+02
    -0.9596156E+02     0.4134972E+02
    -0.9595732E+02     0.4134341E+02
    -0.9593553E+02     0.4132764E+02
    -0.9590198E+02     0.4132357E+02
    -0.9588872E+02     0.4131991E+02
    -0.9588326E+02     0.4131200E+02
    -0.9588086E+02     0.4129965E+02
    -0.9588405E+02     0.4129367E+02
    -0.9589208E+02     0.4128638E+02
    -0.9591328E+02     0.4127858E+02
    -0.9592416E+02     0.4127457E+02
    -0.9592653E+02     0.4126191E+02
    -0.9591719E+02     0.4124312E+02
    -0.9592265E+02     0.4122551E+02
    -0.9593032E+02     0.4121412E+02
    -0.9593200E+02     0.4120144E+02
    -0.9592701E+02     0.4119611E+02
    -0.9591798E+02     0.4119061E+02
    -0.9588499E+02     0.4119068E+02
    -0.9586456E+02     0.4119073E+02
    -0.9584944E+02     0.4118544E+02
    -0.9584846E+02     0.4118081E+02
    -0.9585014E+02     0.4117680E+02
    -0.9585450E+02     0.4117292E+02
    -0.9586473E+02     0.4117186E+02
    -0.9588013E+02     0.4117358E+02
    -0.9588709E+02     0.4116267E+02
    -0.9588760E+02     0.4114790E+02
    -0.9587289E+02     0.4112069E+02
    -0.9587197E+02     0.4111277E+02
    -0.9586971E+02     0.4109299E+02
    -0.9587019E+02     0.4108689E+02
    -0.9588406E+02     0.4107375E+02
    -0.9588903E+02     0.4106224E+02
    -0.9587720E+02     0.4104997E+02
    -0.9586571E+02     0.4104179E+02
    -0.9586443E+02     0.4103255E+02
    -0.9587634E+02     0.4101013E+02
    -0.9587614E+02     0.4100400E+02
    -0.9587112E+02     0.4100230E+02
    -0.9586593E+02     0.4099690E+02
    -0.9584308E+02     0.4098769E+02
    -0.9583900E+02     0.4097985E+02
    -0.9584026E+02     0.4096409E+02
    -0.9584328E+02     0.4096015E+02
    -0.9584755E+02     0.4094045E+02
    -0.9583782E+02     0.4091908E+02
    -0.9582750E+02     0.4091350E+02
    -0.9581796E+02     0.4089827E+02
    -0.9582004E+02     0.4088918E+02
    -0.9582614E+02     0.4088028E+02
    -0.9584845E+02     0.4085376E+02
    -0.9584864E+02     0.4085233E+02
    -0.9585010E+02     0.4084159E+02
    -0.9584740E+02     0.4083331E+02
    -0.9585098E+02     0.4082225E+02
    -0.9585108E+02     0.4081256E+02
    -0.9584972E+02     0.4080434E+02
    -0.9584246E+02     0.4079431E+02
    -0.9584238E+02     0.4077849E+02
    -0.9585513E+02     0.4077040E+02
    -0.9588436E+02     0.4075747E+02
    -0.9588879E+02     0.4074651E+02
    -0.9589104E+02     0.4074094E+02
    -0.9589059E+02     0.4072970E+02
    -0.9587584E+02     0.4071270E+02
    -0.9586052E+02     0.4070281E+02
    -0.9584663E+02     0.4067514E+02
    -0.9583376E+02     0.4066842E+02
    -0.9580202E+02     0.4066286E+02
    -0.9579436E+02     0.4065949E+02
    -0.9579167E+02     0.4065830E+02
    -0.9578294E+02     0.4065024E+02
    -0.9577846E+02     0.4063932E+02
    -0.9576974E+02     0.4059810E+02
    -0.9576226E+02     0.4058296E+02
    -0.9577485E+02     0.4057641E+02
    -0.9577688E+02     0.4056783E+02
    -0.9577195E+02     0.4055434E+02
    -0.9577390E+02     0.4053862E+02
    -0.9576972E+02     0.4053230E+02
    -0.9576284E+02     0.4052637E+02
    -0.9574889E+02     0.4052520E+02
    -0.9572865E+02     0.4052731E+02
    -0.9572006E+02     0.4052588E+02
    -0.9571644E+02     0.4052111E+02
    -0.9571644E+02     0.4052111E+02
    -0.9570578E+02     0.4052061E+02
    -0.9569953E+02     0.4052337E+02
    -0.9569645E+02     0.4052832E+02
    -0.9569732E+02     0.4055030E+02
    -0.9569436E+02     0.4055373E+02
    -0.9568877E+02     0.4055652E+02
    -0.9567261E+02     0.4055779E+02
    -0.9566489E+02     0.4055385E+02
    -0.9566337E+02     0.4054000E+02
    -0.9566600E+02     0.4052431E+02
    -0.9569154E+02     0.4050676E+02
    -0.9569791E+02     0.4050238E+02
    -0.9569791E+02     0.4050238E+02
    -0.9569707E+02     0.4049622E+02
    -0.9570324E+02     0.4048631E+02
    -0.9570603E+02     0.4047675E+02
    -0.9570112E+02     0.4047142E+02
    -0.9568585E+02     0.4046202E+02
    -0.9567808E+02     0.4045094E+02
    -0.9566756E+02     0.4044074E+02
    -0.9566482E+02     0.4043347E+02
    -0.9566899E+02     0.4041531E+02
    -0.9565524E+02     0.4039577E+02
    -0.9565364E+02     0.4039247E+02
    -0.9565068E+02     0.4038638E+02
    -0.9564915E+02     0.4037253E+02
    -0.9564388E+02     0.4036361E+02
    -0.9563446E+02     0.4035652E+02
    -0.9562987E+02     0.4034763E+02
    -0.9563465E+02     0.4033817E+02
    -0.9564188E+02     0.4033138E+02
    -0.9566190E+02     0.4032316E+02
    -0.9566199E+02     0.4031399E+02
    -0.9565694E+02     0.4031068E+02
    -0.9564706E+02     0.4030919E+02
    -0.9563427E+02     0.4031061E+02
    -0.9562667E+02     0.4031381E+02
    -0.9562528E+02     0.4031395E+02
    -0.9561658E+02     0.4031485E+02
    -0.9557413E+02     0.4030411E+02
    -0.9556713E+02     0.4030019E+02
    -0.9555980E+02     0.4029218E+02
    -0.9555999E+02     0.4026618E+02
    -0.9555307E+02     0.4026125E+02
    -0.9552651E+02     0.4025229E+02
    -0.9550968E+02     0.4025170E+02
    -0.9549131E+02     0.4025105E+02
    -0.9548391E+02     0.4024405E+02
    -0.9548116E+02     0.4023729E+02
    -0.9548116E+02     0.4023729E+02
    -0.9547968E+02     0.4023109E+02
    -0.9548077E+02     0.4021840E+02
    -0.9548402E+02     0.4021142E+02
    -0.9548919E+02     0.4020555E+02
    -0.9549119E+02     0.4018985E+02
    -0.9547765E+02     0.4017693E+02
    -0.9545073E+02     0.4016487E+02
    -0.9544807E+02     0.4015709E+02
    -0.9543440E+02     0.4013804E+02
    -0.9542709E+02     0.4013557E+02
    -0.9540597E+02     0.4012844E+02
    -0.9540305E+02     0.4012370E+02
    -0.9540106E+02     0.4011595E+02
    -0.9540216E+02     0.4011091E+02
    -0.9541645E+02     0.4009939E+02
    -0.9541975E+02     0.4008426E+02
    -0.9542358E+02     0.4007833E+02
    -0.9542723E+02     0.4006679E+02
    -0.9542793E+02     0.4005867E+02
    -0.9542590E+02     0.4005142E+02
    -0.9541782E+02     0.4003725E+02
    -0.9541023E+02     0.4003278E+02
    -0.9540827E+02     0.4003223E+02
    -0.9539921E+02     0.4002967E+02
    -0.9536201E+02     0.4002981E+02
    -0.9534042E+02     0.4001851E+02
    -0.9531673E+02     0.4000862E+02
    -0.9531673E+02     0.4000862E+02
    -0.9531445E+02     0.4000000E+02
END
END
