nevada
1
    -0.1162121E+03     0.3785563E+02
    -0.1146310E+03     0.3500568E+02
    -0.1150000E+03     0.3528903E+02
    -0.1151938E+03     0.3543782E+02
    -0.1166595E+03     0.3658890E+02
    -0.1181262E+03     0.3769135E+02
    -0.1200000E+03     0.3899919E+02
    -0.1200000E+03     0.3908170E+02
    -0.1200000E+03     0.3916500E+02
    -0.1200000E+03     0.3924830E+02
    -0.1200000E+03     0.3933160E+02
    -0.1200000E+03     0.3941490E+02
    -0.1200000E+03     0.3949820E+02
    -0.1200000E+03     0.3958150E+02
    -0.1200000E+03     0.3966480E+02
    -0.1200000E+03     0.3974810E+02
    -0.1200000E+03     0.3983140E+02
    -0.1200000E+03     0.3991470E+02
    -0.1199998E+03     0.3999800E+02
    -0.1200000E+03     0.4000000E+02
    -0.1199897E+03     0.4006119E+02
    -0.1199876E+03     0.4006675E+02
    -0.1199878E+03     0.4007261E+02
    -0.1199888E+03     0.4009598E+02
    -0.1199867E+03     0.4010085E+02
    -0.1199883E+03     0.4010926E+02
    -0.1199879E+03     0.4019791E+02
    -0.1199891E+03     0.4027391E+02
    -0.1199863E+03     0.4028337E+02
    -0.1199867E+03     0.4028551E+02
    -0.1199889E+03     0.4029885E+02
    -0.1199895E+03     0.4035030E+02
    -0.1199869E+03     0.4037394E+02
    -0.1199899E+03     0.4038643E+02
    -0.1199902E+03     0.4041079E+02
    -0.1199914E+03     0.4051770E+02
    -0.1199902E+03     0.4053581E+02
    -0.1199899E+03     0.4053644E+02
    -0.1199878E+03     0.4054092E+02
    -0.1199906E+03     0.4056028E+02
    -0.1199908E+03     0.4065088E+02
    -0.1199887E+03     0.4065620E+02
    -0.1199894E+03     0.4066150E+02
    -0.1199911E+03     0.4067375E+02
    -0.1199894E+03     0.4068753E+02
    -0.1199912E+03     0.4071516E+02
    -0.1199891E+03     0.4072117E+02
    -0.1199924E+03     0.4073320E+02
    -0.1199911E+03     0.4074102E+02
    -0.1199910E+03     0.4078653E+02
    -0.1199909E+03     0.4079640E+02
    -0.1199891E+03     0.4081225E+02
    -0.1199913E+03     0.4081950E+02
    -0.1199920E+03     0.4086891E+02
    -0.1199888E+03     0.4091196E+02
    -0.1199910E+03     0.4095179E+02
    -0.1199898E+03     0.4096418E+02
    -0.1199921E+03     0.4096754E+02
    -0.1199924E+03     0.4102505E+02
    -0.1199929E+03     0.4115082E+02
    -0.1199930E+03     0.4116207E+02
    -0.1199910E+03     0.4117518E+02
    -0.1199928E+03     0.4118679E+02
    -0.1199926E+03     0.4127644E+02
    -0.1199925E+03     0.4129691E+02
    -0.1199940E+03     0.4130167E+02
    -0.1199911E+03     0.4132694E+02
    -0.1199940E+03     0.4133692E+02
    -0.1199934E+03     0.4140176E+02
    -0.1199932E+03     0.4142944E+02
    -0.1199950E+03     0.4147471E+02
    -0.1199949E+03     0.4152755E+02
    -0.1199947E+03     0.4160660E+02
    -0.1199911E+03     0.4161884E+02
    -0.1199910E+03     0.4165306E+02
    -0.1199951E+03     0.4169405E+02
    -0.1199953E+03     0.4171648E+02
    -0.1199930E+03     0.4173051E+02
    -0.1199939E+03     0.4174874E+02
    -0.1199958E+03     0.4178768E+02
    -0.1199946E+03     0.4184587E+02
    -0.1199958E+03     0.4187492E+02
    -0.1199944E+03     0.4188229E+02
    -0.1199960E+03     0.4192414E+02
    -0.1199954E+03     0.4200026E+02
    -0.1199279E+03     0.4200584E+02
    -0.1199138E+03     0.4200500E+02
    -0.1198918E+03     0.4200368E+02
    -0.1198827E+03     0.4200555E+02
    -0.1197454E+03     0.4200588E+02
    -0.1196866E+03     0.4200597E+02
    -0.1196503E+03     0.4200443E+02
    -0.1196436E+03     0.4200598E+02
    -0.1195769E+03     0.4200597E+02
    -0.1194788E+03     0.4200588E+02
    -0.1194520E+03     0.4200335E+02
    -0.1194474E+03     0.4200438E+02
    -0.1194086E+03     0.4200238E+02
    -0.1193879E+03     0.4200308E+02
    -0.1193638E+03     0.4200390E+02
    -0.1193585E+03     0.4200196E+02
    -0.1192592E+03     0.4200018E+02
    -0.1192473E+03     0.4200160E+02
    -0.1192199E+03     0.4200180E+02
    -0.1191447E+03     0.4200231E+02
    -0.1191006E+03     0.4199961E+02
    -0.1190949E+03     0.4200156E+02
    -0.1190731E+03     0.4200180E+02
    -0.1190517E+03     0.4200180E+02
    -0.1188829E+03     0.4200169E+02
    -0.1188783E+03     0.4200168E+02
    -0.1188693E+03     0.4200025E+02
    -0.1188429E+03     0.4200191E+02
    -0.1187692E+03     0.4200285E+02
    -0.1187144E+03     0.4200338E+02
    -0.1185455E+03     0.4200486E+02
    -0.1183767E+03     0.4200608E+02
    -0.1182078E+03     0.4200704E+02
    -0.1180390E+03     0.4200774E+02
    -0.1178701E+03     0.4200819E+02
    -0.1177013E+03     0.4200837E+02
    -0.1175324E+03     0.4200830E+02
    -0.1173636E+03     0.4200797E+02
    -0.1171947E+03     0.4200738E+02
    -0.1170259E+03     0.4200654E+02
    -0.1169953E+03     0.4200666E+02
    -0.1168264E+03     0.4200716E+02
    -0.1166576E+03     0.4200740E+02
    -0.1164887E+03     0.4200739E+02
    -0.1163199E+03     0.4200712E+02
    -0.1161510E+03     0.4200659E+02
    -0.1160586E+03     0.4200620E+02
    -0.1159822E+03     0.4200510E+02
    -0.1158134E+03     0.4200249E+02
    -0.1156934E+03     0.4200573E+02
    -0.1156446E+03     0.4200561E+02
    -0.1155620E+03     0.4200536E+02
    -0.1155549E+03     0.4200415E+02
    -0.1155098E+03     0.4200527E+02
    -0.1154760E+03     0.4200496E+02
    -0.1153574E+03     0.4200383E+02
    -0.1153163E+03     0.4200391E+02
    -0.1153073E+03     0.4200586E+02
    -0.1153012E+03     0.4200349E+02
    -0.1152548E+03     0.4200381E+02
    -0.1151898E+03     0.4200197E+02
    -0.1151682E+03     0.4200135E+02
    -0.1150721E+03     0.4200194E+02
    -0.1150513E+03     0.4200095E+02
    -0.1150000E+03     0.4200330E+02
    -0.1149995E+03     0.4200333E+02
    -0.1149242E+03     0.4200675E+02
    -0.1148308E+03     0.4200660E+02
    -0.1147709E+03     0.4200646E+02
    -0.1146871E+03     0.4200184E+02
    -0.1146278E+03     0.4200454E+02
    -0.1145184E+03     0.4200293E+02
    -0.1143785E+03     0.4200071E+02
    -0.1143496E+03     0.4199975E+02
    -0.1143012E+03     0.4199812E+02
    -0.1141835E+03     0.4199849E+02
    -0.1141647E+03     0.4199966E+02
    -0.1141598E+03     0.4199817E+02
    -0.1141328E+03     0.4199831E+02
    -0.1140873E+03     0.4199854E+02
    -0.1140809E+03     0.4199678E+02
    -0.1140561E+03     0.4199596E+02
    -0.1140363E+03     0.4199794E+02
    -0.1140362E+03     0.4187210E+02
    -0.1140360E+03     0.4174628E+02
    -0.1140359E+03     0.4167567E+02
    -0.1140356E+03     0.4166628E+02
    -0.1140344E+03     0.4166625E+02
    -0.1140357E+03     0.4165827E+02
    -0.1140346E+03     0.4162688E+02
    -0.1140358E+03     0.4162149E+02
    -0.1140361E+03     0.4162005E+02
    -0.1140344E+03     0.4159506E+02
    -0.1140353E+03     0.4149574E+02
    -0.1140354E+03     0.4148796E+02
    -0.1140337E+03     0.4148495E+02
    -0.1140357E+03     0.4147355E+02
    -0.1140352E+03     0.4137030E+02
    -0.1140351E+03     0.4135756E+02
    -0.1140359E+03     0.4123177E+02
    -0.1140367E+03     0.4110600E+02
    -0.1140376E+03     0.4098023E+02
    -0.1140384E+03     0.4085448E+02
    -0.1140391E+03     0.4073682E+02
    -0.1140426E+03     0.4069482E+02
    -0.1140428E+03     0.4061116E+02
    -0.1140432E+03     0.4048545E+02
    -0.1140436E+03     0.4035974E+02
    -0.1140440E+03     0.4023405E+02
    -0.1140444E+03     0.4010838E+02
    -0.1140445E+03     0.4008813E+02
    -0.1140603E+03     0.4000000E+02
    -0.1140502E+03     0.3700175E+02
    -0.1140444E+03     0.3700180E+02
    -0.1140516E+03     0.3619659E+02
    -0.1140516E+03     0.3619659E+02
    -0.1140586E+03     0.3618149E+02
    -0.1140693E+03     0.3616287E+02
    -0.1140798E+03     0.3615123E+02
    -0.1140991E+03     0.3613388E+02
    -0.1140991E+03     0.3613388E+02
    -0.1141095E+03     0.3612323E+02
    -0.1141185E+03     0.3611554E+02
    -0.1141214E+03     0.3610664E+02
    -0.1141171E+03     0.3609352E+02
    -0.1141285E+03     0.3608590E+02
    -0.1141345E+03     0.3606512E+02
    -0.1141410E+03     0.3603138E+02
    -0.1141548E+03     0.3602682E+02
    -0.1141548E+03     0.3602682E+02
    -0.1141706E+03     0.3602933E+02
    -0.1141944E+03     0.3602110E+02
    -0.1142241E+03     0.3601605E+02
    -0.1142241E+03     0.3601605E+02
    -0.1142377E+03     0.3601548E+02
    -0.1142616E+03     0.3602921E+02
    -0.1142720E+03     0.3604351E+02
    -0.1142914E+03     0.3605010E+02
    -0.1143140E+03     0.3606578E+02
    -0.1143083E+03     0.3608258E+02
    -0.1143196E+03     0.3610489E+02
    -0.1143470E+03     0.3612470E+02
    -0.1143745E+03     0.3614052E+02
    -0.1144063E+03     0.3614647E+02
    -0.1144212E+03     0.3614292E+02
    -0.1144391E+03     0.3612847E+02
    -0.1144477E+03     0.3612873E+02
    -0.1144633E+03     0.3613817E+02
    -0.1144706E+03     0.3613839E+02
    -0.1144943E+03     0.3613309E+02
    -0.1145080E+03     0.3612950E+02
    -0.1145128E+03     0.3613163E+02
    -0.1145013E+03     0.3614029E+02
    -0.1145034E+03     0.3614834E+02
    -0.1145673E+03     0.3615217E+02
    -0.1145948E+03     0.3614297E+02
    -0.1146123E+03     0.3613548E+02
    -0.1146258E+03     0.3613786E+02
    -0.1146493E+03     0.3613353E+02
    -0.1146685E+03     0.3611708E+02
    -0.1146971E+03     0.3611088E+02
    -0.1147318E+03     0.3610385E+02
    -0.1147493E+03     0.3609733E+02
    -0.1147547E+03     0.3608450E+02
    -0.1147490E+03     0.3607536E+02
    -0.1147490E+03     0.3607536E+02
    -0.1147352E+03     0.3605202E+02
    -0.1147211E+03     0.3603566E+02
    -0.1147215E+03     0.3602569E+02
    -0.1147291E+03     0.3602090E+02
    -0.1147343E+03     0.3601405E+02
    -0.1147406E+03     0.3600924E+02
    -0.1147398E+03     0.3599923E+02
    -0.1147403E+03     0.3598826E+02
    -0.1147335E+03     0.3597409E+02
    -0.1147266E+03     0.3596093E+02
    -0.1147273E+03     0.3594497E+02
    -0.1147178E+03     0.3593772E+02
    -0.1147045E+03     0.3593137E+02
    -0.1147051E+03     0.3591840E+02
    -0.1147005E+03     0.3590929E+02
    -0.1146914E+03     0.3589406E+02
    -0.1146759E+03     0.3588165E+02
    -0.1146592E+03     0.3587020E+02
    -0.1146768E+03     0.3586170E+02
    -0.1146854E+03     0.3585994E+02
    -0.1146956E+03     0.3585124E+02
    -0.1147019E+03     0.3584642E+02
    -0.1146927E+03     0.3583319E+02
    -0.1146916E+03     0.3582917E+02
    -0.1146983E+03     0.3581537E+02
    -0.1147036E+03     0.3580553E+02
    -0.1146935E+03     0.3578528E+02
    -0.1146962E+03     0.3577737E+02
    -0.1146919E+03     0.3576327E+02
    -0.1146925E+03     0.3575031E+02
    -0.1146930E+03     0.3573734E+02
    -0.1146961E+03     0.3572145E+02
    -0.1146965E+03     0.3571247E+02
    -0.1146965E+03     0.3571247E+02
    -0.1146933E+03     0.3570140E+02
    -0.1146898E+03     0.3569632E+02
    -0.1146828E+03     0.3568813E+02
    -0.1146781E+03     0.3568301E+02
    -0.1146783E+03     0.3567802E+02
    -0.1146836E+03     0.3566818E+02
    -0.1146853E+03     0.3565825E+02
    -0.1146853E+03     0.3565825E+02
    -0.1146857E+03     0.3564927E+02
    -0.1146773E+03     0.3564504E+02
    -0.1146575E+03     0.3561953E+02
    -0.1146540E+03     0.3561543E+02
    -0.1146519E+03     0.3560838E+02
    -0.1146513E+03     0.3559439E+02
    -0.1146565E+03     0.3558655E+02
    -0.1146739E+03     0.3558004E+02
    -0.1146655E+03     0.3557482E+02
    -0.1146581E+03     0.3554865E+02
    -0.1146654E+03     0.3551989E+02
    -0.1146742E+03     0.3551415E+02
    -0.1146726E+03     0.3549413E+02
    -0.1146726E+03     0.3549413E+02
    -0.1146630E+03     0.3546091E+02
    -0.1146466E+03     0.3544348E+02
    -0.1146358E+03     0.3541122E+02
    -0.1146163E+03     0.3538071E+02
    -0.1146163E+03     0.3538071E+02
    -0.1146073E+03     0.3536448E+02
    -0.1145983E+03     0.3534724E+02
    -0.1145948E+03     0.3531519E+02
    -0.1145948E+03     0.3531519E+02
    -0.1145913E+03     0.3528314E+02
    -0.1145748E+03     0.3521276E+02
    -0.1145748E+03     0.3521276E+02
    -0.1145716E+03     0.3520169E+02
    -0.1145678E+03     0.3517761E+02
    -0.1145697E+03     0.3516069E+02
    -0.1145716E+03     0.3514577E+02
    -0.1145771E+03     0.3512996E+02
    -0.1145896E+03     0.3512233E+02
    -0.1146079E+03     0.3511985E+02
    -0.1146200E+03     0.3512120E+02
    -0.1146336E+03     0.3511659E+02
    -0.1146389E+03     0.3510676E+02
    -0.1146392E+03     0.3509978E+02
    -0.1146392E+03     0.3509978E+02
    -0.1146201E+03     0.3509025E+02
    -0.1146070E+03     0.3508488E+02
    -0.1146001E+03     0.3507470E+02
    -0.1146030E+03     0.3506380E+02
    -0.1146254E+03     0.3505146E+02
    -0.1146329E+03     0.3504568E+02
    -0.1146329E+03     0.3504568E+02
    -0.1146369E+03     0.3503880E+02
    -0.1146396E+03     0.3503089E+02
    -0.1146353E+03     0.3501878E+02
    -0.1146310E+03     0.3500568E+02
END
END
