new_mexico
1
    -0.1070207E+03     0.3339118E+02
    -0.1090462E+03     0.3133180E+02
    -0.1090455E+03     0.3150857E+02
    -0.1090489E+03     0.3180606E+02
    -0.1090489E+03     0.3200000E+02
    -0.1090501E+03     0.3239364E+02
    -0.1090402E+03     0.3353082E+02
    -0.1090537E+03     0.3405706E+02
    -0.1090508E+03     0.3500000E+02
    -0.1090476E+03     0.3599929E+02
    -0.1090509E+03     0.3700286E+02
    -0.1088086E+03     0.3700169E+02
    -0.1080711E+03     0.3700405E+02
    -0.1076666E+03     0.3700205E+02
    -0.1074958E+03     0.3700126E+02
    -0.1068816E+03     0.3700267E+02
    -0.1068686E+03     0.3699227E+02
    -0.1068232E+03     0.3699398E+02
    -0.1068016E+03     0.3699570E+02
    -0.1066870E+03     0.3699554E+02
    -0.1064448E+03     0.3699486E+02
    -0.1062523E+03     0.3699570E+02
    -0.1061095E+03     0.3700005E+02
    -0.1059300E+03     0.3699874E+02
    -0.1057051E+03     0.3700018E+02
    -0.1056186E+03     0.3700103E+02
    -0.1055364E+03     0.3699839E+02
    -0.1054651E+03     0.3699757E+02
    -0.1053655E+03     0.3699981E+02
    -0.1052358E+03     0.3699809E+02
    -0.1051731E+03     0.3699548E+02
    -0.1050304E+03     0.3699682E+02
    -0.1050000E+03     0.3699661E+02
    -0.1048422E+03     0.3699550E+02
    -0.1047687E+03     0.3699423E+02
    -0.1045632E+03     0.3699390E+02
    -0.1044615E+03     0.3699536E+02
    -0.1042820E+03     0.3699508E+02
    -0.1040764E+03     0.3699739E+02
    -0.1038967E+03     0.3700001E+02
    -0.1034206E+03     0.3700288E+02
    -0.1030047E+03     0.3700256E+02
    -0.1030067E+03     0.3649650E+02
    -0.1030503E+03     0.3649589E+02
    -0.1030461E+03     0.3524997E+02
    -0.1030464E+03     0.3500000E+02
    -0.1030480E+03     0.3387781E+02
    -0.1030704E+03     0.3206819E+02
    -0.1030705E+03     0.3200000E+02
    -0.1031000E+03     0.3200000E+02
    -0.1032000E+03     0.3200000E+02
    -0.1033000E+03     0.3200000E+02
    -0.1034000E+03     0.3200000E+02
    -0.1035000E+03     0.3200000E+02
    -0.1036000E+03     0.3200000E+02
    -0.1037000E+03     0.3200000E+02
    -0.1038000E+03     0.3200000E+02
    -0.1039000E+03     0.3200000E+02
    -0.1040000E+03     0.3200000E+02
    -0.1041000E+03     0.3200000E+02
    -0.1042000E+03     0.3200000E+02
    -0.1043000E+03     0.3200000E+02
    -0.1044000E+03     0.3200000E+02
    -0.1045000E+03     0.3200000E+02
    -0.1046000E+03     0.3200000E+02
    -0.1047000E+03     0.3200000E+02
    -0.1048000E+03     0.3200000E+02
    -0.1049000E+03     0.3200000E+02
    -0.1050000E+03     0.3200000E+02
    -0.1051000E+03     0.3200000E+02
    -0.1052000E+03     0.3200000E+02
    -0.1053000E+03     0.3200000E+02
    -0.1054000E+03     0.3200000E+02
    -0.1055000E+03     0.3200000E+02
    -0.1056000E+03     0.3200000E+02
    -0.1057000E+03     0.3200000E+02
    -0.1058000E+03     0.3200000E+02
    -0.1059000E+03     0.3200000E+02
    -0.1060000E+03     0.3200000E+02
    -0.1061000E+03     0.3200000E+02
    -0.1062000E+03     0.3200000E+02
    -0.1063000E+03     0.3200000E+02
    -0.1064000E+03     0.3200000E+02
    -0.1065000E+03     0.3200000E+02
    -0.1066000E+03     0.3200000E+02
    -0.1066323E+03     0.3200000E+02
    -0.1066323E+03     0.3200000E+02
    -0.1066204E+03     0.3198684E+02
    -0.1066035E+03     0.3197214E+02
    -0.1066011E+03     0.3196532E+02
    -0.1066006E+03     0.3195776E+02
    -0.1065961E+03     0.3188227E+02
    -0.1066028E+03     0.3185827E+02
    -0.1066006E+03     0.3184160E+02
    -0.1066044E+03     0.3183326E+02
    -0.1066026E+03     0.3182940E+02
    -0.1065908E+03     0.3182122E+02
    -0.1065785E+03     0.3180640E+02
    -0.1065738E+03     0.3180307E+02
    -0.1065648E+03     0.3180054E+02
    -0.1065490E+03     0.3180093E+02
    -0.1065421E+03     0.3180339E+02
    -0.1065348E+03     0.3180265E+02
    -0.1065275E+03     0.3179137E+02
    -0.1065220E+03     0.3178738E+02
    -0.1065211E+03     0.3177821E+02
    -0.1065211E+03     0.3177821E+02
    -0.1066687E+03     0.3177946E+02
    -0.1068163E+03     0.3178056E+02
    -0.1069638E+03     0.3178151E+02
    -0.1071114E+03     0.3178231E+02
    -0.1072590E+03     0.3178295E+02
    -0.1074065E+03     0.3178344E+02
    -0.1075541E+03     0.3178378E+02
    -0.1077017E+03     0.3178397E+02
    -0.1078493E+03     0.3178400E+02
    -0.1079968E+03     0.3178388E+02
    -0.1081444E+03     0.3178361E+02
    -0.1082035E+03     0.3178346E+02
    -0.1082029E+03     0.3170790E+02
    -0.1082020E+03     0.3158190E+02
    -0.1082013E+03     0.3148040E+02
    -0.1082017E+03     0.3145588E+02
    -0.1082030E+03     0.3137619E+02
    -0.1082018E+03     0.3136132E+02
    -0.1082034E+03     0.3134107E+02
    -0.1082059E+03     0.3133134E+02
    -0.1082073E+03     0.3133136E+02
    -0.1083515E+03     0.3133262E+02
    -0.1083542E+03     0.3133248E+02
    -0.1084148E+03     0.3132917E+02
    -0.1084416E+03     0.3133221E+02
    -0.1085497E+03     0.3133218E+02
    -0.1085527E+03     0.3133367E+02
    -0.1085535E+03     0.3133364E+02
    -0.1085917E+03     0.3133192E+02
    -0.1085958E+03     0.3133337E+02
    -0.1086043E+03     0.3133281E+02
    -0.1086125E+03     0.3133042E+02
    -0.1086126E+03     0.3133134E+02
    -0.1086744E+03     0.3133211E+02
    -0.1086985E+03     0.3133097E+02
    -0.1087062E+03     0.3133061E+02
    -0.1088454E+03     0.3133079E+02
    -0.1088905E+03     0.3133094E+02
    -0.1089013E+03     0.3133196E+02
    -0.1089123E+03     0.3133302E+02
    -0.1089396E+03     0.3133166E+02
    -0.1089546E+03     0.3133333E+02
    -0.1089684E+03     0.3133092E+02
    -0.1090000E+03     0.3133134E+02
    -0.1090462E+03     0.3133180E+02
END
END
