new_hampshire
1
    -0.7167799E+02     0.4350201E+02
    -0.7108106E+02     0.4530932E+02
    -0.7107150E+02     0.4518367E+02
    -0.7106197E+02     0.4505801E+02
    -0.7105759E+02     0.4500000E+02
    -0.7105249E+02     0.4493234E+02
    -0.7104519E+02     0.4483515E+02
    -0.7104252E+02     0.4480669E+02
    -0.7103536E+02     0.4473024E+02
    -0.7103540E+02     0.4471307E+02
    -0.7103000E+02     0.4468123E+02
    -0.7102932E+02     0.4467723E+02
    -0.7102618E+02     0.4459692E+02
    -0.7102785E+02     0.4457148E+02
    -0.7102616E+02     0.4455550E+02
    -0.7102449E+02     0.4453971E+02
    -0.7101900E+02     0.4442974E+02
    -0.7101279E+02     0.4430454E+02
    -0.7101273E+02     0.4430394E+02
    -0.7100937E+02     0.4427026E+02
    -0.7100687E+02     0.4417816E+02
    -0.7100584E+02     0.4414025E+02
    -0.7100287E+02     0.4411878E+02
    -0.7100407E+02     0.4410754E+02
    -0.7100240E+02     0.4409566E+02
    -0.7100354E+02     0.4406427E+02
    -0.7100325E+02     0.4405249E+02
    -0.7100198E+02     0.4400041E+02
    -0.7099848E+02     0.4397231E+02
    -0.7099551E+02     0.4392678E+02
    -0.7099116E+02     0.4385977E+02
    -0.7099026E+02     0.4380096E+02
    -0.7099013E+02     0.4379224E+02
    -0.7098067E+02     0.4371867E+02
    -0.7097879E+02     0.4367541E+02
    -0.7097790E+02     0.4365505E+02
    -0.7097053E+02     0.4356708E+02
    -0.7097053E+02     0.4356708E+02
    -0.7096196E+02     0.4355601E+02
    -0.7096196E+02     0.4355601E+02
    -0.7095890E+02     0.4354942E+02
    -0.7096059E+02     0.4354321E+02
    -0.7097459E+02     0.4353815E+02
    -0.7097761E+02     0.4353420E+02
    -0.7097839E+02     0.4352938E+02
    -0.7096821E+02     0.4350758E+02
    -0.7096891E+02     0.4350046E+02
    -0.7096650E+02     0.4349432E+02
    -0.7096872E+02     0.4348535E+02
    -0.7095822E+02     0.4347271E+02
    -0.7095822E+02     0.4347271E+02
    -0.7096685E+02     0.4346152E+02
    -0.7096843E+02     0.4345386E+02
    -0.7096754E+02     0.4344340E+02
    -0.7097001E+02     0.4343550E+02
    -0.7097600E+02     0.4342494E+02
    -0.7098601E+02     0.4341969E+02
    -0.7098601E+02     0.4341969E+02
    -0.7099038E+02     0.4340961E+02
    -0.7098865E+02     0.4339567E+02
    -0.7099080E+02     0.4339426E+02
    -0.7099080E+02     0.4339426E+02
    -0.7099076E+02     0.4338631E+02
    -0.7098766E+02     0.4337553E+02
    -0.7098766E+02     0.4337553E+02
    -0.7098035E+02     0.4336398E+02
    -0.7097617E+02     0.4335169E+02
    -0.7097202E+02     0.4334993E+02
    -0.7096831E+02     0.4334198E+02
    -0.7096416E+02     0.4334023E+02
    -0.7096055E+02     0.4333548E+02
    -0.7095395E+02     0.4333514E+02
    -0.7094556E+02     0.4333781E+02
    -0.7094083E+02     0.4333720E+02
    -0.7093305E+02     0.4333001E+02
    -0.7092294E+02     0.4332767E+02
    -0.7092001E+02     0.4332451E+02
    -0.7091485E+02     0.4331086E+02
    -0.7091160E+02     0.4330748E+02
    -0.7090688E+02     0.4330711E+02
    -0.7090420E+02     0.4330165E+02
    -0.7091011E+02     0.4330018E+02
    -0.7091219E+02     0.4329671E+02
    -0.7090456E+02     0.4329340E+02
    -0.7090375E+02     0.4329195E+02
    -0.7090155E+02     0.4328796E+02
    -0.7089490E+02     0.4328579E+02
    -0.7088863E+02     0.4327650E+02
    -0.7086967E+02     0.4327202E+02
    -0.7086555E+02     0.4326086E+02
    -0.7085447E+02     0.4325739E+02
    -0.7084534E+02     0.4324609E+02
    -0.7083206E+02     0.4324265E+02
    -0.7082790E+02     0.4323997E+02
    -0.7081485E+02     0.4322324E+02
    -0.7081485E+02     0.4322324E+02
    -0.7082608E+02     0.4320576E+02
    -0.7083388E+02     0.4318395E+02
    -0.7083322E+02     0.4317665E+02
    -0.7083942E+02     0.4314878E+02
    -0.7083450E+02     0.4313512E+02
    -0.7082862E+02     0.4312735E+02
    -0.7080241E+02     0.4311060E+02
    -0.7079753E+02     0.4310748E+02
    -0.7078612E+02     0.4309840E+02
    -0.7075928E+02     0.4308376E+02
    -0.7074211E+02     0.4307718E+02
    -0.7073016E+02     0.4307692E+02
    -0.7073016E+02     0.4307692E+02
    -0.7072291E+02     0.4307676E+02
    -0.7071579E+02     0.4307916E+02
    -0.7071204E+02     0.4307870E+02
    -0.7071204E+02     0.4307870E+02
    -0.7071709E+02     0.4307412E+02
    -0.7071709E+02     0.4307412E+02
    -0.7072153E+02     0.4306558E+02
    -0.7071822E+02     0.4305899E+02
    -0.7072455E+02     0.4306187E+02
    -0.7073392E+02     0.4306195E+02
    -0.7074061E+02     0.4305543E+02
    -0.7074586E+02     0.4305328E+02
    -0.7074206E+02     0.4305151E+02
    -0.7073707E+02     0.4305182E+02
    -0.7072659E+02     0.4305680E+02
    -0.7072353E+02     0.4304860E+02
    -0.7071906E+02     0.4304501E+02
    -0.7072753E+02     0.4303571E+02
    -0.7074006E+02     0.4302635E+02
    -0.7074197E+02     0.4301670E+02
    -0.7075089E+02     0.4301244E+02
    -0.7075290E+02     0.4300645E+02
    -0.7075172E+02     0.4299823E+02
    -0.7075349E+02     0.4299499E+02
    -0.7076334E+02     0.4299002E+02
    -0.7076920E+02     0.4297734E+02
    -0.7077032E+02     0.4297562E+02
    -0.7077964E+02     0.4296136E+02
    -0.7078761E+02     0.4295688E+02
    -0.7079272E+02     0.4295016E+02
    -0.7079967E+02     0.4293287E+02
    -0.7080148E+02     0.4292047E+02
    -0.7080947E+02     0.4291690E+02
    -0.7081271E+02     0.4291044E+02
    -0.7081397E+02     0.4290103E+02
    -0.7081920E+02     0.4289931E+02
    -0.7081920E+02     0.4289931E+02
    -0.7081908E+02     0.4289465E+02
    -0.7081908E+02     0.4289465E+02
    -0.7081744E+02     0.4289227E+02
    -0.7082058E+02     0.4288283E+02
    -0.7082057E+02     0.4287517E+02
    -0.7082057E+02     0.4287517E+02
    -0.7082845E+02     0.4287433E+02
    -0.7084208E+02     0.4286828E+02
    -0.7085953E+02     0.4286822E+02
    -0.7086499E+02     0.4287362E+02
    -0.7087352E+02     0.4287737E+02
    -0.7088628E+02     0.4288676E+02
    -0.7091533E+02     0.4288878E+02
    -0.7093149E+02     0.4288735E+02
    -0.7094040E+02     0.4288365E+02
    -0.7097575E+02     0.4286893E+02
    -0.7099332E+02     0.4286504E+02
    -0.7101103E+02     0.4286476E+02
    -0.7102943E+02     0.4286164E+02
    -0.7104308E+02     0.4285462E+02
    -0.7105894E+02     0.4282436E+02
    -0.7106097E+02     0.4281351E+02
    -0.7106183E+02     0.4280896E+02
    -0.7110691E+02     0.4281965E+02
    -0.7110770E+02     0.4282114E+02
    -0.7112121E+02     0.4282455E+02
    -0.7113362E+02     0.4282339E+02
    -0.7116205E+02     0.4281757E+02
    -0.7118297E+02     0.4279380E+02
    -0.7118513E+02     0.4278482E+02
    -0.7118394E+02     0.4277891E+02
    -0.7118018E+02     0.4276019E+02
    -0.7118044E+02     0.4274190E+02
    -0.7120801E+02     0.4274726E+02
    -0.7123376E+02     0.4274583E+02
    -0.7124670E+02     0.4274259E+02
    -0.7125821E+02     0.4273457E+02
    -0.7127793E+02     0.4271194E+02
    -0.7128828E+02     0.4270005E+02
    -0.7130614E+02     0.4269579E+02
    -0.7136225E+02     0.4270143E+02
    -0.7143842E+02     0.4270241E+02
    -0.7154166E+02     0.4270365E+02
    -0.7160909E+02     0.4270600E+02
    -0.7177967E+02     0.4271177E+02
    -0.7185200E+02     0.4271414E+02
    -0.7195036E+02     0.4271526E+02
    -0.7199164E+02     0.4271571E+02
    -0.7201975E+02     0.4271838E+02
    -0.7205453E+02     0.4271742E+02
    -0.7208491E+02     0.4271956E+02
    -0.7212075E+02     0.4271955E+02
    -0.7214262E+02     0.4271953E+02
    -0.7229142E+02     0.4272415E+02
    -0.7246210E+02     0.4272920E+02
    -0.7246210E+02     0.4272920E+02
    -0.7246339E+02     0.4273729E+02
    -0.7246339E+02     0.4273729E+02
    -0.7247511E+02     0.4274907E+02
    -0.7247688E+02     0.4275818E+02
    -0.7248037E+02     0.4276472E+02
    -0.7248310E+02     0.4276648E+02
    -0.7248310E+02     0.4276648E+02
    -0.7249049E+02     0.4277167E+02
    -0.7249815E+02     0.4277422E+02
    -0.7250168E+02     0.4277412E+02
    -0.7250982E+02     0.4276781E+02
    -0.7251611E+02     0.4277109E+02
    -0.7251485E+02     0.4277824E+02
    -0.7251838E+02     0.4278698E+02
    -0.7252953E+02     0.4279272E+02
    -0.7253719E+02     0.4280394E+02
    -0.7253876E+02     0.4281007E+02
    -0.7253876E+02     0.4281007E+02
    -0.7255042E+02     0.4282825E+02
    -0.7254984E+02     0.4283950E+02
    -0.7255864E+02     0.4285597E+02
    -0.7255808E+02     0.4287843E+02
    -0.7255442E+02     0.4288496E+02
    -0.7254723E+02     0.4289000E+02
    -0.7253750E+02     0.4289421E+02
    -0.7253332E+02     0.4290260E+02
    -0.7253332E+02     0.4290260E+02
    -0.7253089E+02     0.4291439E+02
    -0.7252721E+02     0.4292067E+02
    -0.7252721E+02     0.4292067E+02
    -0.7253059E+02     0.4294072E+02
    -0.7253571E+02     0.4295340E+02
    -0.7252888E+02     0.4295934E+02
    -0.7252888E+02     0.4295934E+02
    -0.7251755E+02     0.4296472E+02
    -0.7250671E+02     0.4296538E+02
    -0.7248260E+02     0.4297371E+02
    -0.7247163E+02     0.4297484E+02
    -0.7247163E+02     0.4297484E+02
    -0.7246606E+02     0.4298516E+02
    -0.7246568E+02     0.4298930E+02
    -0.7246777E+02     0.4299313E+02
    -0.7246339E+02     0.4299831E+02
    -0.7245054E+02     0.4300306E+02
    -0.7244583E+02     0.4300802E+02
    -0.7244587E+02     0.4301421E+02
    -0.7245655E+02     0.4302052E+02
    -0.7246140E+02     0.4302862E+02
    -0.7246065E+02     0.4304262E+02
    -0.7246502E+02     0.4305325E+02
    -0.7246341E+02     0.4305789E+02
    -0.7244207E+02     0.4307276E+02
    -0.7243480E+02     0.4308238E+02
    -0.7243352E+02     0.4308723E+02
    -0.7244025E+02     0.4310077E+02
    -0.7243994E+02     0.4310629E+02
    -0.7243343E+02     0.4311817E+02
    -0.7243524E+02     0.4312247E+02
    -0.7243905E+02     0.4312877E+02
    -0.7244396E+02     0.4313801E+02
    -0.7245275E+02     0.4314370E+02
    -0.7245447E+02     0.4314639E+02
    -0.7245012E+02     0.4315776E+02
    -0.7245102E+02     0.4317331E+02
    -0.7244228E+02     0.4318459E+02
    -0.7244772E+02     0.4319198E+02
    -0.7244572E+02     0.4319548E+02
    -0.7243557E+02     0.4320404E+02
    -0.7243452E+02     0.4320751E+02
    -0.7243703E+02     0.4321843E+02
    -0.7243382E+02     0.4323343E+02
    -0.7243739E+02     0.4324638E+02
    -0.7243684E+02     0.4325304E+02
    -0.7242862E+02     0.4326292E+02
    -0.7241447E+02     0.4327321E+02
    -0.7240472E+02     0.4328932E+02
    -0.7240379E+02     0.4330058E+02
    -0.7239424E+02     0.4331462E+02
    -0.7239870E+02     0.4332136E+02
    -0.7240788E+02     0.4332795E+02
    -0.7240845E+02     0.4333229E+02
    -0.7240509E+02     0.4333950E+02
    -0.7239021E+02     0.4335393E+02
    -0.7238942E+02     0.4335670E+02
    -0.7239081E+02     0.4335896E+02
    -0.7240890E+02     0.4336207E+02
    -0.7241193E+02     0.4336564E+02
    -0.7241374E+02     0.4337521E+02
    -0.7241206E+02     0.4338420E+02
    -0.7240444E+02     0.4339383E+02
    -0.7240279E+02     0.4340350E+02
    -0.7239021E+02     0.4345293E+02
    -0.7239241E+02     0.4346386E+02
    -0.7238599E+02     0.4347826E+02
    -0.7238171E+02     0.4349146E+02
    -0.7238271E+02     0.4349784E+02
    -0.7239538E+02     0.4351006E+02
    -0.7239627E+02     0.4352012E+02
    -0.7239343E+02     0.4352547E+02
    -0.7238227E+02     0.4353979E+02
    -0.7237913E+02     0.4355089E+02
    -0.7238323E+02     0.4356199E+02
    -0.7237902E+02     0.4357656E+02
    -0.7235235E+02     0.4359019E+02
    -0.7235059E+02     0.4359254E+02
    -0.7234016E+02     0.4359766E+02
    -0.7233198E+02     0.4360363E+02
    -0.7233241E+02     0.4360568E+02
    -0.7233241E+02     0.4360568E+02
    -0.7233577E+02     0.4360860E+02
    -0.7233909E+02     0.4361753E+02
    -0.7233906E+02     0.4362620E+02
    -0.7233375E+02     0.4363432E+02
    -0.7232368E+02     0.4364291E+02
    -0.7232195E+02     0.4364643E+02
    -0.7232103E+02     0.4365651E+02
    -0.7231343E+02     0.4366677E+02
    -0.7231012E+02     0.4367691E+02
    -0.7230753E+02     0.4370126E+02
    -0.7229230E+02     0.4372210E+02
    -0.7228607E+02     0.4373061E+02
    -0.7227275E+02     0.4373623E+02
    -0.7227275E+02     0.4373623E+02
    -0.7226434E+02     0.4373853E+02
    -0.7225583E+02     0.4374474E+02
    -0.7224035E+02     0.4375069E+02
    -0.7223340E+02     0.4375661E+02
    -0.7222678E+02     0.4376872E+02
    -0.7222068E+02     0.4377279E+02
    -0.7222068E+02     0.4377279E+02
    -0.7221194E+02     0.4377939E+02
    -0.7221143E+02     0.4378842E+02
    -0.7219511E+02     0.4380722E+02
    -0.7219073E+02     0.4381565E+02
    -0.7219668E+02     0.4382937E+02
    -0.7219069E+02     0.4384409E+02
    -0.7219469E+02     0.4385716E+02
    -0.7219458E+02     0.4386479E+02
    -0.7219099E+02     0.4386974E+02
    -0.7218295E+02     0.4387202E+02
    -0.7217787E+02     0.4387597E+02
    -0.7218141E+02     0.4388412E+02
    -0.7218219E+02     0.4388591E+02
    -0.7217952E+02     0.4389014E+02
    -0.7217196E+02     0.4389242E+02
    -0.7216688E+02     0.4389636E+02
    -0.7216106E+02     0.4390518E+02
    -0.7215231E+02     0.4391269E+02
    -0.7213354E+02     0.4392148E+02
    -0.7212988E+02     0.4392505E+02
    -0.7212729E+02     0.4393100E+02
    -0.7212437E+02     0.4395015E+02
    -0.7211636E+02     0.4395347E+02
    -0.7210507E+02     0.4396832E+02
    -0.7210714E+02     0.4397138E+02
    -0.7211816E+02     0.4397549E+02
    -0.7211816E+02     0.4397549E+02
    -0.7212205E+02     0.4398294E+02
    -0.7212386E+02     0.4399297E+02
    -0.7212158E+02     0.4399808E+02
    -0.7211200E+02     0.4400293E+02
    -0.7210863E+02     0.4401126E+02
    -0.7210188E+02     0.4400985E+02
    -0.7210181E+02     0.4402062E+02
    -0.7209904E+02     0.4402230E+02
    -0.7209179E+02     0.4402319E+02
    -0.7208811E+02     0.4402581E+02
    -0.7208599E+02     0.4403984E+02
    -0.7208186E+02     0.4404591E+02
    -0.7207471E+02     0.4404885E+02
    -0.7207407E+02     0.4405483E+02
    -0.7205989E+02     0.4406942E+02
    -0.7205660E+02     0.4407959E+02
    -0.7205217E+02     0.4407994E+02
    -0.7204566E+02     0.4407714E+02
    -0.7204356E+02     0.4407949E+02
    -0.7205060E+02     0.4408640E+02
    -0.7204653E+02     0.4408765E+02
    -0.7204216E+02     0.4408915E+02
    -0.7204019E+02     0.4409424E+02
    -0.7204407E+02     0.4410147E+02
    -0.7204793E+02     0.4410228E+02
    -0.7205495E+02     0.4409659E+02
    -0.7205950E+02     0.4409853E+02
    -0.7205875E+02     0.4410244E+02
    -0.7206155E+02     0.4410718E+02
    -0.7205665E+02     0.4411694E+02
    -0.7204556E+02     0.4413007E+02
    -0.7204536E+02     0.4413236E+02
    -0.7204741E+02     0.4413743E+02
    -0.7204741E+02     0.4413743E+02
    -0.7205304E+02     0.4415140E+02
    -0.7205082E+02     0.4415765E+02
    -0.7205671E+02     0.4416069E+02
    -0.7206052E+02     0.4417250E+02
    -0.7206357E+02     0.4417609E+02
    -0.7206847E+02     0.4417847E+02
    -0.7207346E+02     0.4418842E+02
    -0.7206485E+02     0.4420652E+02
    -0.7205555E+02     0.4424183E+02
    -0.7206602E+02     0.4424704E+02
    -0.7206499E+02     0.4425127E+02
    -0.7206392E+02     0.4425558E+02
    -0.7207123E+02     0.4426706E+02
    -0.7206868E+02     0.4427639E+02
    -0.7205379E+02     0.4428820E+02
    -0.7204382E+02     0.4429209E+02
    -0.7203963E+02     0.4429747E+02
    -0.7203389E+02     0.4431595E+02
    -0.7201545E+02     0.4431736E+02
    -0.7196858E+02     0.4433254E+02
    -0.7196770E+02     0.4433283E+02
    -0.7196770E+02     0.4433283E+02
    -0.7195595E+02     0.4433458E+02
    -0.7193806E+02     0.4433431E+02
    -0.7191681E+02     0.4434521E+02
    -0.7191010E+02     0.4434641E+02
    -0.7190042E+02     0.4434628E+02
    -0.7188911E+02     0.4434169E+02
    -0.7187693E+02     0.4433954E+02
    -0.7186305E+02     0.4434264E+02
    -0.7185593E+02     0.4434557E+02
    -0.7185367E+02     0.4434909E+02
    -0.7184769E+02     0.4434507E+02
    -0.7183525E+02     0.4434777E+02
    -0.7182674E+02     0.4435213E+02
    -0.7182168E+02     0.4435813E+02
    -0.7182030E+02     0.4436361E+02
    -0.7181631E+02     0.4437940E+02
    -0.7180302E+02     0.4439633E+02
    -0.7178715E+02     0.4439842E+02
    -0.7177483E+02     0.4440458E+02
    -0.7176762E+02     0.4440544E+02
    -0.7175344E+02     0.4440079E+02
    -0.7175344E+02     0.4440079E+02
    -0.7175178E+02     0.4439946E+02
    -0.7174801E+02     0.4440092E+02
    -0.7174129E+02     0.4440750E+02
    -0.7172336E+02     0.4440702E+02
    -0.7171735E+02     0.4440831E+02
    -0.7170235E+02     0.4441600E+02
    -0.7167671E+02     0.4443539E+02
    -0.7166573E+02     0.4444023E+02
    -0.7165691E+02     0.4445693E+02
    -0.7165230E+02     0.4446116E+02
    -0.7164505E+02     0.4446362E+02
    -0.7164980E+02     0.4446969E+02
    -0.7164868E+02     0.4447316E+02
    -0.7164375E+02     0.4447739E+02
    -0.7164090E+02     0.4447792E+02
    -0.7163628E+02     0.4447505E+02
    -0.7162995E+02     0.4447657E+02
    -0.7162296E+02     0.4448475E+02
    -0.7161200E+02     0.4448294E+02
    -0.7160616E+02     0.4448834E+02
    -0.7159888E+02     0.4449034E+02
    -0.7159662E+02     0.4449704E+02
    -0.7159296E+02     0.4450101E+02
    -0.7158693E+02     0.4450230E+02
    -0.7156828E+02     0.4450043E+02
    -0.7156808E+02     0.4450341E+02
    -0.7157735E+02     0.4451007E+02
    -0.7159721E+02     0.4451741E+02
    -0.7159541E+02     0.4451997E+02
    -0.7158756E+02     0.4452358E+02
    -0.7158266E+02     0.4452851E+02
    -0.7158127E+02     0.4453335E+02
    -0.7158247E+02     0.4453881E+02
    -0.7158783E+02     0.4454396E+02
    -0.7160264E+02     0.4455256E+02
    -0.7160311E+02     0.4455598E+02
    -0.7160077E+02     0.4456084E+02
    -0.7159572E+02     0.4456256E+02
    -0.7157646E+02     0.4456208E+02
    -0.7157170E+02     0.4456311E+02
    -0.7155667E+02     0.4457124E+02
    -0.7155837E+02     0.4457349E+02
    -0.7156293E+02     0.4457499E+02
    -0.7156023E+02     0.4457917E+02
    -0.7155737E+02     0.4457970E+02
    -0.7155306E+02     0.4457659E+02
    -0.7154831E+02     0.4457784E+02
    -0.7154280E+02     0.4458392E+02
    -0.7154420E+02     0.4458641E+02
    -0.7154661E+02     0.4459024E+02
    -0.7155171E+02     0.4458967E+02
    -0.7155698E+02     0.4459276E+02
    -0.7156180E+02     0.4459288E+02
    -0.7156628E+02     0.4459988E+02
    -0.7156072E+02     0.4460481E+02
    -0.7155904E+02     0.4461035E+02
    -0.7156128E+02     0.4461740E+02
    -0.7155611E+02     0.4462370E+02
    -0.7156644E+02     0.4463240E+02
    -0.7156695E+02     0.4463651E+02
    -0.7156459E+02     0.4464137E+02
    -0.7156898E+02     0.4464631E+02
    -0.7157898E+02     0.4464723E+02
    -0.7158919E+02     0.4465295E+02
    -0.7159143E+02     0.4466000E+02
    -0.7158880E+02     0.4467289E+02
    -0.7158984E+02     0.4467469E+02
    -0.7159763E+02     0.4467657E+02
    -0.7160136E+02     0.4468084E+02
    -0.7160126E+02     0.4469275E+02
    -0.7160790E+02     0.4469764E+02
    -0.7161042E+02     0.4471064E+02
    -0.7162016E+02     0.4471980E+02
    -0.7162765E+02     0.4473266E+02
    -0.7162765E+02     0.4473266E+02
    -0.7163676E+02     0.4474828E+02
    -0.7163794E+02     0.4475031E+02
    -0.7163255E+02     0.4475914E+02
    -0.7162388E+02     0.4475934E+02
    -0.7161852E+02     0.4476152E+02
    -0.7160593E+02     0.4477486E+02
    -0.7159721E+02     0.4478148E+02
    -0.7158433E+02     0.4478818E+02
    -0.7157887E+02     0.4479564E+02
    -0.7157610E+02     0.4480555E+02
    -0.7157764E+02     0.4481124E+02
    -0.7158429E+02     0.4481612E+02
    -0.7157936E+02     0.4482104E+02
    -0.7157356E+02     0.4482095E+02
    -0.7156755E+02     0.4482337E+02
    -0.7156519E+02     0.4482801E+02
    -0.7155895E+02     0.4483273E+02
    -0.7155723E+02     0.4483735E+02
    -0.7155914E+02     0.4484172E+02
    -0.7156081E+02     0.4484551E+02
    -0.7154670E+02     0.4486873E+02
    -0.7153248E+02     0.4487500E+02
    -0.7152654E+02     0.4487925E+02
    -0.7150176E+02     0.4490980E+02
    -0.7150354E+02     0.4491365E+02
    -0.7151480E+02     0.4492027E+02
    -0.7152688E+02     0.4493833E+02
    -0.7152466E+02     0.4494722E+02
    -0.7152222E+02     0.4495698E+02
    -0.7152274E+02     0.4496155E+02
    -0.7153162E+02     0.4496547E+02
    -0.7154472E+02     0.4498418E+02
    -0.7154167E+02     0.4498815E+02
    -0.7154046E+02     0.4499733E+02
    -0.7153727E+02     0.4500000E+02
    -0.7153455E+02     0.4500227E+02
    -0.7152380E+02     0.4500755E+02
    -0.7151351E+02     0.4500869E+02
    -0.7151301E+02     0.4500867E+02
    -0.7150880E+02     0.4501140E+02
    -0.7150291E+02     0.4501337E+02
    -0.7149553E+02     0.4501562E+02
    -0.7149553E+02     0.4501562E+02
    -0.7149172E+02     0.4503484E+02
    -0.7149274E+02     0.4504351E+02
    -0.7149533E+02     0.4505101E+02
    -0.7150751E+02     0.4505624E+02
    -0.7151121E+02     0.4505937E+02
    -0.7151095E+02     0.4506830E+02
    -0.7150476E+02     0.4507462E+02
    -0.7149154E+02     0.4508292E+02
    -0.7146254E+02     0.4509293E+02
    -0.7145856E+02     0.4509806E+02
    -0.7145157E+02     0.4510118E+02
    -0.7144846E+02     0.4510390E+02
    -0.7142443E+02     0.4512488E+02
    -0.7142022E+02     0.4513253E+02
    -0.7142565E+02     0.4514615E+02
    -0.7142530E+02     0.4515325E+02
    -0.7142249E+02     0.4516316E+02
    -0.7140871E+02     0.4519284E+02
    -0.7139855E+02     0.4520818E+02
    -0.7139877E+02     0.4521413E+02
    -0.7140491E+02     0.4521689E+02
    -0.7143009E+02     0.4522824E+02
    -0.7143324E+02     0.4523367E+02
    -0.7143209E+02     0.4523713E+02
    -0.7140674E+02     0.4523560E+02
    -0.7139413E+02     0.4524434E+02
    -0.7138892E+02     0.4524376E+02
    -0.7138288E+02     0.4523885E+02
    -0.7137868E+02     0.4523939E+02
    -0.7136006E+02     0.4525946E+02
    -0.7135488E+02     0.4527119E+02
    -0.7133568E+02     0.4527840E+02
    -0.7130798E+02     0.4528880E+02
    -0.7129971E+02     0.4529327E+02
    -0.7129380E+02     0.4529987E+02
    -0.7127926E+02     0.4530066E+02
    -0.7127603E+02     0.4529585E+02
    -0.7126443E+02     0.4529280E+02
    -0.7126043E+02     0.4528276E+02
    -0.7126123E+02     0.4527839E+02
    -0.7125646E+02     0.4527253E+02
    -0.7123876E+02     0.4526785E+02
    -0.7122070E+02     0.4525400E+02
    -0.7121083E+02     0.4525030E+02
    -0.7120734E+02     0.4525093E+02
    -0.7120085E+02     0.4525210E+02
    -0.7116864E+02     0.4524737E+02
    -0.7114336E+02     0.4524725E+02
    -0.7113121E+02     0.4525069E+02
    -0.7112007E+02     0.4526169E+02
    -0.7111281E+02     0.4527424E+02
    -0.7110600E+02     0.4529187E+02
    -0.7109475E+02     0.4530376E+02
    -0.7108106E+02     0.4530932E+02
END
END
