new_jersey
1
    -0.7434619E+02     0.3947386E+02
    -0.7432721E+02     0.3944678E+02
    -0.7433191E+02     0.3944739E+02
    -0.7433401E+02     0.3944953E+02
    -0.7433471E+02     0.3945023E+02
    -0.7433372E+02     0.3945203E+02
    -0.7432991E+02     0.3945145E+02
    -0.7432595E+02     0.3945338E+02
    -0.7433150E+02     0.3946548E+02
    -0.7433515E+02     0.3946904E+02
    -0.7434044E+02     0.3946991E+02
    -0.7436047E+02     0.3946621E+02
    -0.7436551E+02     0.3947142E+02
    -0.7436005E+02     0.3947926E+02
    -0.7434818E+02     0.3947452E+02
    -0.7434074E+02     0.3947519E+02
    -0.7433428E+02     0.3947956E+02
    -0.7433165E+02     0.3947901E+02
    -0.7432716E+02     0.3946923E+02
    -0.7431892E+02     0.3946300E+02
    -0.7431678E+02     0.3945881E+02
    -0.7432417E+02     0.3944828E+02
    -0.7432721E+02     0.3944678E+02
END
2
    -0.7435535E+02     0.3945575E+02
    -0.7437249E+02     0.3944117E+02
    -0.7437379E+02     0.3944442E+02
    -0.7437093E+02     0.3945350E+02
    -0.7437273E+02     0.3945860E+02
    -0.7437965E+02     0.3946180E+02
    -0.7438157E+02     0.3946462E+02
    -0.7437870E+02     0.3946842E+02
    -0.7437370E+02     0.3946780E+02
    -0.7436631E+02     0.3946228E+02
    -0.7435896E+02     0.3946135E+02
    -0.7434782E+02     0.3946488E+02
    -0.7434019E+02     0.3946348E+02
    -0.7433598E+02     0.3945945E+02
    -0.7434051E+02     0.3945249E+02
    -0.7435826E+02     0.3944712E+02
    -0.7436653E+02     0.3944739E+02
    -0.7436951E+02     0.3944153E+02
    -0.7437249E+02     0.3944117E+02
END
3
    -0.7435248E+02     0.3943856E+02
    -0.7436626E+02     0.3943065E+02
    -0.7436816E+02     0.3943369E+02
    -0.7436682E+02     0.3943663E+02
    -0.7436105E+02     0.3943941E+02
    -0.7435330E+02     0.3944031E+02
    -0.7434624E+02     0.3944489E+02
    -0.7433712E+02     0.3944413E+02
    -0.7433574E+02     0.3944225E+02
    -0.7433675E+02     0.3943999E+02
    -0.7435299E+02     0.3943525E+02
    -0.7436060E+02     0.3943138E+02
    -0.7436626E+02     0.3943065E+02
END
4
    -0.7439519E+02     0.3939037E+02
    -0.7441089E+02     0.3937114E+02
    -0.7441427E+02     0.3937394E+02
    -0.7442447E+02     0.3938236E+02
    -0.7443108E+02     0.3939151E+02
    -0.7442832E+02     0.3939326E+02
    -0.7442335E+02     0.3939218E+02
    -0.7441692E+02     0.3938532E+02
    -0.7441365E+02     0.3938567E+02
    -0.7441024E+02     0.3938854E+02
    -0.7441972E+02     0.3939917E+02
    -0.7441958E+02     0.3940191E+02
    -0.7440768E+02     0.3940863E+02
    -0.7440026E+02     0.3940908E+02
    -0.7438517E+02     0.3940377E+02
    -0.7438439E+02     0.3939641E+02
    -0.7438146E+02     0.3939585E+02
    -0.7437799E+02     0.3939986E+02
    -0.7438125E+02     0.3940524E+02
    -0.7438133E+02     0.3940914E+02
    -0.7437885E+02     0.3941135E+02
    -0.7437316E+02     0.3941254E+02
    -0.7436791E+02     0.3941042E+02
    -0.7436390E+02     0.3940880E+02
    -0.7436000E+02     0.3940981E+02
    -0.7435681E+02     0.3941406E+02
    -0.7435719E+02     0.3942347E+02
    -0.7435509E+02     0.3942936E+02
    -0.7434339E+02     0.3943219E+02
    -0.7433961E+02     0.3943092E+02
    -0.7433739E+02     0.3942832E+02
    -0.7433784E+02     0.3942558E+02
    -0.7434928E+02     0.3941106E+02
    -0.7436168E+02     0.3940070E+02
    -0.7440525E+02     0.3937142E+02
    -0.7441089E+02     0.3937114E+02
END
5
    -0.7438599E+02     0.3941974E+02
    -0.7439309E+02     0.3941045E+02
    -0.7439381E+02     0.3941345E+02
    -0.7439118E+02     0.3941840E+02
    -0.7439272E+02     0.3942281E+02
    -0.7438719E+02     0.3942653E+02
    -0.7438213E+02     0.3942705E+02
    -0.7438015E+02     0.3942538E+02
    -0.7438179E+02     0.3942245E+02
    -0.7437911E+02     0.3941732E+02
    -0.7437986E+02     0.3941436E+02
    -0.7438311E+02     0.3941447E+02
    -0.7438773E+02     0.3941119E+02
    -0.7439309E+02     0.3941045E+02
END
6
    -0.7443639E+02     0.3941298E+02
    -0.7443740E+02     0.3940593E+02
    -0.7444088E+02     0.3940719E+02
    -0.7443890E+02     0.3941102E+02
    -0.7443879E+02     0.3941858E+02
    -0.7443472E+02     0.3941730E+02
    -0.7443343E+02     0.3941382E+02
    -0.7443740E+02     0.3940593E+02
END
7
    -0.7445341E+02     0.3941354E+02
    -0.7444968E+02     0.3940839E+02
    -0.7446011E+02     0.3941262E+02
    -0.7445966E+02     0.3941559E+02
    -0.7444921E+02     0.3941731E+02
    -0.7444678E+02     0.3941311E+02
    -0.7444968E+02     0.3940839E+02
END
8
    -0.7444881E+02     0.3940204E+02
    -0.7444968E+02     0.3940839E+02
    -0.7444591E+02     0.3940712E+02
    -0.7443976E+02     0.3939500E+02
    -0.7444072E+02     0.3939366E+02
    -0.7444569E+02     0.3939474E+02
    -0.7445784E+02     0.3940522E+02
    -0.7444968E+02     0.3940839E+02
END
9
    -0.7447038E+02     0.3934278E+02
    -0.7453772E+02     0.3929706E+02
    -0.7453965E+02     0.3929964E+02
    -0.7453442E+02     0.3930383E+02
    -0.7452335E+02     0.3931769E+02
    -0.7452377E+02     0.3932091E+02
    -0.7453459E+02     0.3932309E+02
    -0.7453620E+02     0.3932612E+02
    -0.7453391E+02     0.3933040E+02
    -0.7452512E+02     0.3933471E+02
    -0.7451706E+02     0.3933629E+02
    -0.7451879E+02     0.3932580E+02
    -0.7451559E+02     0.3932501E+02
    -0.7451088E+02     0.3933013E+02
    -0.7450909E+02     0.3933099E+02
    -0.7449967E+02     0.3933550E+02
    -0.7449254E+02     0.3934192E+02
    -0.7446471E+02     0.3935409E+02
    -0.7444904E+02     0.3935405E+02
    -0.7444627E+02     0.3935602E+02
    -0.7444669E+02     0.3935947E+02
    -0.7445513E+02     0.3936731E+02
    -0.7445436E+02     0.3937072E+02
    -0.7444451E+02     0.3937797E+02
    -0.7443942E+02     0.3937918E+02
    -0.7443275E+02     0.3937690E+02
    -0.7443114E+02     0.3937364E+02
    -0.7443197E+02     0.3936381E+02
    -0.7442995E+02     0.3936282E+02
    -0.7442609E+02     0.3936316E+02
    -0.7441986E+02     0.3936914E+02
    -0.7441415E+02     0.3936563E+02
    -0.7441357E+02     0.3936527E+02
    -0.7441045E+02     0.3935738E+02
    -0.7441235E+02     0.3935492E+02
    -0.7445656E+02     0.3934053E+02
    -0.7447937E+02     0.3932821E+02
    -0.7450710E+02     0.3931786E+02
    -0.7453772E+02     0.3929706E+02
END
10
    -0.7417742E+02     0.3964523E+02
    -0.7429071E+02     0.3949644E+02
    -0.7429344E+02     0.3950066E+02
    -0.7429175E+02     0.3950449E+02
    -0.7428273E+02     0.3951070E+02
    -0.7427276E+02     0.3952105E+02
    -0.7426602E+02     0.3953549E+02
    -0.7425112E+02     0.3954759E+02
    -0.7424377E+02     0.3956247E+02
    -0.7423847E+02     0.3956710E+02
    -0.7423470E+02     0.3957614E+02
    -0.7421547E+02     0.3959634E+02
    -0.7421202E+02     0.3960493E+02
    -0.7420586E+02     0.3960907E+02
    -0.7420199E+02     0.3961750E+02
    -0.7420078E+02     0.3962013E+02
    -0.7419359E+02     0.3962653E+02
    -0.7418094E+02     0.3965062E+02
    -0.7416643E+02     0.3966043E+02
    -0.7416154E+02     0.3966805E+02
    -0.7414666E+02     0.3968427E+02
    -0.7413494E+02     0.3970723E+02
    -0.7413749E+02     0.3971443E+02
    -0.7413609E+02     0.3971804E+02
    -0.7412696E+02     0.3972432E+02
    -0.7412372E+02     0.3972655E+02
    -0.7412230E+02     0.3973063E+02
    -0.7412164E+02     0.3973679E+02
    -0.7412669E+02     0.3974705E+02
    -0.7412442E+02     0.3975041E+02
    -0.7412522E+02     0.3976212E+02
    -0.7412164E+02     0.3976245E+02
    -0.7411829E+02     0.3975867E+02
    -0.7411835E+02     0.3974240E+02
    -0.7411600E+02     0.3974186E+02
    -0.7411032E+02     0.3975267E+02
    -0.7410586E+02     0.3975274E+02
    -0.7410593E+02     0.3974633E+02
    -0.7412455E+02     0.3971741E+02
    -0.7412737E+02     0.3971148E+02
    -0.7413943E+02     0.3968608E+02
    -0.7418687E+02     0.3962469E+02
    -0.7420334E+02     0.3960048E+02
    -0.7423604E+02     0.3955235E+02
    -0.7424965E+02     0.3954227E+02
    -0.7426358E+02     0.3952624E+02
    -0.7427196E+02     0.3950887E+02
    -0.7429071E+02     0.3949644E+02
END
11
    -0.7427872E+02     0.3954575E+02
    -0.7428170E+02     0.3954129E+02
    -0.7428429E+02     0.3954252E+02
    -0.7428114E+02     0.3954608E+02
    -0.7427881E+02     0.3955586E+02
    -0.7427480E+02     0.3954816E+02
    -0.7427811E+02     0.3954185E+02
    -0.7428170E+02     0.3954129E+02
END
12
    -0.7430637E+02     0.3953963E+02
    -0.7430193E+02     0.3953440E+02
    -0.7431098E+02     0.3953677E+02
    -0.7431375E+02     0.3954030E+02
    -0.7431138E+02     0.3955099E+02
    -0.7429732E+02     0.3953746E+02
    -0.7429895E+02     0.3953476E+02
    -0.7430193E+02     0.3953440E+02
END
13
    -0.7473887E+02     0.3909293E+02
    -0.7478417E+02     0.3901555E+02
    -0.7478699E+02     0.3901815E+02
    -0.7478273E+02     0.3902697E+02
    -0.7477155E+02     0.3904498E+02
    -0.7476235E+02     0.3905249E+02
    -0.7475850E+02     0.3905903E+02
    -0.7476029E+02     0.3906459E+02
    -0.7476654E+02     0.3906913E+02
    -0.7476788E+02     0.3907192E+02
    -0.7476176E+02     0.3908251E+02
    -0.7476399E+02     0.3909106E+02
    -0.7476267E+02     0.3909400E+02
    -0.7475381E+02     0.3909465E+02
    -0.7474587E+02     0.3910038E+02
    -0.7473544E+02     0.3910281E+02
    -0.7472767E+02     0.3910858E+02
    -0.7472121E+02     0.3911064E+02
    -0.7471681E+02     0.3911027E+02
    -0.7471055E+02     0.3910596E+02
    -0.7470786E+02     0.3910060E+02
    -0.7471017E+02     0.3909586E+02
    -0.7473957E+02     0.3907290E+02
    -0.7474513E+02     0.3906161E+02
    -0.7477282E+02     0.3903103E+02
    -0.7478417E+02     0.3901555E+02
END
14
    -0.7480642E+02     0.3904034E+02
    -0.7481229E+02     0.3903610E+02
    -0.7481695E+02     0.3904335E+02
    -0.7481647E+02     0.3904700E+02
    -0.7480896E+02     0.3904425E+02
    -0.7480619E+02     0.3905289E+02
    -0.7480151E+02     0.3905229E+02
    -0.7479615E+02     0.3903539E+02
    -0.7479034E+02     0.3903384E+02
    -0.7478642E+02     0.3902983E+02
    -0.7478801E+02     0.3902736E+02
    -0.7479523E+02     0.3902390E+02
    -0.7480050E+02     0.3902452E+02
    -0.7480649E+02     0.3903455E+02
    -0.7481229E+02     0.3903610E+02
END
15
    -0.7487981E+02     0.3896656E+02
    -0.7488550E+02     0.3896304E+02
    -0.7488809E+02     0.3896404E+02
    -0.7488855E+02     0.3896680E+02
    -0.7488611E+02     0.3896879E+02
    -0.7487897E+02     0.3897042E+02
    -0.7487022E+02     0.3897521E+02
    -0.7486459E+02     0.3897596E+02
    -0.7485793E+02     0.3897393E+02
    -0.7485632E+02     0.3897091E+02
    -0.7485847E+02     0.3896867E+02
    -0.7488550E+02     0.3896304E+02
END
16
    -0.7502479E+02     0.4001106E+02
    -0.7390574E+02     0.4100041E+02
    -0.7390268E+02     0.4099639E+02
    -0.7391588E+02     0.4094922E+02
    -0.7393916E+02     0.4088494E+02
    -0.7394243E+02     0.4087917E+02
    -0.7395657E+02     0.4085427E+02
    -0.7397015E+02     0.4082319E+02
    -0.7401112E+02     0.4076508E+02
    -0.7401870E+02     0.4075433E+02
    -0.7403078E+02     0.4070433E+02
    -0.7403078E+02     0.4070433E+02
    -0.7403316E+02     0.4070647E+02
    -0.7403316E+02     0.4070647E+02
    -0.7404648E+02     0.4070355E+02
    -0.7405487E+02     0.4069559E+02
    -0.7405810E+02     0.4069452E+02
    -0.7406158E+02     0.4068932E+02
    -0.7407019E+02     0.4069510E+02
    -0.7407504E+02     0.4069166E+02
    -0.7408009E+02     0.4069463E+02
    -0.7408306E+02     0.4069403E+02
    -0.7408621E+02     0.4068838E+02
    -0.7407610E+02     0.4068267E+02
    -0.7407487E+02     0.4067860E+02
    -0.7407793E+02     0.4067548E+02
    -0.7408241E+02     0.4067504E+02
    -0.7408647E+02     0.4067691E+02
    -0.7410656E+02     0.4067572E+02
    -0.7410853E+02     0.4067403E+02
    -0.7410710E+02     0.4067134E+02
    -0.7410095E+02     0.4066898E+02
    -0.7408350E+02     0.4066856E+02
    -0.7407542E+02     0.4066651E+02
    -0.7407283E+02     0.4066361E+02
    -0.7407424E+02     0.4066144E+02
    -0.7408680E+02     0.4066510E+02
    -0.7411082E+02     0.4066853E+02
    -0.7411392E+02     0.4066779E+02
    -0.7410678E+02     0.4066013E+02
    -0.7409596E+02     0.4066042E+02
    -0.7409261E+02     0.4065622E+02
    -0.7409555E+02     0.4065173E+02
    -0.7409555E+02     0.4065173E+02
    -0.7408720E+02     0.4064892E+02
    -0.7408658E+02     0.4064850E+02
    -0.7408658E+02     0.4064850E+02
    -0.7408914E+02     0.4064708E+02
    -0.7411452E+02     0.4064306E+02
    -0.7414531E+02     0.4064345E+02
    -0.7417448E+02     0.4064667E+02
    -0.7418851E+02     0.4064257E+02
    -0.7419935E+02     0.4063633E+02
    -0.7420643E+02     0.4063025E+02
    -0.7420885E+02     0.4062266E+02
    -0.7420879E+02     0.4061329E+02
    -0.7420873E+02     0.4060196E+02
    -0.7421745E+02     0.4056118E+02
    -0.7423709E+02     0.4055792E+02
    -0.7425414E+02     0.4054798E+02
    -0.7425266E+02     0.4052504E+02
    -0.7426159E+02     0.4051234E+02
    -0.7426268E+02     0.4050838E+02
    -0.7426451E+02     0.4050174E+02
    -0.7426118E+02     0.4049936E+02
    -0.7426118E+02     0.4049936E+02
    -0.7427888E+02     0.4049207E+02
    -0.7427888E+02     0.4049207E+02
    -0.7427695E+02     0.4047635E+02
    -0.7426835E+02     0.4047402E+02
    -0.7426501E+02     0.4046640E+02
    -0.7426089E+02     0.4046385E+02
    -0.7423630E+02     0.4045704E+02
    -0.7421724E+02     0.4044812E+02
    -0.7421269E+02     0.4044399E+02
    -0.7421597E+02     0.4043650E+02
    -0.7420998E+02     0.4043656E+02
    -0.7420729E+02     0.4044036E+02
    -0.7419952E+02     0.4044073E+02
    -0.7419608E+02     0.4044273E+02
    -0.7418526E+02     0.4046045E+02
    -0.7417562E+02     0.4045289E+02
    -0.7416643E+02     0.4045059E+02
    -0.7415414E+02     0.4045073E+02
    -0.7414493E+02     0.4045552E+02
    -0.7414071E+02     0.4045527E+02
    -0.7412907E+02     0.4044872E+02
    -0.7411948E+02     0.4044529E+02
    -0.7409428E+02     0.4044168E+02
    -0.7408651E+02     0.4043839E+02
    -0.7408302E+02     0.4043615E+02
    -0.7406657E+02     0.4042559E+02
    -0.7405538E+02     0.4042085E+02
    -0.7403156E+02     0.4041556E+02
    -0.7401832E+02     0.4041504E+02
    -0.7401051E+02     0.4041106E+02
    -0.7399906E+02     0.4041045E+02
    -0.7399226E+02     0.4040802E+02
    -0.7399226E+02     0.4040802E+02
    -0.7398473E+02     0.4040902E+02
    -0.7398473E+02     0.4040902E+02
    -0.7398620E+02     0.4041838E+02
    -0.7399225E+02     0.4043024E+02
    -0.7399525E+02     0.4043032E+02
    -0.7399898E+02     0.4042442E+02
    -0.7400195E+02     0.4042772E+02
    -0.7400051E+02     0.4043619E+02
    -0.7399889E+02     0.4044573E+02
    -0.7400184E+02     0.4044880E+02
    -0.7400873E+02     0.4044871E+02
    -0.7401132E+02     0.4045111E+02
    -0.7401066E+02     0.4045778E+02
    -0.7401448E+02     0.4046424E+02
    -0.7402244E+02     0.4046983E+02
    -0.7402338E+02     0.4047414E+02
    -0.7402063E+02     0.4047725E+02
    -0.7401031E+02     0.4047200E+02
    -0.7400221E+02     0.4047215E+02
    -0.7399971E+02     0.4047089E+02
    -0.7399088E+02     0.4045802E+02
    -0.7398476E+02     0.4044548E+02
    -0.7398332E+02     0.4042056E+02
    -0.7397937E+02     0.4040427E+02
    -0.7397624E+02     0.4039135E+02
    -0.7397589E+02     0.4037190E+02
    -0.7397610E+02     0.4035449E+02
    -0.7397710E+02     0.4034206E+02
    -0.7397960E+02     0.4031332E+02
    -0.7398021E+02     0.4030988E+02
    -0.7398476E+02     0.4028421E+02
    -0.7400092E+02     0.4022436E+02
    -0.7400842E+02     0.4021347E+02
    -0.7401774E+02     0.4018807E+02
    -0.7403465E+02     0.4011604E+02
    -0.7404173E+02     0.4010746E+02
    -0.7404173E+02     0.4010746E+02
    -0.7403806E+02     0.4010283E+02
    -0.7403894E+02     0.4009889E+02
    -0.7403894E+02     0.4009889E+02
    -0.7404021E+02     0.4009241E+02
    -0.7404723E+02     0.4007949E+02
    -0.7404968E+02     0.4006929E+02
    -0.7404821E+02     0.4005837E+02
    -0.7405565E+02     0.4004336E+02
    -0.7405565E+02     0.4004336E+02
    -0.7405885E+02     0.4003863E+02
    -0.7405885E+02     0.4003863E+02
    -0.7405799E+02     0.4003180E+02
    -0.7405352E+02     0.4000000E+02
    -0.7406496E+02     0.3996804E+02
    -0.7406886E+02     0.3993726E+02
    -0.7407832E+02     0.3990568E+02
    -0.7407925E+02     0.3990257E+02
    -0.7408465E+02     0.3987137E+02
    -0.7408305E+02     0.3985802E+02
    -0.7409230E+02     0.3981184E+02
    -0.7409064E+02     0.3979460E+02
    -0.7409505E+02     0.3978125E+02
    -0.7409858E+02     0.3977059E+02
    -0.7410079E+02     0.3975806E+02
    -0.7410268E+02     0.3975629E+02
    -0.7411835E+02     0.3976784E+02
    -0.7411935E+02     0.3977635E+02
    -0.7412302E+02     0.3977969E+02
    -0.7412335E+02     0.3978405E+02
    -0.7412203E+02     0.3978630E+02
    -0.7411733E+02     0.3978545E+02
    -0.7411362E+02     0.3978280E+02
    -0.7410986E+02     0.3977579E+02
    -0.7410578E+02     0.3977451E+02
    -0.7410378E+02     0.3977810E+02
    -0.7410709E+02     0.3978784E+02
    -0.7410271E+02     0.3979662E+02
    -0.7409799E+02     0.3981777E+02
    -0.7409464E+02     0.3983277E+02
    -0.7409040E+02     0.3986974E+02
    -0.7409232E+02     0.3988768E+02
    -0.7408918E+02     0.3989558E+02
    -0.7408993E+02     0.3990317E+02
    -0.7408396E+02     0.3991854E+02
    -0.7408476E+02     0.3992521E+02
    -0.7408120E+02     0.3993013E+02
    -0.7408206E+02     0.3994138E+02
    -0.7408272E+02     0.3994988E+02
    -0.7407383E+02     0.3997431E+02
    -0.7407092E+02     0.3997833E+02
    -0.7407076E+02     0.3998589E+02
    -0.7406384E+02     0.4000000E+02
    -0.7406384E+02     0.4000000E+02
    -0.7408370E+02     0.4000000E+02
    -0.7410000E+02     0.4000000E+02
    -0.7410617E+02     0.4000000E+02
    -0.7410617E+02     0.4000000E+02
    -0.7410603E+02     0.3999949E+02
    -0.7410828E+02     0.3999681E+02
    -0.7412453E+02     0.3999417E+02
    -0.7414362E+02     0.3998888E+02
    -0.7414642E+02     0.3998668E+02
    -0.7414565E+02     0.3998459E+02
    -0.7413902E+02     0.3998070E+02
    -0.7412599E+02     0.3997933E+02
    -0.7412357E+02     0.3998521E+02
    -0.7411961E+02     0.3998644E+02
    -0.7411578E+02     0.3998585E+02
    -0.7411395E+02     0.3998143E+02
    -0.7411445E+02     0.3997816E+02
    -0.7411539E+02     0.3997210E+02
    -0.7411139E+02     0.3996394E+02
    -0.7411525E+02     0.3995399E+02
    -0.7411335E+02     0.3994568E+02
    -0.7411698E+02     0.3993962E+02
    -0.7412565E+02     0.3993396E+02
    -0.7413927E+02     0.3993031E+02
    -0.7414994E+02     0.3993114E+02
    -0.7416646E+02     0.3993904E+02
    -0.7417326E+02     0.3993996E+02
    -0.7418153E+02     0.3993589E+02
    -0.7419101E+02     0.3993690E+02
    -0.7419267E+02     0.3993398E+02
    -0.7418786E+02     0.3992946E+02
    -0.7418134E+02     0.3992901E+02
    -0.7417173E+02     0.3993249E+02
    -0.7416978E+02     0.3993320E+02
    -0.7415239E+02     0.3992481E+02
    -0.7413457E+02     0.3991893E+02
    -0.7412473E+02     0.3991904E+02
    -0.7411563E+02     0.3992193E+02
    -0.7410939E+02     0.3992172E+02
    -0.7410670E+02     0.3991681E+02
    -0.7411065E+02     0.3991031E+02
    -0.7412805E+02     0.3989785E+02
    -0.7413670E+02     0.3988211E+02
    -0.7413975E+02     0.3986550E+02
    -0.7414468E+02     0.3986246E+02
    -0.7414603E+02     0.3985861E+02
    -0.7413516E+02     0.3985732E+02
    -0.7413366E+02     0.3985246E+02
    -0.7414617E+02     0.3983158E+02
    -0.7415686E+02     0.3982164E+02
    -0.7416014E+02     0.3981625E+02
    -0.7415894E+02     0.3981140E+02
    -0.7416801E+02     0.3980347E+02
    -0.7417117E+02     0.3979510E+02
    -0.7418108E+02     0.3978811E+02
    -0.7418505E+02     0.3978114E+02
    -0.7418724E+02     0.3976884E+02
    -0.7419455E+02     0.3975534E+02
    -0.7419432E+02     0.3975432E+02
    -0.7419194E+02     0.3974380E+02
    -0.7419837E+02     0.3973531E+02
    -0.7419730E+02     0.3973321E+02
    -0.7419360E+02     0.3973034E+02
    -0.7418917E+02     0.3972995E+02
    -0.7418673E+02     0.3973629E+02
    -0.7416489E+02     0.3972866E+02
    -0.7416577E+02     0.3972365E+02
    -0.7416886E+02     0.3972147E+02
    -0.7416747E+02     0.3971478E+02
    -0.7416939E+02     0.3971232E+02
    -0.7417537E+02     0.3971161E+02
    -0.7418350E+02     0.3971487E+02
    -0.7418659E+02     0.3971268E+02
    -0.7418098E+02     0.3970699E+02
    -0.7417311E+02     0.3970443E+02
    -0.7416651E+02     0.3970558E+02
    -0.7416489E+02     0.3970277E+02
    -0.7417460E+02     0.3969394E+02
    -0.7417947E+02     0.3969270E+02
    -0.7418093E+02     0.3969232E+02
    -0.7418117E+02     0.3968821E+02
    -0.7417998E+02     0.3968816E+02
    -0.7419065E+02     0.3967799E+02
    -0.7419685E+02     0.3967866E+02
    -0.7419991E+02     0.3967716E+02
    -0.7420251E+02     0.3967313E+02
    -0.7420116E+02     0.3967079E+02
    -0.7419492E+02     0.3967080E+02
    -0.7419384E+02     0.3966893E+02
    -0.7419637E+02     0.3966627E+02
    -0.7421292E+02     0.3966225E+02
    -0.7421777E+02     0.3965531E+02
    -0.7422152E+02     0.3963619E+02
    -0.7422575E+02     0.3963473E+02
    -0.7423967E+02     0.3963520E+02
    -0.7424904E+02     0.3963208E+02
    -0.7425491E+02     0.3961739E+02
    -0.7425871E+02     0.3961552E+02
    -0.7426498E+02     0.3961246E+02
    -0.7426764E+02     0.3960727E+02
    -0.7426318E+02     0.3960208E+02
    -0.7426308E+02     0.3959864E+02
    -0.7426738E+02     0.3959604E+02
    -0.7427153E+02     0.3959595E+02
    -0.7427695E+02     0.3959980E+02
    -0.7428641E+02     0.3960034E+02
    -0.7431658E+02     0.3958554E+02
    -0.7431945E+02     0.3958197E+02
    -0.7431976E+02     0.3957648E+02
    -0.7432800E+02     0.3957194E+02
    -0.7433087E+02     0.3956837E+02
    -0.7433652E+02     0.3956787E+02
    -0.7433966E+02     0.3956476E+02
    -0.7434109E+02     0.3956023E+02
    -0.7433848E+02     0.3955395E+02
    -0.7432359E+02     0.3954360E+02
    -0.7432221E+02     0.3954264E+02
    -0.7431757E+02     0.3953561E+02
    -0.7430854E+02     0.3953279E+02
    -0.7430252E+02     0.3952915E+02
    -0.7430009E+02     0.3952494E+02
    -0.7430000E+02     0.3951577E+02
    -0.7430293E+02     0.3950579E+02
    -0.7430714E+02     0.3949928E+02
    -0.7431292E+02     0.3949649E+02
    -0.7432299E+02     0.3949637E+02
    -0.7433076E+02     0.3950053E+02
    -0.7433468E+02     0.3950455E+02
    -0.7433454E+02     0.3950707E+02
    -0.7433355E+02     0.3951437E+02
    -0.7432970E+02     0.3951974E+02
    -0.7433252E+02     0.3952763E+02
    -0.7433741E+02     0.3953031E+02
    -0.7435041E+02     0.3953097E+02
    -0.7435964E+02     0.3953325E+02
    -0.7438924E+02     0.3953041E+02
    -0.7439363E+02     0.3953148E+02
    -0.7440023E+02     0.3954086E+02
    -0.7440594E+02     0.3954494E+02
    -0.7441190E+02     0.3954422E+02
    -0.7441190E+02     0.3954422E+02
    -0.7441790E+02     0.3953731E+02
    -0.7441790E+02     0.3953731E+02
    -0.7441080E+02     0.3952608E+02
    -0.7440992E+02     0.3952055E+02
    -0.7441296E+02     0.3950827E+02
    -0.7441270E+02     0.3950208E+02
    -0.7440802E+02     0.3949001E+02
    -0.7439406E+02     0.3948149E+02
    -0.7439254E+02     0.3948056E+02
    -0.7438629E+02     0.3947577E+02
    -0.7438526E+02     0.3947299E+02
    -0.7439088E+02     0.3946745E+02
    -0.7440033E+02     0.3946798E+02
    -0.7440375E+02     0.3947039E+02
    -0.7440405E+02     0.3947589E+02
    -0.7440607E+02     0.3947688E+02
    -0.7441563E+02     0.3946963E+02
    -0.7441490E+02     0.3946663E+02
    -0.7441233E+02     0.3946494E+02
    -0.7440360E+02     0.3946213E+02
    -0.7439864E+02     0.3945532E+02
    -0.7440064E+02     0.3945126E+02
    -0.7440878E+02     0.3945405E+02
    -0.7441102E+02     0.3945091E+02
    -0.7440169E+02     0.3944281E+02
    -0.7439816E+02     0.3943697E+02
    -0.7439925E+02     0.3943311E+02
    -0.7440617E+02     0.3942554E+02
    -0.7440748E+02     0.3941291E+02
    -0.7441043E+02     0.3941239E+02
    -0.7441521E+02     0.3941713E+02
    -0.7441649E+02     0.3942634E+02
    -0.7442866E+02     0.3944209E+02
    -0.7443540E+02     0.3944873E+02
    -0.7444275E+02     0.3944965E+02
    -0.7444665E+02     0.3944863E+02
    -0.7445436E+02     0.3944269E+02
    -0.7446189E+02     0.3943468E+02
    -0.7446597E+02     0.3941923E+02
    -0.7447193E+02     0.3941277E+02
    -0.7447936E+02     0.3941209E+02
    -0.7448705E+02     0.3940638E+02
    -0.7448937E+02     0.3939614E+02
    -0.7448598E+02     0.3939072E+02
    -0.7448528E+02     0.3938960E+02
    -0.7447887E+02     0.3938802E+02
    -0.7446604E+02     0.3939012E+02
    -0.7444840E+02     0.3938818E+02
    -0.7444505E+02     0.3938463E+02
    -0.7444987E+02     0.3938272E+02
    -0.7446095E+02     0.3936910E+02
    -0.7445939E+02     0.3936515E+02
    -0.7445319E+02     0.3935945E+02
    -0.7445421E+02     0.3935696E+02
    -0.7447378E+02     0.3936126E+02
    -0.7447649E+02     0.3936043E+02
    -0.7447437E+02     0.3935578E+02
    -0.7447622E+02     0.3935423E+02
    -0.7449481E+02     0.3934910E+02
    -0.7449898E+02     0.3934304E+02
    -0.7450451E+02     0.3934460E+02
    -0.7450196E+02     0.3934890E+02
    -0.7449931E+02     0.3935337E+02
    -0.7449692E+02     0.3936521E+02
    -0.7450654E+02     0.3937331E+02
    -0.7451328E+02     0.3937444E+02
    -0.7452195E+02     0.3937266E+02
    -0.7452448E+02     0.3936953E+02
    -0.7452500E+02     0.3936519E+02
    -0.7451984E+02     0.3935654E+02
    -0.7452390E+02     0.3934682E+02
    -0.7451469E+02     0.3934767E+02
    -0.7451421E+02     0.3934559E+02
    -0.7451493E+02     0.3934309E+02
    -0.7452001E+02     0.3934188E+02
    -0.7453008E+02     0.3933601E+02
    -0.7453930E+02     0.3934043E+02
    -0.7454202E+02     0.3933914E+02
    -0.7454171E+02     0.3932813E+02
    -0.7453799E+02     0.3931830E+02
    -0.7453522E+02     0.3931096E+02
    -0.7453745E+02     0.3930782E+02
    -0.7455285E+02     0.3930143E+02
    -0.7455789E+02     0.3930090E+02
    -0.7456104E+02     0.3930284E+02
    -0.7455874E+02     0.3930735E+02
    -0.7455940E+02     0.3931173E+02
    -0.7456481E+02     0.3930983E+02
    -0.7457024E+02     0.3929625E+02
    -0.7457376E+02     0.3929682E+02
    -0.7458313E+02     0.3930399E+02
    -0.7458805E+02     0.3930598E+02
    -0.7459663E+02     0.3930579E+02
    -0.7460905E+02     0.3929953E+02
    -0.7461593E+02     0.3929790E+02
    -0.7462447E+02     0.3929840E+02
    -0.7463337E+02     0.3930326E+02
    -0.7464586E+02     0.3930158E+02
    -0.7464586E+02     0.3930158E+02
    -0.7465267E+02     0.3929537E+02
    -0.7465247E+02     0.3929353E+02
    -0.7465247E+02     0.3929353E+02
    -0.7465178E+02     0.3928962E+02
    -0.7465335E+02     0.3928783E+02
    -0.7465656E+02     0.3928862E+02
    -0.7465656E+02     0.3928862E+02
    -0.7465944E+02     0.3928412E+02
    -0.7465944E+02     0.3928412E+02
    -0.7465421E+02     0.3928259E+02
    -0.7464553E+02     0.3928484E+02
    -0.7463525E+02     0.3928535E+02
    -0.7463132E+02     0.3928555E+02
    -0.7462135E+02     0.3927859E+02
    -0.7461975E+02     0.3927510E+02
    -0.7462510E+02     0.3926862E+02
    -0.7463069E+02     0.3925733E+02
    -0.7463226E+02     0.3924982E+02
    -0.7462968E+02     0.3924836E+02
    -0.7461981E+02     0.3925653E+02
    -0.7461766E+02     0.3926403E+02
    -0.7461171E+02     0.3927073E+02
    -0.7460685E+02     0.3927333E+02
    -0.7460458E+02     0.3927165E+02
    -0.7460718E+02     0.3926692E+02
    -0.7460456E+02     0.3926615E+02
    -0.7459531E+02     0.3926815E+02
    -0.7457478E+02     0.3928264E+02
    -0.7456537E+02     0.3928703E+02
    -0.7456419E+02     0.3928758E+02
    -0.7455511E+02     0.3928614E+02
    -0.7455437E+02     0.3928337E+02
    -0.7455729E+02     0.3927842E+02
    -0.7456468E+02     0.3927246E+02
    -0.7460171E+02     0.3925276E+02
    -0.7462450E+02     0.3923421E+02
    -0.7464542E+02     0.3921148E+02
    -0.7465306E+02     0.3920599E+02
    -0.7465849E+02     0.3920415E+02
    -0.7466237E+02     0.3920284E+02
    -0.7467281E+02     0.3919444E+02
    -0.7468333E+02     0.3919660E+02
    -0.7469570E+02     0.3919078E+02
    -0.7470042E+02     0.3918497E+02
    -0.7471258E+02     0.3917754E+02
    -0.7471419E+02     0.3917484E+02
    -0.7470802E+02     0.3916251E+02
    -0.7468964E+02     0.3916470E+02
    -0.7468349E+02     0.3916978E+02
    -0.7469708E+02     0.3917501E+02
    -0.7469896E+02     0.3917873E+02
    -0.7467841E+02     0.3918887E+02
    -0.7467750E+02     0.3918931E+02
    -0.7466985E+02     0.3918885E+02
    -0.7465710E+02     0.3919625E+02
    -0.7465237E+02     0.3919633E+02
    -0.7469078E+02     0.3915373E+02
    -0.7470416E+02     0.3913350E+02
    -0.7471297E+02     0.3911635E+02
    -0.7471710E+02     0.3911624E+02
    -0.7471904E+02     0.3911882E+02
    -0.7471769E+02     0.3912233E+02
    -0.7471633E+02     0.3912585E+02
    -0.7471905E+02     0.3913052E+02
    -0.7472086E+02     0.3912965E+02
    -0.7472845E+02     0.3911315E+02
    -0.7474088E+02     0.3910596E+02
    -0.7475408E+02     0.3910108E+02
    -0.7475788E+02     0.3910165E+02
    -0.7476037E+02     0.3911090E+02
    -0.7476292E+02     0.3911304E+02
    -0.7476734E+02     0.3911294E+02
    -0.7478886E+02     0.3909455E+02
    -0.7479856E+02     0.3908865E+02
    -0.7479959E+02     0.3908570E+02
    -0.7479796E+02     0.3908290E+02
    -0.7479226E+02     0.3908503E+02
    -0.7478848E+02     0.3908423E+02
    -0.7478696E+02     0.3907914E+02
    -0.7478726E+02     0.3907721E+02
    -0.7478823E+02     0.3907115E+02
    -0.7478460E+02     0.3906715E+02
    -0.7477261E+02     0.3906541E+02
    -0.7476749E+02     0.3906182E+02
    -0.7476561E+02     0.3905809E+02
    -0.7476817E+02     0.3905405E+02
    -0.7477853E+02     0.3904656E+02
    -0.7478570E+02     0.3903852E+02
    -0.7479008E+02     0.3903911E+02
    -0.7479455E+02     0.3904406E+02
    -0.7479663E+02     0.3905581E+02
    -0.7480303E+02     0.3906334E+02
    -0.7481124E+02     0.3906404E+02
    -0.7482750E+02     0.3905030E+02
    -0.7482682E+02     0.3904616E+02
    -0.7481812E+02     0.3903742E+02
    -0.7481166E+02     0.3903104E+02
    -0.7481069E+02     0.3902665E+02
    -0.7481640E+02     0.3902430E+02
    -0.7482166E+02     0.3901276E+02
    -0.7482792E+02     0.3901111E+02
    -0.7483306E+02     0.3900209E+02
    -0.7484071E+02     0.3900828E+02
    -0.7484393E+02     0.3900860E+02
    -0.7484962E+02     0.3900625E+02
    -0.7485348E+02     0.3899948E+02
    -0.7485186E+02     0.3899645E+02
    -0.7484727E+02     0.3899403E+02
    -0.7484383E+02     0.3898590E+02
    -0.7484497E+02     0.3898066E+02
    -0.7485266E+02     0.3897355E+02
    -0.7485310E+02     0.3897058E+02
    -0.7484918E+02     0.3896634E+02
    -0.7484530E+02     0.3896760E+02
    -0.7484129E+02     0.3897161E+02
    -0.7483508E+02     0.3899688E+02
    -0.7483115E+02     0.3899883E+02
    -0.7482327E+02     0.3899768E+02
    -0.7481907E+02     0.3899939E+02
    -0.7480952E+02     0.3901447E+02
    -0.7481280E+02     0.3901961E+02
    -0.7480882E+02     0.3902270E+02
    -0.7480416E+02     0.3902187E+02
    -0.7480084E+02     0.3901742E+02
    -0.7479080E+02     0.3900015E+02
    -0.7478940E+02     0.3899277E+02
    -0.7479764E+02     0.3898660E+02
    -0.7482206E+02     0.3897403E+02
    -0.7483272E+02     0.3896632E+02
    -0.7483900E+02     0.3895802E+02
    -0.7486401E+02     0.3893880E+02
    -0.7486787E+02     0.3893822E+02
    -0.7487420E+02     0.3894093E+02
    -0.7487518E+02     0.3894228E+02
    -0.7487944E+02     0.3894819E+02
    -0.7488261E+02     0.3894966E+02
    -0.7489759E+02     0.3894964E+02
    -0.7490357E+02     0.3894752E+02
    -0.7490643E+02     0.3894301E+02
    -0.7490565E+02     0.3894070E+02
    -0.7490190E+02     0.3893921E+02
    -0.7488101E+02     0.3893975E+02
    -0.7488026E+02     0.3893721E+02
    -0.7488306E+02     0.3893385E+02
    -0.7489162E+02     0.3893296E+02
    -0.7492706E+02     0.3892274E+02
    -0.7494496E+02     0.3892326E+02
    -0.7496445E+02     0.3892695E+02
    -0.7496914E+02     0.3892784E+02
    -0.7497340E+02     0.3893094E+02
    -0.7497454E+02     0.3893808E+02
    -0.7496622E+02     0.3895917E+02
    -0.7496140E+02     0.3899342E+02
    -0.7494548E+02     0.3902576E+02
    -0.7493217E+02     0.3904207E+02
    -0.7492738E+02     0.3904794E+02
    -0.7492043E+02     0.3906447E+02
    -0.7490471E+02     0.3908557E+02
    -0.7489777E+02     0.3910165E+02
    -0.7489604E+02     0.3911948E+02
    -0.7489159E+02     0.3913264E+02
    -0.7489043E+02     0.3914476E+02
    -0.7489513E+02     0.3915727E+02
    -0.7489807E+02     0.3916004E+02
    -0.7490191E+02     0.3916366E+02
    -0.7491544E+02     0.3917047E+02
    -0.7494546E+02     0.3917774E+02
    -0.7495761E+02     0.3918267E+02
    -0.7497487E+02     0.3918545E+02
    -0.7500000E+02     0.3918555E+02
    -0.7500317E+02     0.3918556E+02
    -0.7502654E+02     0.3919011E+02
    -0.7502822E+02     0.3919222E+02
    -0.7502498E+02     0.3919855E+02
    -0.7502988E+02     0.3920762E+02
    -0.7502988E+02     0.3920762E+02
    -0.7503326E+02     0.3921092E+02
    -0.7503326E+02     0.3921092E+02
    -0.7503687E+02     0.3921393E+02
    -0.7503894E+02     0.3921567E+02
    -0.7504664E+02     0.3920855E+02
    -0.7506600E+02     0.3920427E+02
    -0.7508883E+02     0.3920145E+02
    -0.7509649E+02     0.3920166E+02
    -0.7510317E+02     0.3920391E+02
    -0.7510941E+02     0.3920293E+02
    -0.7511485E+02     0.3919987E+02
    -0.7512260E+02     0.3918472E+02
    -0.7513327E+02     0.3917676E+02
    -0.7514181E+02     0.3917699E+02
    -0.7514899E+02     0.3918130E+02
    -0.7516232E+02     0.3919312E+02
    -0.7516314E+02     0.3919463E+02
    -0.7516560E+02     0.3919917E+02
    -0.7516921E+02     0.3922425E+02
    -0.7517413E+02     0.3923332E+02
    -0.7518007E+02     0.3923898E+02
    -0.7519775E+02     0.3924632E+02
    -0.7521200E+02     0.3925793E+02
    -0.7523007E+02     0.3926298E+02
    -0.7523813E+02     0.3926778E+02
    -0.7524120E+02     0.3927176E+02
    -0.7523987E+02     0.3927539E+02
    -0.7524960E+02     0.3928925E+02
    -0.7525183E+02     0.3929243E+02
    -0.7525672E+02     0.3929553E+02
    -0.7527371E+02     0.3929849E+02
    -0.7527799E+02     0.3929517E+02
    -0.7528331E+02     0.3929507E+02
    -0.7528575E+02     0.3928620E+02
    -0.7529198E+02     0.3928544E+02
    -0.7530004E+02     0.3929023E+02
    -0.7531050E+02     0.3930127E+02
    -0.7532635E+02     0.3933169E+02
    -0.7533032E+02     0.3933569E+02
    -0.7534048E+02     0.3934007E+02
    -0.7535671E+02     0.3934025E+02
    -0.7535932E+02     0.3933435E+02
    -0.7536112E+02     0.3933371E+02
    -0.7536983E+02     0.3933988E+02
    -0.7538896E+02     0.3935343E+02
    -0.7540089E+02     0.3937228E+02
    -0.7541683E+02     0.3938001E+02
    -0.7542771E+02     0.3938142E+02
    -0.7544193E+02     0.3939506E+02
    -0.7545973E+02     0.3942299E+02
    -0.7546804E+02     0.3942960E+02
    -0.7547252E+02     0.3943102E+02
    -0.7548060E+02     0.3943357E+02
    -0.7551159E+02     0.3945012E+02
    -0.7553300E+02     0.3945499E+02
    -0.7553793E+02     0.3945739E+02
    -0.7554276E+02     0.3946232E+02
    -0.7554488E+02     0.3946878E+02
    -0.7554299E+02     0.3947927E+02
    -0.7554446E+02     0.3948733E+02
    -0.7554219E+02     0.3949232E+02
    -0.7553865E+02     0.3949200E+02
    -0.7553527E+02     0.3948001E+02
    -0.7552999E+02     0.3947118E+02
    -0.7552596E+02     0.3946833E+02
    -0.7552298E+02     0.3946855E+02
    -0.7552122E+02     0.3946868E+02
    -0.7551924E+02     0.3947367E+02
    -0.7552554E+02     0.3948665E+02
    -0.7552908E+02     0.3950209E+02
    -0.7552811E+02     0.3951168E+02
    -0.7552509E+02     0.3952077E+02
    -0.7551907E+02     0.3952338E+02
    -0.7551195E+02     0.3952367E+02
    -0.7550830E+02     0.3952610E+02
    -0.7550939E+02     0.3952842E+02
    -0.7552522E+02     0.3953269E+02
    -0.7552799E+02     0.3953734E+02
    -0.7551752E+02     0.3954763E+02
    -0.7551270E+02     0.3955713E+02
    -0.7549746E+02     0.3956067E+02
    -0.7549746E+02     0.3956067E+02
    -0.7550091E+02     0.3956327E+02
    -0.7550091E+02     0.3956327E+02
    -0.7551904E+02     0.3957676E+02
    -0.7552065E+02     0.3958115E+02
    -0.7551740E+02     0.3958840E+02
    -0.7551994E+02     0.3959166E+02
    -0.7552495E+02     0.3959224E+02
    -0.7552565E+02     0.3959182E+02
    -0.7553375E+02     0.3958695E+02
    -0.7553881E+02     0.3958638E+02
    -0.7554261E+02     0.3958762E+02
    -0.7556201E+02     0.3959930E+02
    -0.7556847E+02     0.3960861E+02
    -0.7557032E+02     0.3961438E+02
    -0.7556896E+02     0.3961893E+02
    -0.7555809E+02     0.3962394E+02
    -0.7555161E+02     0.3963066E+02
    -0.7553188E+02     0.3964234E+02
    -0.7552451E+02     0.3964881E+02
    -0.7551289E+02     0.3966502E+02
    -0.7551088E+02     0.3967093E+02
    -0.7551088E+02     0.3967093E+02
    -0.7552623E+02     0.3967142E+02
    -0.7552623E+02     0.3967142E+02
    -0.7551662E+02     0.3968108E+02
    -0.7550011E+02     0.3970328E+02
    -0.7548900E+02     0.3972403E+02
    -0.7548260E+02     0.3973347E+02
    -0.7546832E+02     0.3975229E+02
    -0.7546153E+02     0.3976331E+02
    -0.7544606E+02     0.3977591E+02
    -0.7542829E+02     0.3978683E+02
    -0.7539034E+02     0.3980288E+02
    -0.7538216E+02     0.3980642E+02
    -0.7537546E+02     0.3980930E+02
    -0.7537226E+02     0.3981379E+02
    -0.7535746E+02     0.3982433E+02
    -0.7534460E+02     0.3983173E+02
    -0.7534455E+02     0.3983265E+02
    -0.7532283E+02     0.3983886E+02
    -0.7531599E+02     0.3983887E+02
    -0.7530495E+02     0.3983968E+02
    -0.7526375E+02     0.3984299E+02
    -0.7524072E+02     0.3984547E+02
    -0.7521658E+02     0.3985228E+02
    -0.7520709E+02     0.3985725E+02
    -0.7519273E+02     0.3986458E+02
    -0.7518850E+02     0.3986624E+02
    -0.7517542E+02     0.3987136E+02
    -0.7516642E+02     0.3987268E+02
    -0.7515103E+02     0.3987677E+02
    -0.7514239E+02     0.3988268E+02
    -0.7513432E+02     0.3989433E+02
    -0.7513116E+02     0.3991416E+02
    -0.7513654E+02     0.3994159E+02
    -0.7513244E+02     0.3995131E+02
    -0.7512100E+02     0.3995896E+02
    -0.7510921E+02     0.3996224E+02
    -0.7509497E+02     0.3996682E+02
    -0.7508388E+02     0.3997356E+02
    -0.7507323E+02     0.3997757E+02
    -0.7506115E+02     0.3998611E+02
    -0.7505988E+02     0.4000000E+02
    -0.7505988E+02     0.4000000E+02
    -0.7505489E+02     0.4000906E+02
    -0.7502093E+02     0.4002185E+02
    -0.7501781E+02     0.4002388E+02
    -0.7500000E+02     0.4003548E+02
    -0.7496552E+02     0.4005793E+02
    -0.7494962E+02     0.4006541E+02
    -0.7493063E+02     0.4007177E+02
    -0.7487640E+02     0.4008165E+02
    -0.7486764E+02     0.4008324E+02
    -0.7485190E+02     0.4009201E+02
    -0.7484216E+02     0.4010146E+02
    -0.7483564E+02     0.4011764E+02
    -0.7482536E+02     0.4012711E+02
    -0.7480063E+02     0.4012271E+02
    -0.7478535E+02     0.4012350E+02
    -0.7477773E+02     0.4012714E+02
    -0.7476529E+02     0.4013631E+02
    -0.7475594E+02     0.4013842E+02
    -0.7475117E+02     0.4013776E+02
    -0.7474737E+02     0.4013724E+02
    -0.7473166E+02     0.4014536E+02
    -0.7472667E+02     0.4015495E+02
    -0.7473169E+02     0.4016404E+02
    -0.7475756E+02     0.4018139E+02
    -0.7477131E+02     0.4019328E+02
    -0.7478257E+02     0.4021301E+02
    -0.7480678E+02     0.4022857E+02
    -0.7481123E+02     0.4023143E+02
    -0.7483619E+02     0.4024202E+02
    -0.7485338E+02     0.4025238E+02
    -0.7486627E+02     0.4027812E+02
    -0.7488174E+02     0.4030290E+02
    -0.7489653E+02     0.4031390E+02
    -0.7490788E+02     0.4031615E+02
    -0.7491113E+02     0.4031754E+02
    -0.7492058E+02     0.4032158E+02
    -0.7493594E+02     0.4033295E+02
    -0.7494301E+02     0.4034070E+02
    -0.7494684E+02     0.4034781E+02
    -0.7495401E+02     0.4037425E+02
    -0.7497527E+02     0.4040359E+02
    -0.7499049E+02     0.4040725E+02
    -0.7499782E+02     0.4041174E+02
    -0.7500000E+02     0.4041153E+02
    -0.7500303E+02     0.4041124E+02
    -0.7501733E+02     0.4040988E+02
    -0.7503011E+02     0.4040431E+02
    -0.7505897E+02     0.4041739E+02
    -0.7506927E+02     0.4043105E+02
    -0.7507449E+02     0.4045881E+02
    -0.7507027E+02     0.4049269E+02
    -0.7506869E+02     0.4050545E+02
    -0.7506873E+02     0.4052902E+02
    -0.7507272E+02     0.4054344E+02
    -0.7509793E+02     0.4056808E+02
    -0.7511623E+02     0.4057562E+02
    -0.7513776E+02     0.4057770E+02
    -0.7515176E+02     0.4057519E+02
    -0.7515176E+02     0.4057519E+02
    -0.7516125E+02     0.4057373E+02
    -0.7517109E+02     0.4056674E+02
    -0.7517700E+02     0.4056571E+02
    -0.7518697E+02     0.4056903E+02
    -0.7519942E+02     0.4057634E+02
    -0.7520221E+02     0.4058008E+02
    -0.7519825E+02     0.4059475E+02
    -0.7519774E+02     0.4059868E+02
    -0.7520568E+02     0.4061795E+02
    -0.7519717E+02     0.4062326E+02
    -0.7519332E+02     0.4063109E+02
    -0.7519332E+02     0.4063109E+02
    -0.7519534E+02     0.4064242E+02
    -0.7520392E+02     0.4065129E+02
    -0.7519998E+02     0.4066046E+02
    -0.7518793E+02     0.4067149E+02
    -0.7518499E+02     0.4067766E+02
    -0.7518499E+02     0.4067766E+02
    -0.7518967E+02     0.4068103E+02
    -0.7520551E+02     0.4068562E+02
    -0.7520762E+02     0.4068871E+02
    -0.7520872E+02     0.4069071E+02
    -0.7520463E+02     0.4070402E+02
    -0.7519613E+02     0.4071897E+02
    -0.7519613E+02     0.4071897E+02
    -0.7519249E+02     0.4072245E+02
    -0.7518830E+02     0.4073468E+02
    -0.7519207E+02     0.4074342E+02
    -0.7520045E+02     0.4075007E+02
    -0.7519601E+02     0.4075682E+02
    -0.7518302E+02     0.4076363E+02
    -0.7517567E+02     0.4077643E+02
    -0.7516896E+02     0.4077903E+02
    -0.7513923E+02     0.4077578E+02
    -0.7512708E+02     0.4078600E+02
    -0.7511221E+02     0.4079501E+02
    -0.7510606E+02     0.4079872E+02
    -0.7509864E+02     0.4081376E+02
    -0.7508899E+02     0.4081936E+02
    -0.7508765E+02     0.4082797E+02
    -0.7509880E+02     0.4084424E+02
    -0.7509393E+02     0.4084938E+02
    -0.7506837E+02     0.4084812E+02
    -0.7505817E+02     0.4086228E+02
    -0.7505990E+02     0.4087804E+02
    -0.7506878E+02     0.4088514E+02
    -0.7507610E+02     0.4089100E+02
    -0.7507892E+02     0.4089532E+02
    -0.7508342E+02     0.4091195E+02
    -0.7508933E+02     0.4091843E+02
    -0.7508933E+02     0.4091843E+02
    -0.7509922E+02     0.4092360E+02
    -0.7509922E+02     0.4092360E+02
    -0.7512321E+02     0.4096468E+02
    -0.7513440E+02     0.4097241E+02
    -0.7513837E+02     0.4097748E+02
    -0.7513927E+02     0.4098257E+02
    -0.7513927E+02     0.4098257E+02
    -0.7513613E+02     0.4098757E+02
    -0.7513613E+02     0.4098757E+02
    -0.7513380E+02     0.4099460E+02
    -0.7510451E+02     0.4100803E+02
    -0.7509005E+02     0.4101465E+02
    -0.7506783E+02     0.4102113E+02
    -0.7504673E+02     0.4103100E+02
    -0.7502762E+02     0.4104503E+02
    -0.7502609E+02     0.4105182E+02
    -0.7502069E+02     0.4106024E+02
    -0.7501025E+02     0.4106933E+02
    -0.7500000E+02     0.4107458E+02
    -0.7497984E+02     0.4108490E+02
    -0.7497984E+02     0.4108490E+02
    -0.7497156E+02     0.4109017E+02
    -0.7497038E+02     0.4109368E+02
    -0.7497398E+02     0.4109646E+02
    -0.7498947E+02     0.4109032E+02
    -0.7499342E+02     0.4109034E+02
    -0.7499633E+02     0.4109224E+02
    -0.7499247E+02     0.4109933E+02
    -0.7498320E+02     0.4111017E+02
    -0.7496622E+02     0.4111662E+02
    -0.7495858E+02     0.4112231E+02
    -0.7495858E+02     0.4112231E+02
    -0.7494792E+02     0.4113137E+02
    -0.7493613E+02     0.4113502E+02
    -0.7493613E+02     0.4113502E+02
    -0.7491572E+02     0.4115014E+02
    -0.7490244E+02     0.4117013E+02
    -0.7488924E+02     0.4118140E+02
    -0.7488254E+02     0.4119071E+02
    -0.7486608E+02     0.4122211E+02
    -0.7486768E+02     0.4122615E+02
    -0.7487369E+02     0.4123179E+02
    -0.7485909E+02     0.4125093E+02
    -0.7485032E+02     0.4125462E+02
    -0.7484814E+02     0.4125726E+02
    -0.7484859E+02     0.4126205E+02
    -0.7484859E+02     0.4126205E+02
    -0.7484643E+02     0.4127456E+02
    -0.7484643E+02     0.4127456E+02
    -0.7484209E+02     0.4128007E+02
    -0.7484209E+02     0.4128007E+02
    -0.7481691E+02     0.4130024E+02
    -0.7481402E+02     0.4130215E+02
    -0.7481090E+02     0.4130423E+02
    -0.7479941E+02     0.4130828E+02
    -0.7479378E+02     0.4131318E+02
    -0.7480016E+02     0.4131948E+02
    -0.7479555E+02     0.4132547E+02
    -0.7477267E+02     0.4132829E+02
    -0.7475974E+02     0.4134555E+02
    -0.7471673E+02     0.4135213E+02
    -0.7470916E+02     0.4135597E+02
    -0.7469595E+02     0.4135804E+02
    -0.7469282E+02     0.4136178E+02
    -0.7460659E+02     0.4131925E+02
    -0.7455222E+02     0.4129399E+02
    -0.7441036E+02     0.4122786E+02
    -0.7427160E+02     0.4116286E+02
    -0.7426872E+02     0.4116165E+02
    -0.7415608E+02     0.4111423E+02
    -0.7412393E+02     0.4109967E+02
    -0.7398141E+02     0.4103492E+02
    -0.7390574E+02     0.4100041E+02
END
17

    -0.7488550E+02     0.3896304E+02
    -0.7485847E+02     0.3896867E+02
    -0.7485632E+02     0.3897091E+02
    -0.7485793E+02     0.3897393E+02
    -0.7486459E+02     0.3897596E+02
    -0.7487022E+02     0.3897521E+02
    -0.7487897E+02     0.3897042E+02
    -0.7488611E+02     0.3896879E+02
    -0.7488855E+02     0.3896680E+02
    -0.7488809E+02     0.3896404E+02
    -0.7488550E+02     0.3896304E+02
END
END
