north_dakota
1
    -0.1020234E+03     0.4765519E+02
    -0.1040237E+03     0.4899030E+02
    -0.1038329E+03     0.4899160E+02
    -0.1036422E+03     0.4899257E+02
    -0.1034514E+03     0.4899321E+02
    -0.1032607E+03     0.4899353E+02
    -0.1030699E+03     0.4899351E+02
    -0.1028791E+03     0.4899316E+02
    -0.1027176E+03     0.4899261E+02
    -0.1026884E+03     0.4899285E+02
    -0.1024976E+03     0.4899422E+02
    -0.1023068E+03     0.4899525E+02
    -0.1021161E+03     0.4899596E+02
    -0.1019253E+03     0.4899634E+02
    -0.1017345E+03     0.4899639E+02
    -0.1015437E+03     0.4899611E+02
    -0.1013664E+03     0.4899555E+02
    -0.1011756E+03     0.4899578E+02
    -0.1009849E+03     0.4899568E+02
    -0.1007941E+03     0.4899525E+02
    -0.1006033E+03     0.4899449E+02
    -0.1004126E+03     0.4899340E+02
    -0.1003251E+03     0.4899279E+02
    -0.1002218E+03     0.4899339E+02
    -0.1000310E+03     0.4899425E+02
    -0.1000000E+03     0.4899434E+02
    -0.9984026E+02     0.4899478E+02
    -0.9964948E+02     0.4899498E+02
    -0.9945870E+02     0.4899485E+02
    -0.9926793E+02     0.4899440E+02
    -0.9917466E+02     0.4899405E+02
    -0.9907716E+02     0.4899451E+02
    -0.9888638E+02     0.4899516E+02
    -0.9869560E+02     0.4899548E+02
    -0.9850482E+02     0.4899548E+02
    -0.9831404E+02     0.4899514E+02
    -0.9831313E+02     0.4899514E+02
    -0.9812328E+02     0.4899656E+02
    -0.9800000E+02     0.4899718E+02
    -0.9798759E+02     0.4899714E+02
    -0.9792027E+02     0.4899681E+02
    -0.9779678E+02     0.4899755E+02
    -0.9777726E+02     0.4899765E+02
    -0.9771838E+02     0.4899724E+02
    -0.9769697E+02     0.4899582E+02
    -0.9766515E+02     0.4899766E+02
    -0.9763473E+02     0.4899645E+02
    -0.9760627E+02     0.4899667E+02
    -0.9757324E+02     0.4899691E+02
    -0.9746514E+02     0.4899593E+02
    -0.9743706E+02     0.4899685E+02
    -0.9740831E+02     0.4899503E+02
    -0.9738621E+02     0.4899656E+02
    -0.9738273E+02     0.4899654E+02
    -0.9724373E+02     0.4899572E+02
    -0.9723087E+02     0.4899568E+02
    -0.9723740E+02     0.4896561E+02
    -0.9723420E+02     0.4894882E+02
    -0.9721672E+02     0.4891873E+02
    -0.9721232E+02     0.4890359E+02
    -0.9719662E+02     0.4889311E+02
    -0.9719639E+02     0.4888121E+02
    -0.9719203E+02     0.4887843E+02
    -0.9718335E+02     0.4887289E+02
    -0.9718335E+02     0.4887289E+02
    -0.9719448E+02     0.4886655E+02
    -0.9718607E+02     0.4886387E+02
    -0.9718262E+02     0.4886277E+02
    -0.9717814E+02     0.4885359E+02
    -0.9718023E+02     0.4885052E+02
    -0.9718845E+02     0.4884646E+02
    -0.9717677E+02     0.4884427E+02
    -0.9717329E+02     0.4884100E+02
    -0.9717331E+02     0.4883482E+02
    -0.9717868E+02     0.4883319E+02
    -0.9718604E+02     0.4883398E+02
    -0.9718668E+02     0.4883029E+02
    -0.9718159E+02     0.4882504E+02
    -0.9718127E+02     0.4882208E+02
    -0.9718341E+02     0.4881946E+02
    -0.9718984E+02     0.4881800E+02
    -0.9719301E+02     0.4881533E+02
    -0.9718579E+02     0.4881270E+02
    -0.9715480E+02     0.4881144E+02
    -0.9716319E+02     0.4880577E+02
    -0.9717445E+02     0.4880088E+02
    -0.9716298E+02     0.4879113E+02
    -0.9715950E+02     0.4878466E+02
    -0.9715285E+02     0.4878085E+02
    -0.9716114E+02     0.4877428E+02
    -0.9715080E+02     0.4876836E+02
    -0.9714973E+02     0.4876498E+02
    -0.9715448E+02     0.4876086E+02
    -0.9715462E+02     0.4875582E+02
    -0.9714928E+02     0.4875126E+02
    -0.9714146E+02     0.4874935E+02
    -0.9713971E+02     0.4874599E+02
    -0.9714480E+02     0.4873866E+02
    -0.9714322E+02     0.4873690E+02
    -0.9713471E+02     0.4873502E+02
    -0.9713267E+02     0.4873214E+02
    -0.9713822E+02     0.4872592E+02
    -0.9713023E+02     0.4871921E+02
    -0.9711440E+02     0.4871034E+02
    -0.9711304E+02     0.4870743E+02
    -0.9712177E+02     0.4870496E+02
    -0.9712346E+02     0.4870144E+02
    -0.9710493E+02     0.4868996E+02
    -0.9709592E+02     0.4868650E+02
    -0.9709577E+02     0.4868513E+02
    -0.9710213E+02     0.4868002E+02
    -0.9710332E+02     0.4867173E+02
    -0.9710823E+02     0.4866600E+02
    -0.9710390E+02     0.4866437E+02
    -0.9710248E+02     0.4866078E+02
    -0.9711127E+02     0.4864938E+02
    -0.9712072E+02     0.4864412E+02
    -0.9711439E+02     0.4863664E+02
    -0.9711527E+02     0.4863202E+02
    -0.9712175E+02     0.4863125E+02
    -0.9712948E+02     0.4863569E+02
    -0.9713358E+02     0.4863527E+02
    -0.9713428E+02     0.4863226E+02
    -0.9712532E+02     0.4862300E+02
    -0.9712462E+02     0.4861877E+02
    -0.9712920E+02     0.4861910E+02
    -0.9713578E+02     0.4862457E+02
    -0.9713834E+02     0.4862339E+02
    -0.9713536E+02     0.4861664E+02
    -0.9713693E+02     0.4861519E+02
    -0.9715040E+02     0.4861524E+02
    -0.9715669E+02     0.4860967E+02
    -0.9715069E+02     0.4860836E+02
    -0.9714080E+02     0.4860952E+02
    -0.9713769E+02     0.4860623E+02
    -0.9714207E+02     0.4860213E+02
    -0.9715710E+02     0.4859752E+02
    -0.9714748E+02     0.4859478E+02
    -0.9714542E+02     0.4859167E+02
    -0.9714890E+02     0.4858235E+02
    -0.9716123E+02     0.4858473E+02
    -0.9716454E+02     0.4858343E+02
    -0.9716424E+02     0.4858070E+02
    -0.9715951E+02     0.4857841E+02
    -0.9715666E+02     0.4857442E+02
    -0.9716027E+02     0.4857249E+02
    -0.9716937E+02     0.4856763E+02
    -0.9717231E+02     0.4856291E+02
    -0.9716642E+02     0.4855953E+02
    -0.9715054E+02     0.4855938E+02
    -0.9714584E+02     0.4855732E+02
    -0.9714343E+02     0.4855423E+02
    -0.9714720E+02     0.4855084E+02
    -0.9716620E+02     0.4855428E+02
    -0.9717018E+02     0.4854974E+02
    -0.9716062E+02     0.4854104E+02
    -0.9714709E+02     0.4853711E+02
    -0.9714457E+02     0.4853289E+02
    -0.9715420E+02     0.4853265E+02
    -0.9715748E+02     0.4853112E+02
    -0.9715808E+02     0.4852720E+02
    -0.9715517E+02     0.4852254E+02
    -0.9715107E+02     0.4851976E+02
    -0.9713697E+02     0.4852318E+02
    -0.9713408E+02     0.4851874E+02
    -0.9713489E+02     0.4851344E+02
    -0.9714828E+02     0.4851302E+02
    -0.9715359E+02     0.4851117E+02
    -0.9715464E+02     0.4850814E+02
    -0.9715216E+02     0.4850437E+02
    -0.9714092E+02     0.4849598E+02
    -0.9714547E+02     0.4848707E+02
    -0.9715009E+02     0.4848524E+02
    -0.9716132E+02     0.4848402E+02
    -0.9716491E+02     0.4847904E+02
    -0.9716003E+02     0.4847538E+02
    -0.9714423E+02     0.4847889E+02
    -0.9713739E+02     0.4847921E+02
    -0.9713293E+02     0.4847622E+02
    -0.9713383E+02     0.4847183E+02
    -0.9714666E+02     0.4847580E+02
    -0.9715018E+02     0.4847013E+02
    -0.9714638E+02     0.4846688E+02
    -0.9713640E+02     0.4846370E+02
    -0.9713483E+02     0.4845874E+02
    -0.9713793E+02     0.4845241E+02
    -0.9715137E+02     0.4844307E+02
    -0.9714768E+02     0.4844073E+02
    -0.9713206E+02     0.4844583E+02
    -0.9712742E+02     0.4844101E+02
    -0.9712751E+02     0.4843552E+02
    -0.9713057E+02     0.4843194E+02
    -0.9713909E+02     0.4843130E+02
    -0.9712663E+02     0.4842411E+02
    -0.9712611E+02     0.4841933E+02
    -0.9713274E+02     0.4842016E+02
    -0.9714175E+02     0.4842408E+02
    -0.9715341E+02     0.4842375E+02
    -0.9715929E+02     0.4842095E+02
    -0.9716068E+02     0.4841790E+02
    -0.9715585E+02     0.4841447E+02
    -0.9714835E+02     0.4841827E+02
    -0.9714282E+02     0.4841808E+02
    -0.9713945E+02     0.4841549E+02
    -0.9713911E+02     0.4840590E+02
    -0.9714184E+02     0.4840256E+02
    -0.9715295E+02     0.4839722E+02
    -0.9716499E+02     0.4839733E+02
    -0.9716955E+02     0.4839505E+02
    -0.9716331E+02     0.4839146E+02
    -0.9716023E+02     0.4838520E+02
    -0.9715423E+02     0.4838366E+02
    -0.9714690E+02     0.4838584E+02
    -0.9714442E+02     0.4838398E+02
    -0.9714317E+02     0.4838305E+02
    -0.9714497E+02     0.4837770E+02
    -0.9714655E+02     0.4837304E+02
    -0.9715143E+02     0.4837052E+02
    -0.9715892E+02     0.4836993E+02
    -0.9716063E+02     0.4836664E+02
    -0.9714920E+02     0.4835941E+02
    -0.9714171E+02     0.4835359E+02
    -0.9714175E+02     0.4835085E+02
    -0.9714641E+02     0.4834627E+02
    -0.9714307E+02     0.4834392E+02
    -0.9713431E+02     0.4834548E+02
    -0.9713082E+02     0.4834176E+02
    -0.9714427E+02     0.4832967E+02
    -0.9714162E+02     0.4832728E+02
    -0.9713108E+02     0.4832824E+02
    -0.9712396E+02     0.4832584E+02
    -0.9712199E+02     0.4832341E+02
    -0.9712479E+02     0.4832076E+02
    -0.9713396E+02     0.4831987E+02
    -0.9713958E+02     0.4831479E+02
    -0.9713719E+02     0.4831170E+02
    -0.9712978E+02     0.4831297E+02
    -0.9712642E+02     0.4831039E+02
    -0.9712934E+02     0.4830567E+02
    -0.9711781E+02     0.4829730E+02
    -0.9712249E+02     0.4829616E+02
    -0.9713143E+02     0.4829962E+02
    -0.9713512E+02     0.4829876E+02
    -0.9713834E+02     0.4829355E+02
    -0.9713891E+02     0.4829263E+02
    -0.9713660E+02     0.4829022E+02
    -0.9713070E+02     0.4828959E+02
    -0.9712634E+02     0.4828728E+02
    -0.9712480E+02     0.4828255E+02
    -0.9712826E+02     0.4827643E+02
    -0.9712691E+02     0.4827353E+02
    -0.9713018E+02     0.4827200E+02
    -0.9713941E+02     0.4827178E+02
    -0.9714725E+02     0.4826820E+02
    -0.9714011E+02     0.4826557E+02
    -0.9713086E+02     0.4826556E+02
    -0.9712820E+02     0.4826316E+02
    -0.9713173E+02     0.4825773E+02
    -0.9713024E+02     0.4825346E+02
    -0.9713251E+02     0.4824900E+02
    -0.9714504E+02     0.4824771E+02
    -0.9715142E+02     0.4824329E+02
    -0.9714672E+02     0.4824099E+02
    -0.9714032E+02     0.4824199E+02
    -0.9713749E+02     0.4823801E+02
    -0.9714236E+02     0.4823549E+02
    -0.9715012E+02     0.4823442E+02
    -0.9714464E+02     0.4823125E+02
    -0.9713216E+02     0.4822980E+02
    -0.9712719E+02     0.4822500E+02
    -0.9713259E+02     0.4822429E+02
    -0.9714368E+02     0.4822558E+02
    -0.9715096E+02     0.4822638E+02
    -0.9715539E+02     0.4822296E+02
    -0.9715140E+02     0.4822086E+02
    -0.9713560E+02     0.4822048E+02
    -0.9712986E+02     0.4821801E+02
    -0.9712685E+02     0.4821220E+02
    -0.9713015E+02     0.4820793E+02
    -0.9713604E+02     0.4821176E+02
    -0.9713920E+02     0.4820932E+02
    -0.9713862E+02     0.4820706E+02
    -0.9714674E+02     0.4819981E+02
    -0.9714850E+02     0.4818439E+02
    -0.9714142E+02     0.4817901E+02
    -0.9714491E+02     0.4817713E+02
    -0.9714491E+02     0.4817713E+02
    -0.9715342E+02     0.4817009E+02
    -0.9714856E+02     0.4815957E+02
    -0.9713302E+02     0.4816144E+02
    -0.9713272E+02     0.4815528E+02
    -0.9714356E+02     0.4814768E+02
    -0.9714358E+02     0.4814127E+02
    -0.9713196E+02     0.4813472E+02
    -0.9712243E+02     0.4810543E+02
    -0.9711170E+02     0.4809746E+02
    -0.9710725E+02     0.4808738E+02
    -0.9710882E+02     0.4807289E+02
    -0.9708412E+02     0.4804842E+02
    -0.9707657E+02     0.4804465E+02
    -0.9706121E+02     0.4804787E+02
    -0.9704641E+02     0.4804329E+02
    -0.9703941E+02     0.4803812E+02
    -0.9703194E+02     0.4802840E+02
    -0.9703317E+02     0.4802377E+02
    -0.9703121E+02     0.4801791E+02
    -0.9701324E+02     0.4800000E+02
    -0.9701324E+02     0.4800000E+02
    -0.9707001E+02     0.4800000E+02
    -0.9707001E+02     0.4800000E+02
    -0.9705972E+02     0.4798781E+02
    -0.9706560E+02     0.4798137E+02
    -0.9706390E+02     0.4797629E+02
    -0.9706917E+02     0.4796869E+02
    -0.9706626E+02     0.4796129E+02
    -0.9705251E+02     0.4795333E+02
    -0.9705201E+02     0.4794556E+02
    -0.9704507E+02     0.4794260E+02
    -0.9704186E+02     0.4793542E+02
    -0.9704063E+02     0.4793265E+02
    -0.9703764E+02     0.4793164E+02
    -0.9702999E+02     0.4789372E+02
    -0.9702564E+02     0.4788765E+02
    -0.9702903E+02     0.4788273E+02
    -0.9702492E+02     0.4787324E+02
    -0.9701518E+02     0.4787157E+02
    -0.9700678E+02     0.4786514E+02
    -0.9700720E+02     0.4784894E+02
    -0.9700015E+02     0.4783776E+02
    -0.9699064E+02     0.4783289E+02
    -0.9699817E+02     0.4782696E+02
    -0.9699664E+02     0.4782440E+02
    -0.9698271E+02     0.4782465E+02
    -0.9697878E+02     0.4782270E+02
    -0.9698215E+02     0.4781801E+02
    -0.9698975E+02     0.4781596E+02
    -0.9699201E+02     0.4781261E+02
    -0.9700045E+02     0.4780830E+02
    -0.9699973E+02     0.4780394E+02
    -0.9698711E+02     0.4779989E+02
    -0.9698547E+02     0.4779413E+02
    -0.9698176E+02     0.4779379E+02
    -0.9697856E+02     0.4779597E+02
    -0.9697346E+02     0.4779604E+02
    -0.9696804E+02     0.4779107E+02
    -0.9696864E+02     0.4778721E+02
    -0.9697533E+02     0.4778354E+02
    -0.9697282E+02     0.4778071E+02
    -0.9696782E+02     0.4778032E+02
    -0.9696337E+02     0.4777996E+02
    -0.9696220E+02     0.4777718E+02
    -0.9694910E+02     0.4776558E+02
    -0.9695052E+02     0.4775969E+02
    -0.9694802E+02     0.4775664E+02
    -0.9693969E+02     0.4775455E+02
    -0.9693952E+02     0.4775203E+02
    -0.9694527E+02     0.4774718E+02
    -0.9694278E+02     0.4774413E+02
    -0.9693842E+02     0.4774331E+02
    -0.9693565E+02     0.4773934E+02
    -0.9693821E+02     0.4773166E+02
    -0.9693759E+02     0.4772592E+02
    -0.9692793E+02     0.4771854E+02
    -0.9693991E+02     0.4771183E+02
    -0.9693874E+02     0.4770928E+02
    -0.9693004E+02     0.4770763E+02
    -0.9692831E+02     0.4770324E+02
    -0.9692299E+02     0.4770193E+02
    -0.9692213E+02     0.4769962E+02
    -0.9693097E+02     0.4769418E+02
    -0.9692986E+02     0.4769072E+02
    -0.9692281E+02     0.4768982E+02
    -0.9691885E+02     0.4768832E+02
    -0.9691624E+02     0.4768184E+02
    -0.9691115E+02     0.4768213E+02
    -0.9690794E+02     0.4767952E+02
    -0.9690636E+02     0.4767307E+02
    -0.9690380E+02     0.4767093E+02
    -0.9689560E+02     0.4767204E+02
    -0.9689442E+02     0.4766949E+02
    -0.9689767E+02     0.4766183E+02
    -0.9689568E+02     0.4765148E+02
    -0.9688972E+02     0.4763987E+02
    -0.9689664E+02     0.4763277E+02
    -0.9688687E+02     0.4762241E+02
    -0.9688564E+02     0.4761574E+02
    -0.9688184E+02     0.4761219E+02
    -0.9687655E+02     0.4761042E+02
    -0.9687112E+02     0.4760591E+02
    -0.9686793E+02     0.4759827E+02
    -0.9687027E+02     0.4758897E+02
    -0.9686639E+02     0.4758153E+02
    -0.9687044E+02     0.4757207E+02
    -0.9686973E+02     0.4756770E+02
    -0.9687834E+02     0.4756524E+02
    -0.9687651E+02     0.4756244E+02
    -0.9687017E+02     0.4756132E+02
    -0.9686168E+02     0.4756196E+02
    -0.9686079E+02     0.4756010E+02
    -0.9686473E+02     0.4755703E+02
    -0.9687122E+02     0.4755587E+02
    -0.9687237E+02     0.4755407E+02
    -0.9686673E+02     0.4754772E+02
    -0.9686565E+02     0.4754380E+02
    -0.9685580E+02     0.4753983E+02
    -0.9685907E+02     0.4753651E+02
    -0.9687487E+02     0.4753747E+02
    -0.9687675E+02     0.4753479E+02
    -0.9687437E+02     0.4753014E+02
    -0.9687775E+02     0.4752423E+02
    -0.9687821E+02     0.4752341E+02
    -0.9687691E+02     0.4751788E+02
    -0.9687177E+02     0.4751406E+02
    -0.9685893E+02     0.4751434E+02
    -0.9685500E+02     0.4751261E+02
    -0.9686205E+02     0.4750826E+02
    -0.9685995E+02     0.4750454E+02
    -0.9685407E+02     0.4750183E+02
    -0.9686343E+02     0.4749825E+02
    -0.9686229E+02     0.4749525E+02
    -0.9686420E+02     0.4749211E+02
    -0.9687163E+02     0.4748709E+02
    -0.9687049E+02     0.4748408E+02
    -0.9686597E+02     0.4748119E+02
    -0.9687611E+02     0.4747604E+02
    -0.9686354E+02     0.4747243E+02
    -0.9686167E+02     0.4747031E+02
    -0.9686246E+02     0.4745891E+02
    -0.9686847E+02     0.4745499E+02
    -0.9686275E+02     0.4745000E+02
    -0.9686845E+02     0.4743579E+02
    -0.9686053E+02     0.4742868E+02
    -0.9687130E+02     0.4742400E+02
    -0.9686819E+02     0.4742024E+02
    -0.9687072E+02     0.4741781E+02
    -0.9687717E+02     0.4741710E+02
    -0.9687899E+02     0.4741510E+02
    -0.9687549E+02     0.4741225E+02
    -0.9686810E+02     0.4741178E+02
    -0.9685762E+02     0.4740755E+02
    -0.9684977E+02     0.4740747E+02
    -0.9684931E+02     0.4740591E+02
    -0.9685599E+02     0.4740202E+02
    -0.9685520E+02     0.4739879E+02
    -0.9684861E+02     0.4739675E+02
    -0.9684771E+02     0.4739512E+02
    -0.9685513E+02     0.4739010E+02
    -0.9684876E+02     0.4738487E+02
    -0.9685479E+02     0.4737569E+02
    -0.9685387E+02     0.4736949E+02
    -0.9684718E+02     0.4736905E+02
    -0.9684561E+02     0.4736739E+02
    -0.9684881E+02     0.4736498E+02
    -0.9685693E+02     0.4736433E+02
    -0.9686012E+02     0.4736215E+02
    -0.9685532E+02     0.4735857E+02
    -0.9684538E+02     0.4735619E+02
    -0.9684563E+02     0.4735254E+02
    -0.9685184E+02     0.4735045E+02
    -0.9685379E+02     0.4734663E+02
    -0.9685320E+02     0.4734067E+02
    -0.9684563E+02     0.4733334E+02
    -0.9684682E+02     0.4733086E+02
    -0.9685171E+02     0.4732827E+02
    -0.9685088E+02     0.4732573E+02
    -0.9684269E+02     0.4732249E+02
    -0.9684299E+02     0.4731816E+02
    -0.9684665E+02     0.4731394E+02
    -0.9684460E+02     0.4730953E+02
    -0.9683793E+02     0.4730405E+02
    -0.9683762E+02     0.4729879E+02
    -0.9684481E+02     0.4728736E+02
    -0.9684106E+02     0.4727375E+02
    -0.9684724E+02     0.4726709E+02
    -0.9683928E+02     0.4726066E+02
    -0.9684479E+02     0.4725879E+02
    -0.9684702E+02     0.4725566E+02
    -0.9684795E+02     0.4724723E+02
    -0.9684270E+02     0.4724546E+02
    -0.9684387E+02     0.4723818E+02
    -0.9684086E+02     0.4723328E+02
    -0.9684863E+02     0.4722782E+02
    -0.9684488E+02     0.4722381E+02
    -0.9684775E+02     0.4722116E+02
    -0.9684109E+02     0.4721545E+02
    -0.9684317E+02     0.4720981E+02
    -0.9684083E+02     0.4720493E+02
    -0.9683562E+02     0.4720247E+02
    -0.9683918E+02     0.4719962E+02
    -0.9684704E+02     0.4719759E+02
    -0.9684962E+02     0.4719424E+02
    -0.9684784E+02     0.4719098E+02
    -0.9683842E+02     0.4719136E+02
    -0.9683725E+02     0.4718881E+02
    -0.9684293E+02     0.4718442E+02
    -0.9684135E+02     0.4718300E+02
    -0.9683566E+02     0.4718281E+02
    -0.9683352E+02     0.4717977E+02
    -0.9683725E+02     0.4717485E+02
    -0.9683943E+02     0.4717196E+02
    -0.9683505E+02     0.4716747E+02
    -0.9683605E+02     0.4715790E+02
    -0.9683829E+02     0.4715477E+02
    -0.9684309E+02     0.4715310E+02
    -0.9684435E+02     0.4714949E+02
    -0.9683744E+02     0.4714286E+02
    -0.9683838E+02     0.4713900E+02
    -0.9683575E+02     0.4713343E+02
    -0.9683788E+02     0.4712207E+02
    -0.9682585E+02     0.4710246E+02
    -0.9682848E+02     0.4709363E+02
    -0.9683381E+02     0.4708923E+02
    -0.9682700E+02     0.4708604E+02
    -0.9683375E+02     0.4707574E+02
    -0.9682588E+02     0.4707320E+02
    -0.9682507E+02     0.4707043E+02
    -0.9682975E+02     0.4706097E+02
    -0.9683529E+02     0.4705841E+02
    -0.9683031E+02     0.4705299E+02
    -0.9683212E+02     0.4704619E+02
    -0.9682686E+02     0.4704007E+02
    -0.9682632E+02     0.4703342E+02
    -0.9683061E+02     0.4702945E+02
    -0.9682430E+02     0.4702398E+02
    -0.9682681E+02     0.4702155E+02
    -0.9683055E+02     0.4702076E+02
    -0.9683710E+02     0.4701800E+02
    -0.9684151E+02     0.4701220E+02
    -0.9683889E+02     0.4700182E+02
    -0.9683600E+02     0.4700013E+02
    -0.9682455E+02     0.4700135E+02
    -0.9682132E+02     0.4699964E+02
    -0.9682051E+02     0.4699687E+02
    -0.9682407E+02     0.4698898E+02
    -0.9682220E+02     0.4697749E+02
    -0.9682535E+02     0.4697073E+02
    -0.9682363E+02     0.4696656E+02
    -0.9681785E+02     0.4696317E+02
    -0.9680927E+02     0.4696174E+02
    -0.9680232E+02     0.4696540E+02
    -0.9679695E+02     0.4696568E+02
    -0.9679442E+02     0.4696376E+02
    -0.9679430E+02     0.4696056E+02
    -0.9680087E+02     0.4695589E+02
    -0.9680169E+02     0.4695531E+02
    -0.9680431E+02     0.4694648E+02
    -0.9680225E+02     0.4694252E+02
    -0.9679890E+02     0.4694264E+02
    -0.9679604E+02     0.4694072E+02
    -0.9679417E+02     0.4692922E+02
    -0.9678860E+02     0.4692286E+02
    -0.9678530E+02     0.4692229E+02
    -0.9677850E+02     0.4692870E+02
    -0.9677236E+02     0.4693055E+02
    -0.9676400E+02     0.4693073E+02
    -0.9676244E+02     0.4691513E+02
    -0.9676817E+02     0.4690480E+02
    -0.9677715E+02     0.4690052E+02
    -0.9677481E+02     0.4689587E+02
    -0.9677675E+02     0.4689205E+02
    -0.9677437E+02     0.4688328E+02
    -0.9676942E+02     0.4687762E+02
    -0.9677058E+02     0.4687537E+02
    -0.9677928E+02     0.4687566E+02
    -0.9678191E+02     0.4687575E+02
    -0.9678484E+02     0.4686716E+02
    -0.9678415E+02     0.4686279E+02
    -0.9678710E+02     0.4685877E+02
    -0.9678348E+02     0.4685339E+02
    -0.9678693E+02     0.4684710E+02
    -0.9677946E+02     0.4683930E+02
    -0.9678227E+02     0.4683734E+02
    -0.9678766E+02     0.4683661E+02
    -0.9679236E+02     0.4682669E+02
    -0.9679675E+02     0.4682592E+02
    -0.9679821E+02     0.4681454E+02
    -0.9680473E+02     0.4680240E+02
    -0.9680473E+02     0.4679760E+02
    -0.9679996E+02     0.4679424E+02
    -0.9679961E+02     0.4678988E+02
    -0.9679619E+02     0.4678633E+02
    -0.9680121E+02     0.4678124E+02
    -0.9679424E+02     0.4677598E+02
    -0.9679115E+02     0.4676787E+02
    -0.9678825E+02     0.4676183E+02
    -0.9679215E+02     0.4675830E+02
    -0.9679346E+02     0.4675399E+02
    -0.9679030E+02     0.4674680E+02
    -0.9679179E+02     0.4673975E+02
    -0.9678819E+02     0.4672934E+02
    -0.9679148E+02     0.4672511E+02
    -0.9679136E+02     0.4672213E+02
    -0.9679792E+02     0.4671869E+02
    -0.9679427E+02     0.4671376E+02
    -0.9679362E+02     0.4670893E+02
    -0.9679915E+02     0.4670592E+02
    -0.9679462E+02     0.4669936E+02
    -0.9679576E+02     0.4669254E+02
    -0.9679334E+02     0.4668902E+02
    -0.9679885E+02     0.4668166E+02
    -0.9680395E+02     0.4668000E+02
    -0.9680165E+02     0.4667008E+02
    -0.9680777E+02     0.4665862E+02
    -0.9680554E+02     0.4665491E+02
    -0.9679794E+02     0.4664228E+02
    -0.9680053E+02     0.4663847E+02
    -0.9678771E+02     0.4662226E+02
    -0.9678580E+02     0.4661625E+02
    -0.9678041E+02     0.4661264E+02
    -0.9678188E+02     0.4660582E+02
    -0.9677842E+02     0.4660319E+02
    -0.9678044E+02     0.4659800E+02
    -0.9677293E+02     0.4659614E+02
    -0.9676888E+02     0.4659235E+02
    -0.9676700E+02     0.4658611E+02
    -0.9676147E+02     0.4658455E+02
    -0.9675899E+02     0.4658195E+02
    -0.9675979E+02     0.4657534E+02
    -0.9675085E+02     0.4656565E+02
    -0.9675849E+02     0.4655608E+02
    -0.9674865E+02     0.4654979E+02
    -0.9675163E+02     0.4654509E+02
    -0.9674732E+02     0.4654037E+02
    -0.9674955E+02     0.4653701E+02
    -0.9674701E+02     0.4652594E+02
    -0.9674424E+02     0.4652288E+02
    -0.9674693E+02     0.4651770E+02
    -0.9674383E+02     0.4651463E+02
    -0.9674559E+02     0.4650851E+02
    -0.9674254E+02     0.4650474E+02
    -0.9674726E+02     0.4649895E+02
    -0.9674095E+02     0.4649439E+02
    -0.9673972E+02     0.4648840E+02
    -0.9674124E+02     0.4648090E+02
    -0.9673785E+02     0.4647736E+02
    -0.9672883E+02     0.4647362E+02
    -0.9672486E+02     0.4647348E+02
    -0.9672311E+02     0.4647022E+02
    -0.9672905E+02     0.4646584E+02
    -0.9672784E+02     0.4646420E+02
    -0.9672050E+02     0.4646487E+02
    -0.9671793E+02     0.4645906E+02
    -0.9671864E+02     0.4645382E+02
    -0.9672276E+02     0.4644709E+02
    -0.9672216E+02     0.4644634E+02
    -0.9672033E+02     0.4644404E+02
    -0.9671791E+02     0.4644075E+02
    -0.9672018E+02     0.4643671E+02
    -0.9671836E+02     0.4643436E+02
    -0.9671027E+02     0.4643637E+02
    -0.9670568E+02     0.4642180E+02
    -0.9670190E+02     0.4641915E+02
    -0.9670187E+02     0.4641480E+02
    -0.9669434E+02     0.4641363E+02
    -0.9668955E+02     0.4640660E+02
    -0.9668288E+02     0.4640271E+02
    -0.9666714E+02     0.4637310E+02
    -0.9666321E+02     0.4636793E+02
    -0.9665207E+02     0.4636182E+02
    -0.9665166E+02     0.4635838E+02
    -0.9665484E+02     0.4635551E+02
    -0.9665269E+02     0.4635315E+02
    -0.9663858E+02     0.4635178E+02
    -0.9663431E+02     0.4635136E+02
    -0.9662538E+02     0.4634670E+02
    -0.9662427E+02     0.4633934E+02
    -0.9661416E+02     0.4633281E+02
    -0.9660577E+02     0.4632084E+02
    -0.9660566E+02     0.4631329E+02
    -0.9660931E+02     0.4630403E+02
    -0.9660732E+02     0.4629961E+02
    -0.9661108E+02     0.4629333E+02
    -0.9661049E+02     0.4628782E+02
    -0.9660392E+02     0.4627821E+02
    -0.9660500E+02     0.4627252E+02
    -0.9660285E+02     0.4627016E+02
    -0.9660688E+02     0.4626480E+02
    -0.9660168E+02     0.4625913E+02
    -0.9660285E+02     0.4625208E+02
    -0.9659985E+02     0.4624785E+02
    -0.9660552E+02     0.4624256E+02
    -0.9660582E+02     0.4623845E+02
    -0.9660159E+02     0.4621495E+02
    -0.9659563E+02     0.4621062E+02
    -0.9659315E+02     0.4619955E+02
    -0.9659933E+02     0.4619152E+02
    -0.9659737E+02     0.4618230E+02
    -0.9659601E+02     0.4617836E+02
    -0.9658836E+02     0.4617466E+02
    -0.9658506E+02     0.4617019E+02
    -0.9658238E+02     0.4615728E+02
    -0.9658340E+02     0.4615482E+02
    -0.9658558E+02     0.4614960E+02
    -0.9657800E+02     0.4614064E+02
    -0.9657934E+02     0.4612672E+02
    -0.9656538E+02     0.4611501E+02
    -0.9656596E+02     0.4610691E+02
    -0.9656625E+02     0.4610314E+02
    -0.9656396E+02     0.4608932E+02
    -0.9656666E+02     0.4606149E+02
    -0.9657079E+02     0.4604996E+02
    -0.9658195E+02     0.4603662E+02
    -0.9658549E+02     0.4602874E+02
    -0.9658126E+02     0.4601004E+02
    -0.9658102E+02     0.4598623E+02
    -0.9658068E+02     0.4598441E+02
    -0.9657747E+02     0.4596732E+02
    -0.9656784E+02     0.4595073E+02
    -0.9656670E+02     0.4593947E+02
    -0.9657138E+02     0.4593206E+02
    -0.9657138E+02     0.4593206E+02
    -0.9660954E+02     0.4593219E+02
    -0.9678991E+02     0.4593262E+02
    -0.9697028E+02     0.4593278E+02
    -0.9715064E+02     0.4593266E+02
    -0.9733101E+02     0.4593227E+02
    -0.9751137E+02     0.4593160E+02
    -0.9762457E+02     0.4593104E+02
    -0.9769173E+02     0.4593152E+02
    -0.9787208E+02     0.4593262E+02
    -0.9805244E+02     0.4593344E+02
    -0.9813139E+02     0.4593303E+02
    -0.9831174E+02     0.4593191E+02
    -0.9835102E+02     0.4593163E+02
    -0.9849209E+02     0.4593312E+02
    -0.9867244E+02     0.4593479E+02
    -0.9885281E+02     0.4593618E+02
    -0.9888685E+02     0.4593641E+02
    -0.9903318E+02     0.4593678E+02
    -0.9921356E+02     0.4593698E+02
    -0.9939394E+02     0.4593690E+02
    -0.9957432E+02     0.4593656E+02
    -0.9975469E+02     0.4593593E+02
    -0.9979176E+02     0.4593634E+02
    -0.9997211E+02     0.4593818E+02
    -0.1000000E+03     0.4593842E+02
    -0.1001525E+03     0.4593973E+02
    -0.1003329E+03     0.4594101E+02
    -0.1005133E+03     0.4594202E+02
    -0.1006936E+03     0.4594275E+02
    -0.1008740E+03     0.4594321E+02
    -0.1010544E+03     0.4594339E+02
    -0.1012348E+03     0.4594330E+02
    -0.1014152E+03     0.4594293E+02
    -0.1015956E+03     0.4594228E+02
    -0.1017760E+03     0.4594136E+02
    -0.1019564E+03     0.4594017E+02
    -0.1021368E+03     0.4593869E+02
    -0.1023171E+03     0.4593695E+02
    -0.1023868E+03     0.4593620E+02
    -0.1024113E+03     0.4594225E+02
    -0.1024960E+03     0.4594267E+02
    -0.1026764E+03     0.4594338E+02
    -0.1028568E+03     0.4594381E+02
    -0.1030372E+03     0.4594397E+02
    -0.1031449E+03     0.4594409E+02
    -0.1033253E+03     0.4594407E+02
    -0.1035057E+03     0.4594379E+02
    -0.1036861E+03     0.4594322E+02
    -0.1038665E+03     0.4594238E+02
    -0.1040468E+03     0.4594127E+02
    -0.1040468E+03     0.4600172E+02
    -0.1040468E+03     0.4612745E+02
    -0.1040468E+03     0.4625317E+02
    -0.1040469E+03     0.4637887E+02
    -0.1040469E+03     0.4650456E+02
    -0.1040469E+03     0.4663023E+02
    -0.1040469E+03     0.4675589E+02
    -0.1040469E+03     0.4688153E+02
    -0.1040469E+03     0.4700716E+02
    -0.1040469E+03     0.4713277E+02
    -0.1040469E+03     0.4725835E+02
    -0.1040469E+03     0.4738393E+02
    -0.1040469E+03     0.4750948E+02
    -0.1040469E+03     0.4763501E+02
    -0.1040469E+03     0.4776052E+02
    -0.1040469E+03     0.4788601E+02
    -0.1040469E+03     0.4800000E+02
    -0.1040310E+03     0.4836279E+02
    -0.1040295E+03     0.4848827E+02
    -0.1040281E+03     0.4861376E+02
    -0.1040266E+03     0.4873926E+02
    -0.1040252E+03     0.4886477E+02
    -0.1040237E+03     0.4899030E+02
END
END
