ohio
1
    -0.8191823E+02     0.4167811E+02
    -0.8307018E+02     0.4186406E+02
    -0.8302479E+02     0.4184238E+02
    -0.8288299E+02     0.4177443E+02
    -0.8274150E+02     0.4170631E+02
    -0.8268261E+02     0.4167785E+02
    -0.8258461E+02     0.4167725E+02
    -0.8241654E+02     0.4167603E+02
    -0.8241030E+02     0.4167598E+02
    -0.8227067E+02     0.4173737E+02
    -0.8212537E+02     0.4180094E+02
    -0.8197976E+02     0.4186433E+02
    -0.8183385E+02     0.4192752E+02
    -0.8183308E+02     0.4192785E+02
    -0.8169162E+02     0.4199539E+02
    -0.8154910E+02     0.4206311E+02
    -0.8140894E+02     0.4213371E+02
    -0.8126847E+02     0.4220412E+02
    -0.8124714E+02     0.4221479E+02
    -0.8110599E+02     0.4223544E+02
    -0.8093948E+02     0.4225956E+02
    -0.8077284E+02     0.4228342E+02
    -0.8060608E+02     0.4230703E+02
    -0.8051260E+02     0.4232015E+02
    -0.8051260E+02     0.4232015E+02
    -0.8051575E+02     0.4219424E+02
    -0.8051627E+02     0.4197527E+02
    -0.8051627E+02     0.4197527E+02
    -0.8052140E+02     0.4197275E+02
    -0.8052415E+02     0.4197194E+02
    -0.8054619E+02     0.4196542E+02
    -0.8059373E+02     0.4194861E+02
    -0.8062091E+02     0.4194204E+02
    -0.8062554E+02     0.4194175E+02
    -0.8063148E+02     0.4194494E+02
    -0.8064496E+02     0.4194566E+02
    -0.8065649E+02     0.4194333E+02
    -0.8068600E+02     0.4193385E+02
    -0.8070165E+02     0.4192712E+02
    -0.8070274E+02     0.4192665E+02
    -0.8072504E+02     0.4192401E+02
    -0.8074413E+02     0.4191850E+02
    -0.8077928E+02     0.4191171E+02
    -0.8079270E+02     0.4191333E+02
    -0.8079804E+02     0.4191145E+02
    -0.8081876E+02     0.4190336E+02
    -0.8087075E+02     0.4188302E+02
    -0.8089349E+02     0.4187257E+02
    -0.8091941E+02     0.4187047E+02
    -0.8094035E+02     0.4186430E+02
    -0.8096990E+02     0.4186300E+02
    -0.8097478E+02     0.4186203E+02
    -0.8099972E+02     0.4185711E+02
    -0.8107122E+02     0.4183608E+02
    -0.8109940E+02     0.4182622E+02
    -0.8112993E+02     0.4181378E+02
    -0.8115780E+02     0.4180241E+02
    -0.8116922E+02     0.4179567E+02
    -0.8119795E+02     0.4178626E+02
    -0.8122913E+02     0.4177119E+02
    -0.8124442E+02     0.4176640E+02
    -0.8126269E+02     0.4176283E+02
    -0.8128080E+02     0.4176225E+02
    -0.8128281E+02     0.4176460E+02
    -0.8129019E+02     0.4176414E+02
    -0.8130896E+02     0.4175142E+02
    -0.8139592E+02     0.4170567E+02
    -0.8141487E+02     0.4169292E+02
    -0.8144254E+02     0.4167427E+02
    -0.8145653E+02     0.4166414E+02
    -0.8146077E+02     0.4165963E+02
    -0.8146850E+02     0.4165142E+02
    -0.8149440E+02     0.4162926E+02
    -0.8153205E+02     0.4161613E+02
    -0.8154375E+02     0.4160844E+02
    -0.8157796E+02     0.4157801E+02
    -0.8158297E+02     0.4157749E+02
    -0.8158655E+02     0.4157711E+02
    -0.8159007E+02     0.4157377E+02
    -0.8158819E+02     0.4156868E+02
    -0.8162655E+02     0.4154614E+02
    -0.8163204E+02     0.4154607E+02
    -0.8164056E+02     0.4154057E+02
    -0.8164194E+02     0.4153717E+02
    -0.8165437E+02     0.4153270E+02
    -0.8166099E+02     0.4152830E+02
    -0.8166923E+02     0.4152830E+02
    -0.8168081E+02     0.4152219E+02
    -0.8168978E+02     0.4151969E+02
    -0.8169157E+02     0.4151401E+02
    -0.8169862E+02     0.4151351E+02
    -0.8170782E+02     0.4150799E+02
    -0.8172782E+02     0.4149597E+02
    -0.8173421E+02     0.4149614E+02
    -0.8173804E+02     0.4149257E+02
    -0.8174432E+02     0.4149526E+02
    -0.8176562E+02     0.4149651E+02
    -0.8179369E+02     0.4150297E+02
    -0.8180312E+02     0.4150345E+02
    -0.8182285E+02     0.4149892E+02
    -0.8183942E+02     0.4149682E+02
    -0.8184808E+02     0.4149407E+02
    -0.8186308E+02     0.4149205E+02
    -0.8186527E+02     0.4149176E+02
    -0.8188084E+02     0.4149123E+02
    -0.8191645E+02     0.4149305E+02
    -0.8192829E+02     0.4149426E+02
    -0.8193973E+02     0.4149775E+02
    -0.8195733E+02     0.4150689E+02
    -0.8198226E+02     0.4151597E+02
    -0.8202103E+02     0.4151530E+02
    -0.8202287E+02     0.4151487E+02
    -0.8209591E+02     0.4149737E+02
    -0.8213982E+02     0.4148235E+02
    -0.8216811E+02     0.4147636E+02
    -0.8217960E+02     0.4147135E+02
    -0.8219041E+02     0.4146747E+02
    -0.8219983E+02     0.4146058E+02
    -0.8224764E+02     0.4143805E+02
    -0.8226154E+02     0.4143331E+02
    -0.8229745E+02     0.4142607E+02
    -0.8233086E+02     0.4142736E+02
    -0.8233761E+02     0.4142762E+02
    -0.8235881E+02     0.4142257E+02
    -0.8239742E+02     0.4141164E+02
    -0.8240405E+02     0.4140976E+02
    -0.8242198E+02     0.4140211E+02
    -0.8244531E+02     0.4138816E+02
    -0.8246531E+02     0.4138214E+02
    -0.8248941E+02     0.4138056E+02
    -0.8251216E+02     0.4138284E+02
    -0.8252935E+02     0.4138753E+02
    -0.8254778E+02     0.4139768E+02
    -0.8255476E+02     0.4140153E+02
    -0.8257168E+02     0.4140551E+02
    -0.8259805E+02     0.4142731E+02
    -0.8262617E+02     0.4144341E+02
    -0.8264345E+02     0.4145540E+02
    -0.8267161E+02     0.4147982E+02
    -0.8267934E+02     0.4148651E+02
    -0.8268641E+02     0.4148458E+02
    -0.8268987E+02     0.4148120E+02
    -0.8267404E+02     0.4147084E+02
    -0.8266792E+02     0.4146226E+02
    -0.8265503E+02     0.4145538E+02
    -0.8263156E+02     0.4143663E+02
    -0.8262342E+02     0.4143419E+02
    -0.8260616E+02     0.4142173E+02
    -0.8259323E+02     0.4141668E+02
    -0.8258652E+02     0.4140993E+02
    -0.8258556E+02     0.4140898E+02
    -0.8258954E+02     0.4140860E+02
    -0.8262138E+02     0.4142179E+02
    -0.8262370E+02     0.4142572E+02
    -0.8263158E+02     0.4142678E+02
    -0.8263939E+02     0.4143014E+02
    -0.8264474E+02     0.4143436E+02
    -0.8264990E+02     0.4143468E+02
    -0.8265015E+02     0.4143652E+02
    -0.8264550E+02     0.4143895E+02
    -0.8264667E+02     0.4144057E+02
    -0.8264967E+02     0.4144223E+02
    -0.8266035E+02     0.4144151E+02
    -0.8266486E+02     0.4144342E+02
    -0.8265921E+02     0.4144859E+02
    -0.8266279E+02     0.4145094E+02
    -0.8267594E+02     0.4144935E+02
    -0.8268446E+02     0.4144996E+02
    -0.8269801E+02     0.4145478E+02
    -0.8270665E+02     0.4145265E+02
    -0.8271613E+02     0.4145029E+02
    -0.8272666E+02     0.4144476E+02
    -0.8274281E+02     0.4144504E+02
    -0.8276189E+02     0.4144880E+02
    -0.8278787E+02     0.4146619E+02
    -0.8279572E+02     0.4146862E+02
    -0.8280332E+02     0.4146920E+02
    -0.8280672E+02     0.4146766E+02
    -0.8281117E+02     0.4146155E+02
    -0.8281844E+02     0.4146305E+02
    -0.8282214E+02     0.4146151E+02
    -0.8282697E+02     0.4145266E+02
    -0.8283693E+02     0.4144549E+02
    -0.8284240E+02     0.4144310E+02
    -0.8285359E+02     0.4143821E+02
    -0.8286819E+02     0.4143914E+02
    -0.8292188E+02     0.4141458E+02
    -0.8293373E+02     0.4141522E+02
    -0.8295057E+02     0.4142327E+02
    -0.8295886E+02     0.4143187E+02
    -0.8296578E+02     0.4144617E+02
    -0.8297512E+02     0.4145021E+02
    -0.8297512E+02     0.4145021E+02
    -0.8297662E+02     0.4146237E+02
    -0.8297662E+02     0.4146237E+02
    -0.8296923E+02     0.4146523E+02
    -0.8295720E+02     0.4148199E+02
    -0.8293727E+02     0.4148603E+02
    -0.8292477E+02     0.4148630E+02
    -0.8290167E+02     0.4148341E+02
    -0.8288489E+02     0.4148429E+02
    -0.8287260E+02     0.4148642E+02
    -0.8286313E+02     0.4148806E+02
    -0.8283937E+02     0.4149797E+02
    -0.8283114E+02     0.4149784E+02
    -0.8281544E+02     0.4149254E+02
    -0.8280641E+02     0.4149880E+02
    -0.8279965E+02     0.4150051E+02
    -0.8278257E+02     0.4150068E+02
    -0.8275824E+02     0.4149844E+02
    -0.8274490E+02     0.4150622E+02
    -0.8273057E+02     0.4150597E+02
    -0.8272028E+02     0.4150327E+02
    -0.8271870E+02     0.4150222E+02
    -0.8270923E+02     0.4149598E+02
    -0.8270700E+02     0.4149891E+02
    -0.8271334E+02     0.4151070E+02
    -0.8270672E+02     0.4152753E+02
    -0.8270721E+02     0.4153121E+02
    -0.8271191E+02     0.4153702E+02
    -0.8271733E+02     0.4153940E+02
    -0.8274628E+02     0.4154082E+02
    -0.8275424E+02     0.4153959E+02
    -0.8276970E+02     0.4153298E+02
    -0.8279272E+02     0.4152834E+02
    -0.8280390E+02     0.4152745E+02
    -0.8280465E+02     0.4152739E+02
    -0.8281007E+02     0.4153000E+02
    -0.8281149E+02     0.4153346E+02
    -0.8280862E+02     0.4153777E+02
    -0.8279957E+02     0.4154448E+02
    -0.8279470E+02     0.4154394E+02
    -0.8277999E+02     0.4153568E+02
    -0.8277632E+02     0.4153608E+02
    -0.8280429E+02     0.4155991E+02
    -0.8281561E+02     0.4155918E+02
    -0.8281843E+02     0.4155671E+02
    -0.8282027E+02     0.4154620E+02
    -0.8282497E+02     0.4154170E+02
    -0.8282396E+02     0.4153459E+02
    -0.8282649E+02     0.4153165E+02
    -0.8283599E+02     0.4153020E+02
    -0.8284092E+02     0.4152772E+02
    -0.8284961E+02     0.4152333E+02
    -0.8285975E+02     0.4152098E+02
    -0.8286400E+02     0.4152151E+02
    -0.8286181E+02     0.4152353E+02
    -0.8285321E+02     0.4152545E+02
    -0.8284480E+02     0.4153150E+02
    -0.8283433E+02     0.4153476E+02
    -0.8283057E+02     0.4153836E+02
    -0.8283260E+02     0.4154160E+02
    -0.8283926E+02     0.4154377E+02
    -0.8283921E+02     0.4154538E+02
    -0.8282652E+02     0.4155135E+02
    -0.8281538E+02     0.4156696E+02
    -0.8282626E+02     0.4158134E+02
    -0.8282963E+02     0.4159125E+02
    -0.8283144E+02     0.4159196E+02
    -0.8283550E+02     0.4158480E+02
    -0.8283595E+02     0.4158402E+02
    -0.8284298E+02     0.4158368E+02
    -0.8285480E+02     0.4157632E+02
    -0.8285525E+02     0.4157129E+02
    -0.8285011E+02     0.4155906E+02
    -0.8285188E+02     0.4155062E+02
    -0.8285860E+02     0.4153951E+02
    -0.8287523E+02     0.4152352E+02
    -0.8288051E+02     0.4152017E+02
    -0.8289342E+02     0.4151648E+02
    -0.8292400E+02     0.4151376E+02
    -0.8293664E+02     0.4150893E+02
    -0.8293664E+02     0.4150893E+02
    -0.8294592E+02     0.4151525E+02
    -0.8294592E+02     0.4151525E+02
    -0.8294917E+02     0.4151920E+02
    -0.8298422E+02     0.4153141E+02
    -0.8299455E+02     0.4153294E+02
    -0.8301139E+02     0.4154235E+02
    -0.8302933E+02     0.4155682E+02
    -0.8305454E+02     0.4158490E+02
    -0.8305796E+02     0.4158760E+02
    -0.8307101E+02     0.4159796E+02
    -0.8309453E+02     0.4160997E+02
    -0.8310391E+02     0.4161331E+02
    -0.8311772E+02     0.4161076E+02
    -0.8312930E+02     0.4161184E+02
    -0.8315508E+02     0.4161998E+02
    -0.8317666E+02     0.4162439E+02
    -0.8318240E+02     0.4162721E+02
    -0.8320800E+02     0.4163356E+02
    -0.8321460E+02     0.4163520E+02
    -0.8322253E+02     0.4163576E+02
    -0.8323087E+02     0.4163174E+02
    -0.8324062E+02     0.4163301E+02
    -0.8324300E+02     0.4163602E+02
    -0.8324021E+02     0.4163782E+02
    -0.8324319E+02     0.4164129E+02
    -0.8324068E+02     0.4164378E+02
    -0.8323062E+02     0.4164273E+02
    -0.8322996E+02     0.4164502E+02
    -0.8326324E+02     0.4166032E+02
    -0.8330273E+02     0.4168555E+02
    -0.8331181E+02     0.4169028E+02
    -0.8333328E+02     0.4170149E+02
    -0.8333814E+02     0.4170315E+02
    -0.8333679E+02     0.4169489E+02
    -0.8333807E+02     0.4169239E+02
    -0.8334705E+02     0.4168723E+02
    -0.8335290E+02     0.4168501E+02
    -0.8337495E+02     0.4168366E+02
    -0.8341064E+02     0.4168773E+02
    -0.8342221E+02     0.4169061E+02
    -0.8343108E+02     0.4169048E+02
    -0.8343921E+02     0.4169698E+02
    -0.8345179E+02     0.4169506E+02
    -0.8345179E+02     0.4169506E+02
    -0.8346175E+02     0.4170226E+02
    -0.8346175E+02     0.4170226E+02
    -0.8345871E+02     0.4171689E+02
    -0.8344939E+02     0.4172388E+02
    -0.8344621E+02     0.4173049E+02
    -0.8344702E+02     0.4173577E+02
    -0.8345032E+02     0.4173970E+02
    -0.8345369E+02     0.4173951E+02
    -0.8346258E+02     0.4173370E+02
    -0.8347305E+02     0.4173491E+02
    -0.8347283E+02     0.4173563E+02
    -0.8347283E+02     0.4173563E+02
    -0.8344926E+02     0.4174573E+02
    -0.8342558E+02     0.4173117E+02
    -0.8340994E+02     0.4173550E+02
    -0.8307018E+02     0.4186406E+02
END
2

    -0.8280810E+02     0.4166853E+02
    -0.8280257E+02     0.4166935E+02
    -0.8279747E+02     0.4167636E+02
    -0.8279476E+02     0.4168502E+02
    -0.8279097E+02     0.4168908E+02
    -0.8278237E+02     0.4169031E+02
    -0.8277488E+02     0.4169522E+02
    -0.8277635E+02     0.4169707E+02
    -0.8278370E+02     0.4169697E+02
    -0.8280199E+02     0.4168880E+02
    -0.8281115E+02     0.4168942E+02
    -0.8281398E+02     0.4168672E+02
    -0.8280810E+02     0.4166853E+02
END
3

    -0.8283631E+02     0.4162388E+02
    -0.8282623E+02     0.4162394E+02
    -0.8280924E+02     0.4164014E+02
    -0.8279680E+02     0.4164750E+02
    -0.8279382E+02     0.4165500E+02
    -0.8278908E+02     0.4166042E+02
    -0.8279056E+02     0.4166205E+02
    -0.8279540E+02     0.4166350E+02
    -0.8280634E+02     0.4165590E+02
    -0.8280954E+02     0.4165091E+02
    -0.8281656E+02     0.4165126E+02
    -0.8282221E+02     0.4165639E+02
    -0.8283899E+02     0.4164728E+02
    -0.8283416E+02     0.4163461E+02
    -0.8283842E+02     0.4162691E+02
    -0.8283868E+02     0.4162643E+02
    -0.8283631E+02     0.4162388E+02
END
4

    -0.8269064E+02     0.4158290E+02
    -0.8268133E+02     0.4158754E+02
    -0.8267349E+02     0.4159381E+02
    -0.8267377E+02     0.4160435E+02
    -0.8266628E+02     0.4161865E+02
    -0.8266714E+02     0.4162049E+02
    -0.8267113E+02     0.4162011E+02
    -0.8268062E+02     0.4160975E+02
    -0.8268525E+02     0.4160823E+02
    -0.8269225E+02     0.4160904E+02
    -0.8270429E+02     0.4161475E+02
    -0.8270946E+02     0.4161576E+02
    -0.8271501E+02     0.4161402E+02
    -0.8272056E+02     0.4160244E+02
    -0.8272852E+02     0.4160212E+02
    -0.8272951E+02     0.4159962E+02
    -0.8272654E+02     0.4159682E+02
    -0.8272046E+02     0.4159579E+02
    -0.8271419E+02     0.4159134E+02
    -0.8271210E+02     0.4159123E+02
    -0.8270718E+02     0.4159098E+02
    -0.8269429E+02     0.4158319E+02
    -0.8269064E+02     0.4158290E+02
END
5

    -0.8273487E+02     0.4148498E+02
    -0.8273180E+02     0.4148584E+02
    -0.8272800E+02     0.4149012E+02
    -0.8272671E+02     0.4149262E+02
    -0.8272871E+02     0.4149678E+02
    -0.8273556E+02     0.4149255E+02
    -0.8273892E+02     0.4149215E+02
    -0.8273903E+02     0.4148871E+02
    -0.8273487E+02     0.4148498E+02
END
6

    -0.8280276E+02     0.4170416E+02
    -0.8280029E+02     0.4170481E+02
    -0.8280704E+02     0.4171454E+02
    -0.8280601E+02     0.4171842E+02
    -0.8280864E+02     0.4172235E+02
    -0.8281409E+02     0.4172428E+02
    -0.8281902E+02     0.4172345E+02
    -0.8282673E+02     0.4171075E+02
    -0.8282408E+02     0.4170727E+02
    -0.8280847E+02     0.4170747E+02
    -0.8280276E+02     0.4170416E+02
END
7
    -0.8281527E+02     0.4171556E+02
    -0.8280276E+02     0.4170416E+02
    -0.8280847E+02     0.4170747E+02
    -0.8282408E+02     0.4170727E+02
    -0.8282673E+02     0.4171075E+02
    -0.8281902E+02     0.4172345E+02
    -0.8281409E+02     0.4172428E+02
    -0.8280864E+02     0.4172235E+02
    -0.8280601E+02     0.4171842E+02
    -0.8280704E+02     0.4171454E+02
    -0.8280029E+02     0.4170481E+02
    -0.8280276E+02     0.4170416E+02
END
8
    -0.8280414E+02     0.4168478E+02
    -0.8280810E+02     0.4166853E+02
    -0.8281398E+02     0.4168672E+02
    -0.8281115E+02     0.4168942E+02
    -0.8280199E+02     0.4168880E+02
    -0.8278370E+02     0.4169697E+02
    -0.8277635E+02     0.4169707E+02
    -0.8277488E+02     0.4169522E+02
    -0.8278237E+02     0.4169031E+02
    -0.8279097E+02     0.4168908E+02
    -0.8279476E+02     0.4168502E+02
    -0.8279747E+02     0.4167636E+02
    -0.8280257E+02     0.4166935E+02
    -0.8280810E+02     0.4166853E+02
END
9
    -0.8281908E+02     0.4164622E+02
    -0.8283631E+02     0.4162388E+02
    -0.8283868E+02     0.4162643E+02
    -0.8283842E+02     0.4162691E+02
    -0.8283416E+02     0.4163461E+02
    -0.8283899E+02     0.4164728E+02
    -0.8282221E+02     0.4165639E+02
    -0.8281656E+02     0.4165126E+02
    -0.8280954E+02     0.4165091E+02
    -0.8280634E+02     0.4165590E+02
    -0.8279540E+02     0.4166350E+02
    -0.8279056E+02     0.4166205E+02
    -0.8278908E+02     0.4166042E+02
    -0.8279382E+02     0.4165500E+02
    -0.8279680E+02     0.4164750E+02
    -0.8280924E+02     0.4164014E+02
    -0.8282623E+02     0.4162394E+02
    -0.8283631E+02     0.4162388E+02
END
10
    -0.8269662E+02     0.4160433E+02
    -0.8269064E+02     0.4158290E+02
    -0.8269429E+02     0.4158319E+02
    -0.8270718E+02     0.4159098E+02
    -0.8271210E+02     0.4159123E+02
    -0.8271419E+02     0.4159134E+02
    -0.8272046E+02     0.4159579E+02
    -0.8272654E+02     0.4159682E+02
    -0.8272951E+02     0.4159962E+02
    -0.8272852E+02     0.4160212E+02
    -0.8272056E+02     0.4160244E+02
    -0.8271501E+02     0.4161402E+02
    -0.8270946E+02     0.4161576E+02
    -0.8270429E+02     0.4161475E+02
    -0.8269225E+02     0.4160904E+02
    -0.8268525E+02     0.4160823E+02
    -0.8268062E+02     0.4160975E+02
    -0.8267113E+02     0.4162011E+02
    -0.8266714E+02     0.4162049E+02
    -0.8266628E+02     0.4161865E+02
    -0.8267377E+02     0.4160435E+02
    -0.8267349E+02     0.4159381E+02
    -0.8268133E+02     0.4158754E+02
    -0.8269064E+02     0.4158290E+02
END
11
    -0.8273310E+02     0.4149163E+02
    -0.8273487E+02     0.4148498E+02
    -0.8273903E+02     0.4148871E+02
    -0.8273892E+02     0.4149215E+02
    -0.8273556E+02     0.4149255E+02
    -0.8272871E+02     0.4149678E+02
    -0.8272671E+02     0.4149262E+02
    -0.8272800E+02     0.4149012E+02
    -0.8273180E+02     0.4148584E+02
    -0.8273487E+02     0.4148498E+02
END
12
    -0.8269881E+02     0.4053471E+02
    -0.8051627E+02     0.4197527E+02
    -0.8051629E+02     0.4188317E+02
    -0.8051632E+02     0.4175726E+02
    -0.8051636E+02     0.4163135E+02
    -0.8051639E+02     0.4150545E+02
    -0.8051642E+02     0.4137956E+02
    -0.8051595E+02     0.4125311E+02
    -0.8051678E+02     0.4108378E+02
    -0.8051624E+02     0.4095792E+02
    -0.8051571E+02     0.4083208E+02
    -0.8051517E+02     0.4070625E+02
    -0.8051490E+02     0.4063011E+02
    -0.8051490E+02     0.4063011E+02
    -0.8053635E+02     0.4062317E+02
    -0.8054919E+02     0.4061687E+02
    -0.8056025E+02     0.4061051E+02
    -0.8056937E+02     0.4060678E+02
    -0.8058161E+02     0.4060993E+02
    -0.8059386E+02     0.4061308E+02
    -0.8060255E+02     0.4061610E+02
    -0.8061505E+02     0.4061519E+02
    -0.8063168E+02     0.4060496E+02
    -0.8064677E+02     0.4059061E+02
    -0.8066194E+02     0.4057491E+02
    -0.8065897E+02     0.4056534E+02
    -0.8064884E+02     0.4055686E+02
    -0.8063718E+02     0.4054427E+02
    -0.8062266E+02     0.4052075E+02
    -0.8061481E+02     0.4050423E+02
    -0.8060030E+02     0.4048071E+02
    -0.8059591E+02     0.4046566E+02
    -0.8059894E+02     0.4044548E+02
    -0.8060365E+02     0.4042670E+02
    -0.8061028E+02     0.4040530E+02
    -0.8061448E+02     0.4039463E+02
    -0.8062382E+02     0.4038684E+02
    -0.8062078E+02     0.4037862E+02
    -0.8061068E+02     0.4037014E+02
    -0.8060782E+02     0.4035921E+02
    -0.8060898E+02     0.4034031E+02
    -0.8059922E+02     0.4032643E+02
    -0.8059854E+02     0.4030882E+02
    -0.8060652E+02     0.4029423E+02
    -0.8061306E+02     0.4027417E+02
    -0.8061557E+02     0.4026209E+02
    -0.8062866E+02     0.4025038E+02
    -0.8064317E+02     0.4024414E+02
    -0.8065617E+02     0.4023378E+02
    -0.8066245E+02     0.4021777E+02
    -0.8066912E+02     0.4019501E+02
    -0.8067899E+02     0.4017778E+02
    -0.8069246E+02     0.4015932E+02
    -0.8070792E+02     0.4013688E+02
    -0.8070881E+02     0.4012203E+02
    -0.8070866E+02     0.4009497E+02
    -0.8071267E+02     0.4008700E+02
    -0.8073473E+02     0.4007154E+02
    -0.8073386E+02     0.4005664E+02
    -0.8073131E+02     0.4004032E+02
    -0.8074492E+02     0.4000000E+02
    -0.8074467E+02     0.3998991E+02
    -0.8074323E+02     0.3997777E+02
    -0.8074363E+02     0.3997125E+02
    -0.8074580E+02     0.3996774E+02
    -0.8074802E+02     0.3996640E+02
    -0.8075134E+02     0.3996375E+02
    -0.8075468E+02     0.3996196E+02
    -0.8075800E+02     0.3995930E+02
    -0.8076241E+02     0.3995489E+02
    -0.8076512E+02     0.3995050E+02
    -0.8076721E+02     0.3994396E+02
    -0.8076826E+02     0.3994090E+02
    -0.8076385E+02     0.3992316E+02
    -0.8076134E+02     0.3991321E+02
    -0.8076124E+02     0.3990887E+02
    -0.8076398E+02     0.3990578E+02
    -0.8077127E+02     0.3990393E+02
    -0.8077406E+02     0.3990259E+02
    -0.8078087E+02     0.3990422E+02
    -0.8078716E+02     0.3990760E+02
    -0.8079115E+02     0.3990927E+02
    -0.8079403E+02     0.3991140E+02
    -0.8079685E+02     0.3991135E+02
    -0.8080305E+02     0.3991126E+02
    -0.8080758E+02     0.3991162E+02
    -0.8081033E+02     0.3990897E+02
    -0.8081139E+02     0.3990635E+02
    -0.8081236E+02     0.3990025E+02
    -0.8081166E+02     0.3989505E+02
    -0.8080870E+02     0.3988988E+02
    -0.8080401E+02     0.3988301E+02
    -0.8079997E+02     0.3987960E+02
    -0.8079473E+02     0.3987316E+02
    -0.8079346E+02     0.3986797E+02
    -0.8079507E+02     0.3986447E+02
    -0.8079612E+02     0.3986141E+02
    -0.8080223E+02     0.3985784E+02
    -0.8081112E+02     0.3985292E+02
    -0.8082666E+02     0.3984355E+02
    -0.8082765E+02     0.3983832E+02
    -0.8083085E+02     0.3983132E+02
    -0.8083016E+02     0.3982655E+02
    -0.8082835E+02     0.3982224E+02
    -0.8082594E+02     0.3981576E+02
    -0.8082463E+02     0.3980927E+02
    -0.8082671E+02     0.3980228E+02
    -0.8082883E+02     0.3979747E+02
    -0.8083156E+02     0.3979395E+02
    -0.8083817E+02     0.3978863E+02
    -0.8086086E+02     0.3977306E+02
    -0.8086417E+02     0.3977083E+02
    -0.8087025E+02     0.3976639E+02
    -0.8087229E+02     0.3975853E+02
    -0.8087270E+02     0.3975288E+02
    -0.8087259E+02     0.3974854E+02
    -0.8084658E+02     0.3972332E+02
    -0.8084311E+02     0.3971991E+02
    -0.8083958E+02     0.3971388E+02
    -0.8083496E+02     0.3970961E+02
    -0.8083485E+02     0.3970570E+02
    -0.8083807E+02     0.3969957E+02
    -0.8084361E+02     0.3969643E+02
    -0.8085584E+02     0.3969059E+02
    -0.8086137E+02     0.3968702E+02
    -0.8086903E+02     0.3967908E+02
    -0.8086996E+02     0.3967167E+02
    -0.8087155E+02     0.3966817E+02
    -0.8086968E+02     0.3966125E+02
    -0.8087186E+02     0.3963775E+02
    -0.8087489E+02     0.3962466E+02
    -0.8087695E+02     0.3961811E+02
    -0.8088304E+02     0.3961454E+02
    -0.8088914E+02     0.3961139E+02
    -0.8089700E+02     0.3961083E+02
    -0.8091492E+02     0.3960879E+02
    -0.8092552E+02     0.3960601E+02
    -0.8093388E+02     0.3960326E+02
    -0.8094167E+02     0.3960052E+02
    -0.8095493E+02     0.3959204E+02
    -0.8100788E+02     0.3955766E+02
    -0.8101890E+02     0.3955008E+02
    -0.8103482E+02     0.3953763E+02
    -0.8107324E+02     0.3950739E+02
    -0.8108206E+02     0.3950202E+02
    -0.8109028E+02     0.3949535E+02
    -0.8109630E+02     0.3949002E+02
    -0.8110342E+02     0.3948425E+02
    -0.8112069E+02     0.3946133E+02
    -0.8112761E+02     0.3944903E+02
    -0.8113192E+02     0.3944330E+02
    -0.8113635E+02     0.3944148E+02
    -0.8114246E+02     0.3943962E+02
    -0.8116585E+02     0.3943398E+02
    -0.8117697E+02     0.3943116E+02
    -0.8118359E+02     0.3942756E+02
    -0.8118855E+02     0.3942442E+02
    -0.8119290E+02     0.3942043E+02
    -0.8119837E+02     0.3941597E+02
    -0.8120384E+02     0.3941152E+02
    -0.8120815E+02     0.3940579E+02
    -0.8121474E+02     0.3940175E+02
    -0.8122044E+02     0.3938686E+02
    -0.8122371E+02     0.3938375E+02
    -0.8123091E+02     0.3938101E+02
    -0.8124049E+02     0.3938256E+02
    -0.8124721E+02     0.3938243E+02
    -0.8125446E+02     0.3938142E+02
    -0.8127065E+02     0.3937937E+02
    -0.8128336E+02     0.3937390E+02
    -0.8129556E+02     0.3937018E+02
    -0.8130990E+02     0.3936294E+02
    -0.8132587E+02     0.3935436E+02
    -0.8135844E+02     0.3934023E+02
    -0.8136285E+02     0.3933796E+02
    -0.8136954E+02     0.3933696E+02
    -0.8137626E+02     0.3933682E+02
    -0.8138580E+02     0.3933749E+02
    -0.8139263E+02     0.3934083E+02
    -0.8139951E+02     0.3934547E+02
    -0.8140420E+02     0.3935146E+02
    -0.8140907E+02     0.3936310E+02
    -0.8141037E+02     0.3936829E+02
    -0.8141390E+02     0.3937343E+02
    -0.8141575E+02     0.3937818E+02
    -0.8141809E+02     0.3938117E+02
    -0.8142211E+02     0.3938413E+02
    -0.8142673E+02     0.3938795E+02
    -0.8143137E+02     0.3939263E+02
    -0.8143547E+02     0.3939776E+02
    -0.8143949E+02     0.3940072E+02
    -0.8144627E+02     0.3940232E+02
    -0.8145415E+02     0.3940302E+02
    -0.8145916E+02     0.3940205E+02
    -0.8146859E+02     0.3939924E+02
    -0.8147731E+02     0.3939210E+02
    -0.8148715E+02     0.3938493E+02
    -0.8149414E+02     0.3937653E+02
    -0.8150340E+02     0.3936893E+02
    -0.8150388E+02     0.3936851E+02
    -0.8150388E+02     0.3936851E+02
    -0.8150993E+02     0.3936314E+02
    -0.8153312E+02     0.3935351E+02
    -0.8154473E+02     0.3934935E+02
    -0.8155077E+02     0.3934574E+02
    -0.8155627E+02     0.3934301E+02
    -0.8156213E+02     0.3933462E+02
    -0.8156458E+02     0.3932500E+02
    -0.8156500E+02     0.3932108E+02
    -0.8156569E+02     0.3930889E+02
    -0.8156926E+02     0.3929924E+02
    -0.8157072E+02     0.3929313E+02
    -0.8157036E+02     0.3928313E+02
    -0.8156907E+02     0.3927838E+02
    -0.8156947E+02     0.3927402E+02
    -0.8157362E+02     0.3926480E+02
    -0.8157745E+02     0.3926254E+02
    -0.8158022E+02     0.3926161E+02
    -0.8160329E+02     0.3926501E+02
    -0.8162044E+02     0.3926648E+02
    -0.8162044E+02     0.3926648E+02
    -0.8165156E+02     0.3926914E+02
    -0.8166110E+02     0.3926980E+02
    -0.8166949E+02     0.3926961E+02
    -0.8167894E+02     0.3926809E+02
    -0.8168559E+02     0.3926619E+02
    -0.8168990E+02     0.3926175E+02
    -0.8169421E+02     0.3925730E+02
    -0.8169618E+02     0.3925030E+02
    -0.8169927E+02     0.3924327E+02
    -0.8169904E+02     0.3923719E+02
    -0.8169975E+02     0.3922166E+02
    -0.8169975E+02     0.3922166E+02
    -0.8170010E+02     0.3922064E+02
    -0.8170226E+02     0.3921841E+02
    -0.8170607E+02     0.3921572E+02
    -0.8170715E+02     0.3921482E+02
    -0.8171433E+02     0.3921248E+02
    -0.8172101E+02     0.3921146E+02
    -0.8172707E+02     0.3920914E+02
    -0.8173148E+02     0.3920730E+02
    -0.8173584E+02     0.3920459E+02
    -0.8173796E+02     0.3920149E+02
    -0.8174215E+02     0.3919400E+02
    -0.8174473E+02     0.3918829E+02
    -0.8174909E+02     0.3918558E+02
    -0.8175455E+02     0.3918197E+02
    -0.8176227E+02     0.3917918E+02
    -0.8176434E+02     0.3917478E+02
    -0.8176534E+02     0.3917171E+02
    -0.8176290E+02     0.3916655E+02
    -0.8176109E+02     0.3916312E+02
    -0.8175806E+02     0.3915710E+02
    -0.8175514E+02     0.3915369E+02
    -0.8175086E+02     0.3914422E+02
    -0.8174895E+02     0.3913818E+02
    -0.8174846E+02     0.3912514E+02
    -0.8174827E+02     0.3910558E+02
    -0.8175168E+02     0.3909245E+02
    -0.8175320E+02     0.3908850E+02
    -0.8175809E+02     0.3908490E+02
    -0.8176244E+02     0.3908176E+02
    -0.8176950E+02     0.3907681E+02
    -0.8177666E+02     0.3907446E+02
    -0.8177996E+02     0.3907308E+02
    -0.8178384E+02     0.3907211E+02
    -0.8179781E+02     0.3907265E+02
    -0.8180626E+02     0.3907462E+02
    -0.8180908E+02     0.3907542E+02
    -0.8181302E+02     0.3907620E+02
    -0.8181804E+02     0.3907608E+02
    -0.8182132E+02     0.3907426E+02
    -0.8182343E+02     0.3907117E+02
    -0.8182336E+02     0.3906943E+02
    -0.8182201E+02     0.3906337E+02
    -0.8182010E+02     0.3905733E+02
    -0.8181767E+02     0.3905217E+02
    -0.8181244E+02     0.3904707E+02
    -0.8180891E+02     0.3904237E+02
    -0.8180317E+02     0.3903816E+02
    -0.8179855E+02     0.3903436E+02
    -0.8179290E+02     0.3903232E+02
    -0.8178607E+02     0.3902900E+02
    -0.8178201E+02     0.3902475E+02
    -0.8177794E+02     0.3902050E+02
    -0.8177434E+02     0.3901406E+02
    -0.8177188E+02     0.3900803E+02
    -0.8177262E+02     0.3899844E+02
    -0.8177511E+02     0.3899055E+02
    -0.8177771E+02     0.3898570E+02
    -0.8178088E+02     0.3898128E+02
    -0.8178680E+02     0.3897548E+02
    -0.8178983E+02     0.3896758E+02
    -0.8179081E+02     0.3896408E+02
    -0.8179061E+02     0.3895886E+02
    -0.8178884E+02     0.3895630E+02
    -0.8178529E+02     0.3895116E+02
    -0.8178175E+02     0.3894602E+02
    -0.8177823E+02     0.3894132E+02
    -0.8177476E+02     0.3893792E+02
    -0.8177013E+02     0.3893369E+02
    -0.8176778E+02     0.3893026E+02
    -0.8176766E+02     0.3892722E+02
    -0.8176865E+02     0.3892415E+02
    -0.8177078E+02     0.3892149E+02
    -0.8177294E+02     0.3891970E+02
    -0.8177733E+02     0.3891785E+02
    -0.8178402E+02     0.3891813E+02
    -0.8179362E+02     0.3892138E+02
    -0.8179993E+02     0.3892601E+02
    -0.8180676E+02     0.3892976E+02
    -0.8181075E+02     0.3893228E+02
    -0.8181536E+02     0.3893608E+02
    -0.8181887E+02     0.3894035E+02
    -0.8182338E+02     0.3894154E+02
    -0.8182838E+02     0.3894143E+02
    -0.8183670E+02     0.3894035E+02
    -0.8184099E+02     0.3893590E+02
    -0.8184524E+02     0.3893058E+02
    -0.8184839E+02     0.3892571E+02
    -0.8185044E+02     0.3892131E+02
    -0.8185246E+02     0.3891604E+02
    -0.8185337E+02     0.3891080E+02
    -0.8185313E+02     0.3890472E+02
    -0.8185402E+02     0.3889904E+02
    -0.8185496E+02     0.3889466E+02
    -0.8185757E+02     0.3889025E+02
    -0.8187824E+02     0.3887800E+02
    -0.8188919E+02     0.3887338E+02
    -0.8189465E+02     0.3887063E+02
    -0.8190022E+02     0.3887049E+02
    -0.8190748E+02     0.3887119E+02
    -0.8191704E+02     0.3887356E+02
    -0.8192717E+02     0.3887635E+02
    -0.8193118E+02     0.3887886E+02
    -0.8193524E+02     0.3888311E+02
    -0.8193697E+02     0.3888437E+02
    -0.8193832E+02     0.3889043E+02
    -0.8193790E+02     0.3889392E+02
    -0.8193471E+02     0.3889748E+02
    -0.8193209E+02     0.3890146E+02
    -0.8192400E+02     0.3890819E+02
    -0.8192135E+02     0.3891130E+02
    -0.8191919E+02     0.3891309E+02
    -0.8191545E+02     0.3891710E+02
    -0.8191337E+02     0.3892063E+02
    -0.8191234E+02     0.3892283E+02
    -0.8191194E+02     0.3892676E+02
    -0.8191261E+02     0.3892935E+02
    -0.8191444E+02     0.3893365E+02
    -0.8191685E+02     0.3893795E+02
    -0.8192042E+02     0.3894351E+02
    -0.8192458E+02     0.3894994E+02
    -0.8192982E+02     0.3895546E+02
    -0.8193344E+02     0.3896233E+02
    -0.8193710E+02     0.3897007E+02
    -0.8194182E+02     0.3897647E+02
    -0.8194424E+02     0.3898120E+02
    -0.8194663E+02     0.3898505E+02
    -0.8195177E+02     0.3898797E+02
    -0.8195177E+02     0.3898797E+02
    -0.8195568E+02     0.3898830E+02
    -0.8196069E+02     0.3898818E+02
    -0.8197076E+02     0.3898879E+02
    -0.8197969E+02     0.3898900E+02
    -0.8198477E+02     0.3899061E+02
    -0.8198876E+02     0.3899269E+02
    -0.8199458E+02     0.3899863E+02
    -0.8199992E+02     0.3900632E+02
    -0.8200469E+02     0.3901360E+02
    -0.8200777E+02     0.3902048E+02
    -0.8201241E+02     0.3902471E+02
    -0.8201749E+02     0.3902632E+02
    -0.8202977E+02     0.3902644E+02
    -0.8203856E+02     0.3902316E+02
    -0.8204178E+02     0.3902003E+02
    -0.8204377E+02     0.3901433E+02
    -0.8205849E+02     0.3899306E+02
    -0.8206380E+02     0.3898684E+02
    -0.8206978E+02     0.3898320E+02
    -0.8207578E+02     0.3898000E+02
    -0.8208124E+02     0.3897725E+02
    -0.8208339E+02     0.3897545E+02
    -0.8208879E+02     0.3897139E+02
    -0.8209150E+02     0.3896958E+02
    -0.8211024E+02     0.3893863E+02
    -0.8211594E+02     0.3892848E+02
    -0.8213982E+02     0.3890087E+02
    -0.8214570E+02     0.3889505E+02
    -0.8214668E+02     0.3889198E+02
    -0.8214800E+02     0.3888412E+02
    -0.8214638E+02     0.3885936E+02
    -0.8214497E+02     0.3885244E+02
    -0.8214690E+02     0.3884586E+02
    -0.8214986E+02     0.3883708E+02
    -0.8215890E+02     0.3882726E+02
    -0.8216479E+02     0.3882188E+02
    -0.8217447E+02     0.3881422E+02
    -0.8218432E+02     0.3881047E+02
    -0.8219202E+02     0.3880853E+02
    -0.8219750E+02     0.3880664E+02
    -0.8220465E+02     0.3880470E+02
    -0.8220956E+02     0.3880239E+02
    -0.8221432E+02     0.3879704E+02
    -0.8222028E+02     0.3879340E+02
    -0.8222334E+02     0.3878722E+02
    -0.8222591E+02     0.3878236E+02
    -0.8222560E+02     0.3877541E+02
    -0.8222200E+02     0.3876942E+02
    -0.8221955E+02     0.3876426E+02
    -0.8221151E+02     0.3875839E+02
    -0.8220640E+02     0.3875592E+02
    -0.8220345E+02     0.3875208E+02
    -0.8220163E+02     0.3874865E+02
    -0.8219742E+02     0.3872875E+02
    -0.8219480E+02     0.3871968E+02
    -0.8219173E+02     0.3871324E+02
    -0.8219032E+02     0.3870631E+02
    -0.8219106E+02     0.3869759E+02
    -0.8219282E+02     0.3868710E+02
    -0.8219593E+02     0.3868223E+02
    -0.8219424E+02     0.3866878E+02
    -0.8218200E+02     0.3864301E+02
    -0.8218118E+02     0.3863693E+02
    -0.8217738E+02     0.3862616E+02
    -0.8217648E+02     0.3861835E+02
    -0.8217915E+02     0.3860304E+02
    -0.8218542E+02     0.3859417E+02
    -0.8219302E+02     0.3859048E+02
    -0.8220063E+02     0.3858679E+02
    -0.8221060E+02     0.3858652E+02
    -0.8223003E+02     0.3858685E+02
    -0.8224290E+02     0.3858911E+02
    -0.8225405E+02     0.3859054E+02
    -0.8226628E+02     0.3859107E+02
    -0.8227293E+02     0.3859089E+02
    -0.8227893E+02     0.3858854E+02
    -0.8228210E+02     0.3858497E+02
    -0.8228736E+02     0.3857873E+02
    -0.8229374E+02     0.3857246E+02
    -0.8229868E+02     0.3855927E+02
    -0.8229839E+02     0.3855274E+02
    -0.8229782E+02     0.3854014E+02
    -0.8229929E+02     0.3853574E+02
    -0.8230430E+02     0.3852385E+02
    -0.8230906E+02     0.3851893E+02
    -0.8230871E+02     0.3851110E+02
    -0.8230800E+02     0.3849545E+02
    -0.8231037E+02     0.3848668E+02
    -0.8231445E+02     0.3847873E+02
    -0.8231678E+02     0.3846909E+02
    -0.8231866E+02     0.3846213E+02
    -0.8231866E+02     0.3846213E+02
    -0.8231963E+02     0.3845856E+02
    -0.8232166E+02     0.3845459E+02
    -0.8232946E+02     0.3844348E+02
    -0.8233582E+02     0.3843721E+02
    -0.8234013E+02     0.3843447E+02
    -0.8234842E+02     0.3843423E+02
    -0.8235674E+02     0.3843443E+02
    -0.8236274E+02     0.3843252E+02
    -0.8236544E+02     0.3843114E+02
    -0.8237372E+02     0.3843046E+02
    -0.8239860E+02     0.3842974E+02
    -0.8240970E+02     0.3843029E+02
    -0.8241752E+02     0.3843180E+02
    -0.8242405E+02     0.3842944E+02
    -0.8243222E+02     0.3842659E+02
    -0.8244859E+02     0.3842132E+02
    -0.8246828E+02     0.3841639E+02
    -0.8249345E+02     0.3841042E+02
    -0.8252190E+02     0.3840347E+02
    -0.8253339E+02     0.3840051E+02
    -0.8254208E+02     0.3839721E+02
    -0.8254816E+02     0.3839702E+02
    -0.8256261E+02     0.3839833E+02
    -0.8258036E+02     0.3839909E+02
    -0.8258418E+02     0.3839979E+02
    -0.8258418E+02     0.3839979E+02
    -0.8258650E+02     0.3840021E+02
    -0.8259569E+02     0.3840689E+02
    -0.8260204E+02     0.3841236E+02
    -0.8261012E+02     0.3843040E+02
    -0.8261268E+02     0.3843729E+02
    -0.8261702E+02     0.3844673E+02
    -0.8261979E+02     0.3845796E+02
    -0.8262456E+02     0.3846478E+02
    -0.8262971E+02     0.3846811E+02
    -0.8263996E+02     0.3847388E+02
    -0.8264851E+02     0.3847884E+02
    -0.8266216E+02     0.3848582E+02
    -0.8266853E+02     0.3849128E+02
    -0.8269969E+02     0.3852687E+02
    -0.8270788E+02     0.3853532E+02
    -0.8271257E+02     0.3854040E+02
    -0.8271888E+02     0.3854456E+02
    -0.8272512E+02     0.3854741E+02
    -0.8273522E+02     0.3854970E+02
    -0.8274422E+02     0.3855202E+02
    -0.8275921E+02     0.3855242E+02
    -0.8277535E+02     0.3855365E+02
    -0.8278592E+02     0.3855418E+02
    -0.8279919E+02     0.3855332E+02
    -0.8281155E+02     0.3855640E+02
    -0.8282063E+02     0.3856046E+02
    -0.8282693E+02     0.3856417E+02
    -0.8283382E+02     0.3856874E+02
    -0.8284418E+02     0.3857581E+02
    -0.8285947E+02     0.3859229E+02
    -0.8286597E+02     0.3859991E+02
    -0.8286665E+02     0.3861295E+02
    -0.8287011E+02     0.3862589E+02
    -0.8287026E+02     0.3864983E+02
    -0.8287241E+02     0.3865890E+02
    -0.8288314E+02     0.3867291E+02
    -0.8288564E+02     0.3867805E+02
    -0.8288753E+02     0.3869279E+02
    -0.8288264E+02     0.3871603E+02
    -0.8288028E+02     0.3872394E+02
    -0.8287996E+02     0.3872830E+02
    -0.8288486E+02     0.3873685E+02
    -0.8288682E+02     0.3874244E+02
    -0.8289149E+02     0.3874664E+02
    -0.8289496E+02     0.3874914E+02
    -0.8290227E+02     0.3875064E+02
    -0.8290830E+02     0.3874913E+02
    -0.8292530E+02     0.3874465E+02
    -0.8293839E+02     0.3873987E+02
    -0.8294829E+02     0.3873780E+02
    -0.8296401E+02     0.3873031E+02
    -0.8297478E+02     0.3872385E+02
    -0.8297968E+02     0.3872195E+02
    -0.8298296E+02     0.3872097E+02
    -0.8298962E+02     0.3872075E+02
    -0.8300085E+02     0.3872298E+02
    -0.8301205E+02     0.3872434E+02
    -0.8302317E+02     0.3872440E+02
    -0.8302973E+02     0.3872243E+02
    -0.8303664E+02     0.3871654E+02
    -0.8305117E+02     0.3869777E+02
    -0.8305698E+02     0.3869234E+02
    -0.8306554E+02     0.3868639E+02
    -0.8308348E+02     0.3867924E+02
    -0.8309669E+02     0.3867705E+02
    -0.8310981E+02     0.3867311E+02
    -0.8311620E+02     0.3866810E+02
    -0.8312383E+02     0.3865565E+02
    -0.8312846E+02     0.3864896E+02
    -0.8313065E+02     0.3863843E+02
    -0.8313423E+02     0.3863308E+02
    -0.8314622E+02     0.3861917E+02
    -0.8315383E+02     0.3861629E+02
    -0.8315917E+02     0.3861262E+02
    -0.8317743E+02     0.3861154E+02
    -0.8319634E+02     0.3861218E+02
    -0.8321352E+02     0.3861157E+02
    -0.8322711E+02     0.3861631E+02
    -0.8323573E+02     0.3862123E+02
    -0.8324076E+02     0.3862192E+02
    -0.8325179E+02     0.3862066E+02
    -0.8325957E+02     0.3862082E+02
    -0.8326385E+02     0.3861805E+02
    -0.8326862E+02     0.3861396E+02
    -0.8327962E+02     0.3860268E+02
    -0.8328436E+02     0.3859815E+02
    -0.8328806E+02     0.3859497E+02
    -0.8329178E+02     0.3859222E+02
    -0.8329674E+02     0.3859161E+02
    -0.8330283E+02     0.3859139E+02
    -0.8330965E+02     0.3859419E+02
    -0.8331482E+02     0.3859705E+02
    -0.8332082E+02     0.3860467E+02
    -0.8332354E+02     0.3861328E+02
    -0.8332629E+02     0.3862232E+02
    -0.8332874E+02     0.3862615E+02
    -0.8333287E+02     0.3863036E+02
    -0.8333871E+02     0.3863537E+02
    -0.8335018E+02     0.3864148E+02
    -0.8335996E+02     0.3864722E+02
    -0.8337479E+02     0.3865364E+02
    -0.8339389E+02     0.3865729E+02
    -0.8342918E+02     0.3866208E+02
    -0.8344876E+02     0.3866440E+02
    -0.8346560E+02     0.3866725E+02
    -0.8347708E+02     0.3867335E+02
    -0.8348690E+02     0.3867951E+02
    -0.8349284E+02     0.3868582E+02
    -0.8350425E+02     0.3869061E+02
    -0.8351117E+02     0.3869471E+02
    -0.8352010E+02     0.3869524E+02
    -0.8352908E+02     0.3869664E+02
    -0.8353905E+02     0.3869626E+02
    -0.8355157E+02     0.3869186E+02
    -0.8356033E+02     0.3868979E+02
    -0.8356789E+02     0.3868602E+02
    -0.8357770E+02     0.3868303E+02
    -0.8358868E+02     0.3868086E+02
    -0.8360360E+02     0.3867942E+02
    -0.8361624E+02     0.3867719E+02
    -0.8362503E+02     0.3867554E+02
    -0.8363091E+02     0.3867183E+02
    -0.8363676E+02     0.3866768E+02
    -0.8364040E+02     0.3866362E+02
    -0.8364404E+02     0.3865085E+02
    -0.8364658E+02     0.3863813E+02
    -0.8365051E+02     0.3863013E+02
    -0.8365459E+02     0.3862431E+02
    -0.8366002E+02     0.3862236E+02
    -0.8366271E+02     0.3862094E+02
    -0.8367210E+02     0.3862014E+02
    -0.8367988E+02     0.3862027E+02
    -0.8372713E+02     0.3863844E+02
    -0.8373232E+02     0.3864128E+02
    -0.8373792E+02     0.3864193E+02
    -0.8375063E+02     0.3864100E+02
    -0.8375844E+02     0.3864156E+02
    -0.8376759E+02     0.3864555E+02
    -0.8377515E+02     0.3865090E+02
    -0.8377992E+02     0.3865594E+02
    -0.8378392E+02     0.3866623E+02
    -0.8378671E+02     0.3867483E+02
    -0.8378970E+02     0.3868690E+02
    -0.8379224E+02     0.3869159E+02
    -0.8379573E+02     0.3869406E+02
    -0.8380033E+02     0.3869649E+02
    -0.8380993E+02     0.3869872E+02
    -0.8382177E+02     0.3870129E+02
    -0.8383198E+02     0.3870436E+02
    -0.8383781E+02     0.3870848E+02
    -0.8384258E+02     0.3871351E+02
    -0.8384631E+02     0.3871946E+02
    -0.8385001E+02     0.3872497E+02
    -0.8385619E+02     0.3873430E+02
    -0.8386239E+02     0.3874406E+02
    -0.8386603E+02     0.3874871E+02
    -0.8387119E+02     0.3875111E+02
    -0.8387864E+02     0.3875429E+02
    -0.8388769E+02     0.3875653E+02
    -0.8389729E+02     0.3875875E+02
    -0.8391017E+02     0.3875997E+02
    -0.8392255E+02     0.3876207E+02
    -0.8393114E+02     0.3876564E+02
    -0.8394162E+02     0.3877261E+02
    -0.8395017E+02     0.3877574E+02
    -0.8395760E+02     0.3877848E+02
    -0.8396715E+02     0.3877983E+02
    -0.8397831E+02     0.3878024E+02
    -0.8399329E+02     0.3877961E+02
    -0.8400866E+02     0.3877636E+02
    -0.8402241E+02     0.3877285E+02
    -0.8402241E+02     0.3877285E+02
    -0.8403929E+02     0.3876854E+02
    -0.8405521E+02     0.3876525E+02
    -0.8408076E+02     0.3876461E+02
    -0.8409756E+02     0.3876608E+02
    -0.8412421E+02     0.3877321E+02
    -0.8414645E+02     0.3878097E+02
    -0.8416016E+02     0.3878605E+02
    -0.8417204E+02     0.3878858E+02
    -0.8418764E+02     0.3878878E+02
    -0.8420240E+02     0.3879293E+02
    -0.8421612E+02     0.3879800E+02
    -0.8422546E+02     0.3880412E+02
    -0.8422897E+02     0.3880658E+02
    -0.8423721E+02     0.3882060E+02
    -0.8424346E+02     0.3883818E+02
    -0.8424272E+02     0.3884344E+02
    -0.8424322E+02     0.3885039E+02
    -0.8424247E+02     0.3885564E+02
    -0.8424309E+02     0.3886433E+02
    -0.8424259E+02     0.3887306E+02
    -0.8424197E+02     0.3888005E+02
    -0.8424407E+02     0.3888606E+02
    -0.8424543E+02     0.3888948E+02
    -0.8424848E+02     0.3889327E+02
    -0.8426556E+02     0.3891386E+02
    -0.8428500E+02     0.3893609E+02
    -0.8429000E+02     0.3894371E+02
    -0.8429495E+02     0.3895046E+02
    -0.8430054E+02     0.3895849E+02
    -0.8430463E+02     0.3896876E+02
    -0.8430541E+02     0.3897961E+02
    -0.8430592E+02     0.3898213E+02
    -0.8430592E+02     0.3898213E+02
    -0.8430714E+02     0.3898825E+02
    -0.8431039E+02     0.3899464E+02
    -0.8431184E+02     0.3900061E+02
    -0.8431664E+02     0.3900695E+02
    -0.8432073E+02     0.3901281E+02
    -0.8432834E+02     0.3901811E+02
    -0.8433704E+02     0.3902407E+02
    -0.8434351E+02     0.3902801E+02
    -0.8435391E+02     0.3903277E+02
    -0.8437926E+02     0.3903939E+02
    -0.8441719E+02     0.3904257E+02
    -0.8442166E+02     0.3904456E+02
    -0.8442754E+02     0.3904646E+02
    -0.8443116E+02     0.3905022E+02
    -0.8443877E+02     0.3906250E+02
    -0.8444059E+02     0.3907200E+02
    -0.8444135E+02     0.3908242E+02
    -0.8444186E+02     0.3908936E+02
    -0.8444182E+02     0.3909633E+02
    -0.8444257E+02     0.3909891E+02
    -0.8444518E+02     0.3910402E+02
    -0.8444764E+02     0.3910696E+02
    -0.8445065E+02     0.3910987E+02
    -0.8445467E+02     0.3911143E+02
    -0.8445769E+02     0.3911434E+02
    -0.8446011E+02     0.3911684E+02
    -0.8446178E+02     0.3911677E+02
    -0.8446463E+02     0.3911751E+02
    -0.8446854E+02     0.3911733E+02
    -0.8447293E+02     0.3911626E+02
    -0.8448283E+02     0.3911407E+02
    -0.8448877E+02     0.3911119E+02
    -0.8449602E+02     0.3910346E+02
    -0.8450393E+02     0.3909700E+02
    -0.8450701E+02     0.3909338E+02
    -0.8451124E+02     0.3909013E+02
    -0.8451737E+02     0.3908986E+02
    -0.8452343E+02     0.3908871E+02
    -0.8453477E+02     0.3909080E+02
    -0.8454450E+02     0.3909384E+02
    -0.8455132E+02     0.3909527E+02
    -0.8455466E+02     0.3909511E+02
    -0.8455849E+02     0.3909407E+02
    -0.8456210E+02     0.3908998E+02
    -0.8456574E+02     0.3908633E+02
    -0.8457430E+02     0.3908114E+02
    -0.8457917E+02     0.3907918E+02
    -0.8458566E+02     0.3907626E+02
    -0.8459883E+02     0.3907304E+02
    -0.8461151E+02     0.3907071E+02
    -0.8462206E+02     0.3906978E+02
    -0.8462939E+02     0.3907075E+02
    -0.8463562E+02     0.3907177E+02
    -0.8464375E+02     0.3907574E+02
    -0.8465136E+02     0.3908017E+02
    -0.8466064E+02     0.3908453E+02
    -0.8466650E+02     0.3908818E+02
    -0.8467503E+02     0.3908995E+02
    -0.8468365E+02     0.3909303E+02
    -0.8468880E+02     0.3909453E+02
    -0.8469513E+02     0.3909685E+02
    -0.8470097E+02     0.3910006E+02
    -0.8470576E+02     0.3910419E+02
    -0.8470996E+02     0.3910791E+02
    -0.8471429E+02     0.3911336E+02
    -0.8472050E+02     0.3912135E+02
    -0.8472429E+02     0.3912683E+02
    -0.8472675E+02     0.3912976E+02
    -0.8473280E+02     0.3913557E+02
    -0.8473857E+02     0.3913791E+02
    -0.8474268E+02     0.3914033E+02
    -0.8474668E+02     0.3914145E+02
    -0.8475239E+02     0.3914291E+02
    -0.8475845E+02     0.3914175E+02
    -0.8476285E+02     0.3914067E+02
    -0.8476707E+02     0.3913742E+02
    -0.8477185E+02     0.3913415E+02
    -0.8477653E+02     0.3912957E+02
    -0.8478058E+02     0.3912415E+02
    -0.8478568E+02     0.3911781E+02
    -0.8478986E+02     0.3911412E+02
    -0.8479578E+02     0.3911123E+02
    -0.8480951E+02     0.3910796E+02
    -0.8481712E+02     0.3910487E+02
    -0.8481712E+02     0.3910487E+02
    -0.8481722E+02     0.3914302E+02
    -0.8481683E+02     0.3914969E+02
    -0.8481761E+02     0.3916411E+02
    -0.8481438E+02     0.3917619E+02
    -0.8481723E+02     0.3918272E+02
    -0.8481937E+02     0.3921153E+02
    -0.8481775E+02     0.3922927E+02
    -0.8481747E+02     0.3924925E+02
    -0.8481738E+02     0.3925200E+02
    -0.8481757E+02     0.3927838E+02
    -0.8481554E+02     0.3931449E+02
    -0.8481355E+02     0.3933133E+02
    -0.8481728E+02     0.3936168E+02
    -0.8481556E+02     0.3937024E+02
    -0.8481546E+02     0.3942438E+02
    -0.8481544E+02     0.3942601E+02
    -0.8481531E+02     0.3943425E+02
    -0.8481966E+02     0.3943859E+02
    -0.8481582E+02     0.3944501E+02
    -0.8481454E+02     0.3947145E+02
    -0.8481494E+02     0.3948473E+02
    -0.8481567E+02     0.3949847E+02
    -0.8481366E+02     0.3951117E+02
    -0.8481492E+02     0.3952809E+02
    -0.8481382E+02     0.3954901E+02
    -0.8480978E+02     0.3955446E+02
    -0.8481232E+02     0.3955664E+02
    -0.8481476E+02     0.3956163E+02
    -0.8481297E+02     0.3958918E+02
    -0.8481235E+02     0.3960068E+02
    -0.8481355E+02     0.3963250E+02
    -0.8481333E+02     0.3965338E+02
    -0.8481465E+02     0.3966708E+02
    -0.8481255E+02     0.3969836E+02
    -0.8481281E+02     0.3973367E+02
    -0.8481563E+02     0.3974340E+02
    -0.8481315E+02     0.3976185E+02
    -0.8481172E+02     0.3977453E+02
    -0.8481120E+02     0.3979541E+02
    -0.8481129E+02     0.3979925E+02
    -0.8481137E+02     0.3981352E+02
    -0.8481155E+02     0.3984306E+02
    -0.8481151E+02     0.3986281E+02
    -0.8481068E+02     0.3989540E+02
    -0.8481065E+02     0.3992268E+02
    -0.8481268E+02     0.3993382E+02
    -0.8481147E+02     0.3994946E+02
    -0.8481100E+02     0.3999265E+02
    -0.8481086E+02     0.4000000E+02
    -0.8481259E+02     0.4005128E+02
    -0.8480679E+02     0.4020490E+02
    -0.8480463E+02     0.4028705E+02
    -0.8480132E+02     0.4041282E+02
    -0.8480031E+02     0.4045121E+02
    -0.8480000E+02     0.4053861E+02
    -0.8479956E+02     0.4066442E+02
    -0.8479912E+02     0.4079026E+02
    -0.8479868E+02     0.4091610E+02
    -0.8479894E+02     0.4093977E+02
    -0.8480039E+02     0.4106562E+02
    -0.8480185E+02     0.4119148E+02
    -0.8480331E+02     0.4131736E+02
    -0.8480477E+02     0.4144324E+02
    -0.8480537E+02     0.4149409E+02
    -0.8480518E+02     0.4156913E+02
    -0.8480488E+02     0.4169504E+02
    -0.8463683E+02     0.4169905E+02
    -0.8446877E+02     0.4170280E+02
    -0.8432821E+02     0.4170575E+02
    -0.8430069E+02     0.4170660E+02
    -0.8413266E+02     0.4171163E+02
    -0.8396460E+02     0.4171640E+02
    -0.8392045E+02     0.4171761E+02
    -0.8379663E+02     0.4172278E+02
    -0.8362866E+02     0.4172956E+02
    -0.8347283E+02     0.4173563E+02
    -0.8347283E+02     0.4173563E+02
    -0.8347305E+02     0.4173491E+02
    -0.8346258E+02     0.4173370E+02
    -0.8345369E+02     0.4173951E+02
    -0.8345032E+02     0.4173970E+02
    -0.8344702E+02     0.4173577E+02
    -0.8344621E+02     0.4173049E+02
    -0.8344939E+02     0.4172388E+02
    -0.8345871E+02     0.4171689E+02
    -0.8346175E+02     0.4170226E+02
    -0.8346175E+02     0.4170226E+02
    -0.8345179E+02     0.4169506E+02
    -0.8345179E+02     0.4169506E+02
    -0.8343921E+02     0.4169698E+02
    -0.8343108E+02     0.4169048E+02
    -0.8342221E+02     0.4169061E+02
    -0.8341064E+02     0.4168773E+02
    -0.8337495E+02     0.4168366E+02
    -0.8335290E+02     0.4168501E+02
    -0.8334705E+02     0.4168723E+02
    -0.8333807E+02     0.4169239E+02
    -0.8333679E+02     0.4169489E+02
    -0.8333814E+02     0.4170315E+02
    -0.8333328E+02     0.4170149E+02
    -0.8331181E+02     0.4169028E+02
    -0.8330273E+02     0.4168555E+02
    -0.8326324E+02     0.4166032E+02
    -0.8322996E+02     0.4164502E+02
    -0.8323062E+02     0.4164273E+02
    -0.8324068E+02     0.4164378E+02
    -0.8324319E+02     0.4164129E+02
    -0.8324021E+02     0.4163782E+02
    -0.8324300E+02     0.4163602E+02
    -0.8324062E+02     0.4163301E+02
    -0.8323087E+02     0.4163174E+02
    -0.8322253E+02     0.4163576E+02
    -0.8321460E+02     0.4163520E+02
    -0.8320800E+02     0.4163356E+02
    -0.8318240E+02     0.4162721E+02
    -0.8317666E+02     0.4162439E+02
    -0.8315508E+02     0.4161998E+02
    -0.8312930E+02     0.4161184E+02
    -0.8311772E+02     0.4161076E+02
    -0.8310391E+02     0.4161331E+02
    -0.8309453E+02     0.4160997E+02
    -0.8307101E+02     0.4159796E+02
    -0.8305796E+02     0.4158760E+02
    -0.8305454E+02     0.4158490E+02
    -0.8302933E+02     0.4155682E+02
    -0.8301139E+02     0.4154235E+02
    -0.8299455E+02     0.4153294E+02
    -0.8298422E+02     0.4153141E+02
    -0.8294917E+02     0.4151920E+02
    -0.8294592E+02     0.4151525E+02
    -0.8294592E+02     0.4151525E+02
    -0.8293664E+02     0.4150893E+02
    -0.8293664E+02     0.4150893E+02
    -0.8292400E+02     0.4151376E+02
    -0.8289342E+02     0.4151648E+02
    -0.8288051E+02     0.4152017E+02
    -0.8287523E+02     0.4152352E+02
    -0.8285860E+02     0.4153951E+02
    -0.8285188E+02     0.4155062E+02
    -0.8285011E+02     0.4155906E+02
    -0.8285525E+02     0.4157129E+02
    -0.8285480E+02     0.4157632E+02
    -0.8284298E+02     0.4158368E+02
    -0.8283595E+02     0.4158402E+02
    -0.8283550E+02     0.4158480E+02
    -0.8283144E+02     0.4159196E+02
    -0.8282963E+02     0.4159125E+02
    -0.8282626E+02     0.4158134E+02
    -0.8281538E+02     0.4156696E+02
    -0.8282652E+02     0.4155135E+02
    -0.8283921E+02     0.4154538E+02
    -0.8283926E+02     0.4154377E+02
    -0.8283260E+02     0.4154160E+02
    -0.8283057E+02     0.4153836E+02
    -0.8283433E+02     0.4153476E+02
    -0.8284480E+02     0.4153150E+02
    -0.8285321E+02     0.4152545E+02
    -0.8286181E+02     0.4152353E+02
    -0.8286400E+02     0.4152151E+02
    -0.8285975E+02     0.4152098E+02
    -0.8284961E+02     0.4152333E+02
    -0.8284092E+02     0.4152772E+02
    -0.8283599E+02     0.4153020E+02
    -0.8282649E+02     0.4153165E+02
    -0.8282396E+02     0.4153459E+02
    -0.8282497E+02     0.4154170E+02
    -0.8282027E+02     0.4154620E+02
    -0.8281843E+02     0.4155671E+02
    -0.8281561E+02     0.4155918E+02
    -0.8280429E+02     0.4155991E+02
    -0.8277632E+02     0.4153608E+02
    -0.8277999E+02     0.4153568E+02
    -0.8279470E+02     0.4154394E+02
    -0.8279957E+02     0.4154448E+02
    -0.8280862E+02     0.4153777E+02
    -0.8281149E+02     0.4153346E+02
    -0.8281007E+02     0.4153000E+02
    -0.8280465E+02     0.4152739E+02
    -0.8280390E+02     0.4152745E+02
    -0.8279272E+02     0.4152834E+02
    -0.8276970E+02     0.4153298E+02
    -0.8275424E+02     0.4153959E+02
    -0.8274628E+02     0.4154082E+02
    -0.8271733E+02     0.4153940E+02
    -0.8271191E+02     0.4153702E+02
    -0.8270721E+02     0.4153121E+02
    -0.8270672E+02     0.4152753E+02
    -0.8271334E+02     0.4151070E+02
    -0.8270700E+02     0.4149891E+02
    -0.8270923E+02     0.4149598E+02
    -0.8271870E+02     0.4150222E+02
    -0.8272028E+02     0.4150327E+02
    -0.8273057E+02     0.4150597E+02
    -0.8274490E+02     0.4150622E+02
    -0.8275824E+02     0.4149844E+02
    -0.8278257E+02     0.4150068E+02
    -0.8279965E+02     0.4150051E+02
    -0.8280641E+02     0.4149880E+02
    -0.8281544E+02     0.4149254E+02
    -0.8283114E+02     0.4149784E+02
    -0.8283937E+02     0.4149797E+02
    -0.8286313E+02     0.4148806E+02
    -0.8287260E+02     0.4148642E+02
    -0.8288489E+02     0.4148429E+02
    -0.8290167E+02     0.4148341E+02
    -0.8292477E+02     0.4148630E+02
    -0.8293727E+02     0.4148603E+02
    -0.8295720E+02     0.4148199E+02
    -0.8296923E+02     0.4146523E+02
    -0.8297662E+02     0.4146237E+02
    -0.8297662E+02     0.4146237E+02
    -0.8297512E+02     0.4145021E+02
    -0.8297512E+02     0.4145021E+02
    -0.8296578E+02     0.4144617E+02
    -0.8295886E+02     0.4143187E+02
    -0.8295057E+02     0.4142327E+02
    -0.8293373E+02     0.4141522E+02
    -0.8292188E+02     0.4141458E+02
    -0.8286819E+02     0.4143914E+02
    -0.8285359E+02     0.4143821E+02
    -0.8284240E+02     0.4144310E+02
    -0.8283693E+02     0.4144549E+02
    -0.8282697E+02     0.4145266E+02
    -0.8282214E+02     0.4146151E+02
    -0.8281844E+02     0.4146305E+02
    -0.8281117E+02     0.4146155E+02
    -0.8280672E+02     0.4146766E+02
    -0.8280332E+02     0.4146920E+02
    -0.8279572E+02     0.4146862E+02
    -0.8278787E+02     0.4146619E+02
    -0.8276189E+02     0.4144880E+02
    -0.8274281E+02     0.4144504E+02
    -0.8272666E+02     0.4144476E+02
    -0.8271613E+02     0.4145029E+02
    -0.8270665E+02     0.4145265E+02
    -0.8269801E+02     0.4145478E+02
    -0.8268446E+02     0.4144996E+02
    -0.8267594E+02     0.4144935E+02
    -0.8266279E+02     0.4145094E+02
    -0.8265921E+02     0.4144859E+02
    -0.8266486E+02     0.4144342E+02
    -0.8266035E+02     0.4144151E+02
    -0.8264967E+02     0.4144223E+02
    -0.8264667E+02     0.4144057E+02
    -0.8264550E+02     0.4143895E+02
    -0.8265015E+02     0.4143652E+02
    -0.8264990E+02     0.4143468E+02
    -0.8264474E+02     0.4143436E+02
    -0.8263939E+02     0.4143014E+02
    -0.8263158E+02     0.4142678E+02
    -0.8262370E+02     0.4142572E+02
    -0.8262138E+02     0.4142179E+02
    -0.8258954E+02     0.4140860E+02
    -0.8258556E+02     0.4140898E+02
    -0.8258652E+02     0.4140993E+02
    -0.8259323E+02     0.4141668E+02
    -0.8260616E+02     0.4142173E+02
    -0.8262342E+02     0.4143419E+02
    -0.8263156E+02     0.4143663E+02
    -0.8265503E+02     0.4145538E+02
    -0.8266792E+02     0.4146226E+02
    -0.8267404E+02     0.4147084E+02
    -0.8268987E+02     0.4148120E+02
    -0.8268641E+02     0.4148458E+02
    -0.8267934E+02     0.4148651E+02
    -0.8267161E+02     0.4147982E+02
    -0.8264345E+02     0.4145540E+02
    -0.8262617E+02     0.4144341E+02
    -0.8259805E+02     0.4142731E+02
    -0.8257168E+02     0.4140551E+02
    -0.8255476E+02     0.4140153E+02
    -0.8254778E+02     0.4139768E+02
    -0.8252935E+02     0.4138753E+02
    -0.8251216E+02     0.4138284E+02
    -0.8248941E+02     0.4138056E+02
    -0.8246531E+02     0.4138214E+02
    -0.8244531E+02     0.4138816E+02
    -0.8242198E+02     0.4140211E+02
    -0.8240405E+02     0.4140976E+02
    -0.8239742E+02     0.4141164E+02
    -0.8235881E+02     0.4142257E+02
    -0.8233761E+02     0.4142762E+02
    -0.8233086E+02     0.4142736E+02
    -0.8229745E+02     0.4142607E+02
    -0.8226154E+02     0.4143331E+02
    -0.8224764E+02     0.4143805E+02
    -0.8219983E+02     0.4146058E+02
    -0.8219041E+02     0.4146747E+02
    -0.8217960E+02     0.4147135E+02
    -0.8216811E+02     0.4147636E+02
    -0.8213982E+02     0.4148235E+02
    -0.8209591E+02     0.4149737E+02
    -0.8202287E+02     0.4151487E+02
    -0.8202103E+02     0.4151530E+02
    -0.8198226E+02     0.4151597E+02
    -0.8195733E+02     0.4150689E+02
    -0.8193973E+02     0.4149775E+02
    -0.8192829E+02     0.4149426E+02
    -0.8191645E+02     0.4149305E+02
    -0.8188084E+02     0.4149123E+02
    -0.8186527E+02     0.4149176E+02
    -0.8186308E+02     0.4149205E+02
    -0.8184808E+02     0.4149407E+02
    -0.8183942E+02     0.4149682E+02
    -0.8182285E+02     0.4149892E+02
    -0.8180312E+02     0.4150345E+02
    -0.8179369E+02     0.4150297E+02
    -0.8176562E+02     0.4149651E+02
    -0.8174432E+02     0.4149526E+02
    -0.8173804E+02     0.4149257E+02
    -0.8173421E+02     0.4149614E+02
    -0.8172782E+02     0.4149597E+02
    -0.8170782E+02     0.4150799E+02
    -0.8169862E+02     0.4151351E+02
    -0.8169157E+02     0.4151401E+02
    -0.8168978E+02     0.4151969E+02
    -0.8168081E+02     0.4152219E+02
    -0.8166923E+02     0.4152830E+02
    -0.8166099E+02     0.4152830E+02
    -0.8165437E+02     0.4153270E+02
    -0.8164194E+02     0.4153717E+02
    -0.8164056E+02     0.4154057E+02
    -0.8163204E+02     0.4154607E+02
    -0.8162655E+02     0.4154614E+02
    -0.8158819E+02     0.4156868E+02
    -0.8159007E+02     0.4157377E+02
    -0.8158655E+02     0.4157711E+02
    -0.8158297E+02     0.4157749E+02
    -0.8157796E+02     0.4157801E+02
    -0.8154375E+02     0.4160844E+02
    -0.8153205E+02     0.4161613E+02
    -0.8149440E+02     0.4162926E+02
    -0.8146850E+02     0.4165142E+02
    -0.8146077E+02     0.4165963E+02
    -0.8145653E+02     0.4166414E+02
    -0.8144254E+02     0.4167427E+02
    -0.8141487E+02     0.4169292E+02
    -0.8139592E+02     0.4170567E+02
    -0.8130896E+02     0.4175142E+02
    -0.8129019E+02     0.4176414E+02
    -0.8128281E+02     0.4176460E+02
    -0.8128080E+02     0.4176225E+02
    -0.8126269E+02     0.4176283E+02
    -0.8124442E+02     0.4176640E+02
    -0.8122913E+02     0.4177119E+02
    -0.8119795E+02     0.4178626E+02
    -0.8116922E+02     0.4179567E+02
    -0.8115780E+02     0.4180241E+02
    -0.8112993E+02     0.4181378E+02
    -0.8109940E+02     0.4182622E+02
    -0.8107122E+02     0.4183608E+02
    -0.8099972E+02     0.4185711E+02
    -0.8097478E+02     0.4186203E+02
    -0.8096990E+02     0.4186300E+02
    -0.8094035E+02     0.4186430E+02
    -0.8091941E+02     0.4187047E+02
    -0.8089349E+02     0.4187257E+02
    -0.8087075E+02     0.4188302E+02
    -0.8081876E+02     0.4190336E+02
    -0.8079804E+02     0.4191145E+02
    -0.8079270E+02     0.4191333E+02
    -0.8077928E+02     0.4191171E+02
    -0.8074413E+02     0.4191850E+02
    -0.8072504E+02     0.4192401E+02
    -0.8070274E+02     0.4192665E+02
    -0.8070165E+02     0.4192712E+02
    -0.8068600E+02     0.4193385E+02
    -0.8065649E+02     0.4194333E+02
    -0.8064496E+02     0.4194566E+02
    -0.8063148E+02     0.4194494E+02
    -0.8062554E+02     0.4194175E+02
    -0.8062091E+02     0.4194204E+02
    -0.8059373E+02     0.4194861E+02
    -0.8054619E+02     0.4196542E+02
    -0.8052415E+02     0.4197194E+02
    -0.8052140E+02     0.4197275E+02
    -0.8051627E+02     0.4197527E+02
END
END
