oklahoma
1
    -0.9724288E+02     0.3557400E+02
    -0.9986179E+02     0.3454399E+02
    -0.9989804E+02     0.3457380E+02
    -0.9991729E+02     0.3458341E+02
    -0.9993599E+02     0.3459006E+02
    -0.9994381E+02     0.3459026E+02
    -0.9996687E+02     0.3458096E+02
    -0.9997986E+02     0.3457672E+02
    -0.9999795E+02     0.3457431E+02
    -0.1000000E+03     0.3457424E+02
    -0.1000000E+03     0.3458150E+02
    -0.1000000E+03     0.3460000E+02
    -0.1000000E+03     0.3466480E+02
    -0.1000000E+03     0.3470000E+02
    -0.1000000E+03     0.3474810E+02
    -0.1000000E+03     0.3480000E+02
    -0.1000000E+03     0.3483140E+02
    -0.1000000E+03     0.3490000E+02
    -0.1000000E+03     0.3491470E+02
    -0.1000000E+03     0.3499800E+02
    -0.1000000E+03     0.3500000E+02
    -0.1000000E+03     0.3508330E+02
    -0.1000000E+03     0.3510000E+02
    -0.1000000E+03     0.3516660E+02
    -0.1000000E+03     0.3520000E+02
    -0.1000000E+03     0.3524990E+02
    -0.1000000E+03     0.3530000E+02
    -0.1000000E+03     0.3533320E+02
    -0.1000000E+03     0.3540000E+02
    -0.1000000E+03     0.3541650E+02
    -0.1000000E+03     0.3550000E+02
    -0.1000000E+03     0.3558310E+02
    -0.1000000E+03     0.3560000E+02
    -0.1000000E+03     0.3566640E+02
    -0.1000000E+03     0.3570000E+02
    -0.1000000E+03     0.3574970E+02
    -0.1000000E+03     0.3580000E+02
    -0.1000000E+03     0.3583300E+02
    -0.1000000E+03     0.3590000E+02
    -0.1000000E+03     0.3591630E+02
    -0.1000000E+03     0.3600000E+02
    -0.1000000E+03     0.3608290E+02
    -0.1000000E+03     0.3610000E+02
    -0.1000000E+03     0.3616620E+02
    -0.1000000E+03     0.3620000E+02
    -0.1000000E+03     0.3624950E+02
    -0.1000000E+03     0.3630000E+02
    -0.1000000E+03     0.3633280E+02
    -0.1000000E+03     0.3640000E+02
    -0.1000000E+03     0.3641610E+02
    -0.1000000E+03     0.3649604E+02
    -0.1030067E+03     0.3649650E+02
    -0.1030047E+03     0.3700256E+02
    -0.1030046E+03     0.3700523E+02
    -0.1027559E+03     0.3700161E+02
    -0.1026984E+03     0.3699500E+02
    -0.1025219E+03     0.3699339E+02
    -0.1023772E+03     0.3699271E+02
    -0.1023509E+03     0.3699637E+02
    -0.1020439E+03     0.3699129E+02
    -0.1020386E+03     0.3699120E+02
    -0.1017459E+03     0.3699535E+02
    -0.1014592E+03     0.3699442E+02
    -0.1011349E+03     0.3699335E+02
    -0.1010337E+03     0.3699082E+02
    -0.1009664E+03     0.3699915E+02
    -0.1004359E+03     0.3700220E+02
    -0.1000000E+03     0.3700137E+02
    -0.9999924E+02     0.3700135E+02
    -0.9997530E+02     0.3700310E+02
    -0.9992040E+02     0.3700308E+02
    -0.9977526E+02     0.3700291E+02
    -0.9976304E+02     0.3700301E+02
    -0.9968895E+02     0.3700358E+02
    -0.9967043E+02     0.3700494E+02
    -0.9963124E+02     0.3700317E+02
    -0.9960581E+02     0.3700317E+02
    -0.9946196E+02     0.3700313E+02
    -0.9944845E+02     0.3700345E+02
    -0.9939640E+02     0.3700467E+02
    -0.9939195E+02     0.3700309E+02
    -0.9931680E+02     0.3700308E+02
    -0.9929152E+02     0.3700322E+02
    -0.9913416E+02     0.3700396E+02
    -0.9911379E+02     0.3700404E+02
    -0.9910728E+02     0.3700510E+02
    -0.9910115E+02     0.3700383E+02
    -0.9907072E+02     0.3700346E+02
    -0.9899111E+02     0.3700488E+02
    -0.9897714E+02     0.3700478E+02
    -0.9883557E+02     0.3700367E+02
    -0.9881978E+02     0.3700375E+02
    -0.9866241E+02     0.3700445E+02
    -0.9850504E+02     0.3700495E+02
    -0.9847984E+02     0.3700501E+02
    -0.9845953E+02     0.3700558E+02
    -0.9844704E+02     0.3700345E+02
    -0.9832278E+02     0.3700475E+02
    -0.9831928E+02     0.3700478E+02
    -0.9828903E+02     0.3700283E+02
    -0.9819603E+02     0.3700116E+02
    -0.9816553E+02     0.3700158E+02
    -0.9808292E+02     0.3700267E+02
    -0.9803464E+02     0.3700082E+02
    -0.9799008E+02     0.3700291E+02
    -0.9798568E+02     0.3700151E+02
    -0.9794663E+02     0.3700057E+02
    -0.9791814E+02     0.3700140E+02
    -0.9789258E+02     0.3700214E+02
    -0.9776079E+02     0.3700235E+02
    -0.9760342E+02     0.3700241E+02
    -0.9758331E+02     0.3700101E+02
    -0.9751170E+02     0.3700200E+02
    -0.9747338E+02     0.3700251E+02
    -0.9736787E+02     0.3700143E+02
    -0.9735435E+02     0.3700181E+02
    -0.9731696E+02     0.3700285E+02
    -0.9722666E+02     0.3700194E+02
    -0.9719704E+02     0.3700313E+02
    -0.9718008E+02     0.3700381E+02
    -0.9710579E+02     0.3700217E+02
    -0.9703974E+02     0.3700325E+02
    -0.9701816E+02     0.3700330E+02
    -0.9686079E+02     0.3700353E+02
    -0.9670342E+02     0.3700356E+02
    -0.9654605E+02     0.3700338E+02
    -0.9649692E+02     0.3700328E+02
    -0.9647189E+02     0.3700116E+02
    -0.9643045E+02     0.3700280E+02
    -0.9638891E+02     0.3700143E+02
    -0.9638570E+02     0.3700132E+02
    -0.9632252E+02     0.3700342E+02
    -0.9628750E+02     0.3700181E+02
    -0.9623167E+02     0.3700307E+02
    -0.9621771E+02     0.3700338E+02
    -0.9609657E+02     0.3700285E+02
    -0.9607514E+02     0.3700397E+02
    -0.9607436E+02     0.3700393E+02
    -0.9605676E+02     0.3700293E+02
    -0.9603364E+02     0.3700433E+02
    -0.9591710E+02     0.3700528E+02
    -0.9585040E+02     0.3700451E+02
    -0.9583762E+02     0.3700672E+02
    -0.9580434E+02     0.3700515E+02
    -0.9576009E+02     0.3700550E+02
    -0.9563174E+02     0.3700640E+02
    -0.9550259E+02     0.3700540E+02
    -0.9548544E+02     0.3700608E+02
    -0.9545673E+02     0.3700430E+02
    -0.9535278E+02     0.3700303E+02
    -0.9534537E+02     0.3700363E+02
    -0.9534050E+02     0.3700403E+02
    -0.9527348E+02     0.3700292E+02
    -0.9518804E+02     0.3700307E+02
    -0.9503067E+02     0.3700319E+02
    -0.9502531E+02     0.3700319E+02
    -0.9500000E+02     0.3700349E+02
    -0.9490800E+02     0.3700460E+02
    -0.9487332E+02     0.3700393E+02
    -0.9483157E+02     0.3700312E+02
    -0.9482757E+02     0.3700422E+02
    -0.9478979E+02     0.3700453E+02
    -0.9475611E+02     0.3700148E+02
    -0.9475427E+02     0.3700341E+02
    -0.9473316E+02     0.3700567E+02
    -0.9467603E+02     0.3700594E+02
    -0.9462498E+02     0.3700616E+02
    -0.9461855E+02     0.3700473E+02
    -0.9461913E+02     0.3694935E+02
    -0.9462045E+02     0.3682324E+02
    -0.9461774E+02     0.3677115E+02
    -0.9461779E+02     0.3675497E+02
    -0.9461812E+02     0.3662884E+02
    -0.9461831E+02     0.3655799E+02
    -0.9461697E+02     0.3650272E+02
    -0.9461061E+02     0.3645066E+02
    -0.9460724E+02     0.3642306E+02
    -0.9460214E+02     0.3640411E+02
    -0.9460119E+02     0.3639082E+02
    -0.9458972E+02     0.3632579E+02
    -0.9457674E+02     0.3625200E+02
    -0.9456999E+02     0.3620069E+02
    -0.9455353E+02     0.3607526E+02
    -0.9455481E+02     0.3606930E+02
    -0.9455256E+02     0.3605986E+02
    -0.9453268E+02     0.3597631E+02
    -0.9452469E+02     0.3593579E+02
    -0.9452312E+02     0.3592784E+02
    -0.9451194E+02     0.3585048E+02
    -0.9450294E+02     0.3581095E+02
    -0.9450315E+02     0.3580423E+02
    -0.9450324E+02     0.3580130E+02
    -0.9448920E+02     0.3572102E+02
    -0.9448505E+02     0.3571375E+02
    -0.9448602E+02     0.3570799E+02
    -0.9448278E+02     0.3567982E+02
    -0.9448196E+02     0.3567273E+02
    -0.9446657E+02     0.3557226E+02
    -0.9446350E+02     0.3555467E+02
    -0.9444180E+02     0.3542978E+02
    -0.9444093E+02     0.3542310E+02
    -0.9444717E+02     0.3540509E+02
    -0.9444273E+02     0.3539599E+02
    -0.9443333E+02     0.3538912E+02
    -0.9443707E+02     0.3531946E+02
    -0.9443951E+02     0.3531283E+02
    -0.9444226E+02     0.3530536E+02
    -0.9444363E+02     0.3529386E+02
    -0.9444225E+02     0.3527369E+02
    -0.9443274E+02     0.3526353E+02
    -0.9443118E+02     0.3525760E+02
    -0.9443851E+02     0.3523539E+02
    -0.9444485E+02     0.3522619E+02
    -0.9444287E+02     0.3519208E+02
    -0.9444408E+02     0.3512221E+02
    -0.9444707E+02     0.3506599E+02
    -0.9444860E+02     0.3503707E+02
    -0.9444731E+02     0.3502370E+02
    -0.9444857E+02     0.3500746E+02
    -0.9444894E+02     0.3500000E+02
    -0.9445380E+02     0.3490371E+02
    -0.9445530E+02     0.3489483E+02
    -0.9445340E+02     0.3482396E+02
    -0.9445580E+02     0.3477771E+02
    -0.9445891E+02     0.3471792E+02
    -0.9446074E+02     0.3470313E+02
    -0.9446361E+02     0.3459188E+02
    -0.9446685E+02     0.3446577E+02
    -0.9446957E+02     0.3435949E+02
    -0.9447025E+02     0.3433967E+02
    -0.9447451E+02     0.3421360E+02
    -0.9447876E+02     0.3408752E+02
    -0.9447928E+02     0.3407207E+02
    -0.9447739E+02     0.3406339E+02
    -0.9447865E+02     0.3402667E+02
    -0.9448135E+02     0.3395389E+02
    -0.9448316E+02     0.3394973E+02
    -0.9448166E+02     0.3391420E+02
    -0.9448269E+02     0.3390091E+02
    -0.9448412E+02     0.3388250E+02
    -0.9448531E+02     0.3379326E+02
    -0.9448798E+02     0.3372942E+02
    -0.9448763E+02     0.3369548E+02
    -0.9448955E+02     0.3366725E+02
    -0.9448999E+02     0.3366080E+02
    -0.9449169E+02     0.3364887E+02
    -0.9450047E+02     0.3363075E+02
    -0.9451001E+02     0.3362970E+02
    -0.9451813E+02     0.3363573E+02
    -0.9452416E+02     0.3362553E+02
    -0.9453101E+02     0.3362540E+02
    -0.9453532E+02     0.3363220E+02
    -0.9452799E+02     0.3364541E+02
    -0.9454522E+02     0.3364302E+02
    -0.9456146E+02     0.3363514E+02
    -0.9457053E+02     0.3363588E+02
    -0.9457207E+02     0.3364159E+02
    -0.9456838E+02     0.3364716E+02
    -0.9455265E+02     0.3365389E+02
    -0.9454972E+02     0.3365791E+02
    -0.9454604E+02     0.3366296E+02
    -0.9454622E+02     0.3366938E+02
    -0.9455420E+02     0.3367014E+02
    -0.9456197E+02     0.3366357E+02
    -0.9457089E+02     0.3365858E+02
    -0.9458015E+02     0.3365565E+02
    -0.9458517E+02     0.3365876E+02
    -0.9458473E+02     0.3366267E+02
    -0.9457529E+02     0.3366836E+02
    -0.9456704E+02     0.3367896E+02
    -0.9456792E+02     0.3368791E+02
    -0.9457423E+02     0.3369005E+02
    -0.9458313E+02     0.3368841E+02
    -0.9459268E+02     0.3367215E+02
    -0.9459951E+02     0.3367087E+02
    -0.9460837E+02     0.3367345E+02
    -0.9462067E+02     0.3369133E+02
    -0.9462967E+02     0.3368886E+02
    -0.9463627E+02     0.3367978E+02
    -0.9464247E+02     0.3367576E+02
    -0.9464649E+02     0.3368187E+02
    -0.9464667E+02     0.3368806E+02
    -0.9464069E+02     0.3369965E+02
    -0.9464076E+02     0.3370240E+02
    -0.9464303E+02     0.3370465E+02
    -0.9464983E+02     0.3370245E+02
    -0.9465298E+02     0.3369734E+02
    -0.9465909E+02     0.3369871E+02
    -0.9466237E+02     0.3369945E+02
    -0.9467252E+02     0.3369878E+02
    -0.9468092E+02     0.3369494E+02
    -0.9470428E+02     0.3369584E+02
    -0.9470897E+02     0.3369769E+02
    -0.9470649E+02     0.3370566E+02
    -0.9470358E+02     0.3370939E+02
    -0.9470755E+02     0.3371367E+02
    -0.9471811E+02     0.3371781E+02
    -0.9472552E+02     0.3371487E+02
    -0.9472080E+02     0.3370675E+02
    -0.9472633E+02     0.3369860E+02
    -0.9473096E+02     0.3369759E+02
    -0.9473566E+02     0.3369818E+02
    -0.9474200E+02     0.3370837E+02
    -0.9475336E+02     0.3371157E+02
    -0.9475783E+02     0.3371424E+02
    -0.9475852E+02     0.3371904E+02
    -0.9473895E+02     0.3372587E+02
    -0.9474712E+02     0.3373258E+02
    -0.9474940E+02     0.3374469E+02
    -0.9475852E+02     0.3373716E+02
    -0.9476982E+02     0.3373830E+02
    -0.9478207E+02     0.3374378E+02
    -0.9478490E+02     0.3375033E+02
    -0.9476595E+02     0.3375581E+02
    -0.9476035E+02     0.3376121E+02
    -0.9476655E+02     0.3376635E+02
    -0.9477258E+02     0.3376577E+02
    -0.9478814E+02     0.3375375E+02
    -0.9479144E+02     0.3375344E+02
    -0.9480898E+02     0.3374321E+02
    -0.9481654E+02     0.3375571E+02
    -0.9481713E+02     0.3375794E+02
    -0.9481311E+02     0.3377019E+02
    -0.9481440E+02     0.3377635E+02
    -0.9481810E+02     0.3378040E+02
    -0.9482684E+02     0.3377861E+02
    -0.9483027E+02     0.3377395E+02
    -0.9482948E+02     0.3376640E+02
    -0.9482153E+02     0.3375539E+02
    -0.9482558E+02     0.3374966E+02
    -0.9483453E+02     0.3373700E+02
    -0.9485040E+02     0.3373710E+02
    -0.9486613E+02     0.3374096E+02
    -0.9488676E+02     0.3376884E+02
    -0.9491215E+02     0.3377903E+02
    -0.9491492E+02     0.3378510E+02
    -0.9491159E+02     0.3380661E+02
    -0.9491115E+02     0.3382095E+02
    -0.9491584E+02     0.3382343E+02
    -0.9491808E+02     0.3382714E+02
    -0.9492712E+02     0.3382420E+02
    -0.9492844E+02     0.3381637E+02
    -0.9492479E+02     0.3380833E+02
    -0.9493199E+02     0.3380296E+02
    -0.9494101E+02     0.3380347E+02
    -0.9494434E+02     0.3381280E+02
    -0.9493990E+02     0.3381921E+02
    -0.9494146E+02     0.3382422E+02
    -0.9494609E+02     0.3382888E+02
    -0.9495135E+02     0.3382909E+02
    -0.9496229E+02     0.3383597E+02
    -0.9496604E+02     0.3384092E+02
    -0.9496983E+02     0.3386423E+02
    -0.9497512E+02     0.3386595E+02
    -0.9498520E+02     0.3385448E+02
    -0.9499129E+02     0.3385549E+02
    -0.9500000E+02     0.3386449E+02
    -0.9500410E+02     0.3386873E+02
    -0.9500996E+02     0.3387112E+02
    -0.9502340E+02     0.3386966E+02
    -0.9502553E+02     0.3386755E+02
    -0.9502966E+02     0.3386745E+02
    -0.9503255E+02     0.3386475E+02
    -0.9503505E+02     0.3386018E+02
    -0.9504115E+02     0.3385807E+02
    -0.9504626E+02     0.3386232E+02
    -0.9504842E+02     0.3387157E+02
    -0.9505800E+02     0.3388303E+02
    -0.9506080E+02     0.3389761E+02
    -0.9506582E+02     0.3390719E+02
    -0.9506664E+02     0.3391113E+02
    -0.9507163E+02     0.3391142E+02
    -0.9507461E+02     0.3390760E+02
    -0.9507893E+02     0.3389309E+02
    -0.9507904E+02     0.3388063E+02
    -0.9508900E+02     0.3388042E+02
    -0.9509904E+02     0.3389089E+02
    -0.9509913E+02     0.3389425E+02
    -0.9508336E+02     0.3390663E+02
    -0.9508186E+02     0.3391220E+02
    -0.9508611E+02     0.3391943E+02
    -0.9509160E+02     0.3392050E+02
    -0.9511674E+02     0.3391083E+02
    -0.9512639E+02     0.3391106E+02
    -0.9513461E+02     0.3391774E+02
    -0.9513479E+02     0.3392302E+02
    -0.9513094E+02     0.3392820E+02
    -0.9512611E+02     0.3393469E+02
    -0.9512959E+02     0.3393966E+02
    -0.9513541E+02     0.3394163E+02
    -0.9514352E+02     0.3394437E+02
    -0.9515830E+02     0.3394172E+02
    -0.9517691E+02     0.3394608E+02
    -0.9521351E+02     0.3396033E+02
    -0.9522433E+02     0.3396235E+02
    -0.9524058E+02     0.3394680E+02
    -0.9525052E+02     0.3393233E+02
    -0.9524961E+02     0.3392238E+02
    -0.9524869E+02     0.3391219E+02
    -0.9525101E+02     0.3390777E+02
    -0.9526491E+02     0.3389640E+02
    -0.9527075E+02     0.3389809E+02
    -0.9527147E+02     0.3390266E+02
    -0.9526850E+02     0.3391192E+02
    -0.9526876E+02     0.3391903E+02
    -0.9527649E+02     0.3391952E+02
    -0.9527971E+02     0.3391714E+02
    -0.9528172E+02     0.3390447E+02
    -0.9527890E+02     0.3388756E+02
    -0.9528061E+02     0.3388155E+02
    -0.9528733E+02     0.3387725E+02
    -0.9530420E+02     0.3387935E+02
    -0.9530524E+02     0.3387995E+02
    -0.9532248E+02     0.3388989E+02
    -0.9533049E+02     0.3389061E+02
    -0.9533761E+02     0.3388950E+02
    -0.9534114E+02     0.3388647E+02
    -0.9534156E+02     0.3387747E+02
    -0.9534696E+02     0.3387458E+02
    -0.9536544E+02     0.3387570E+02
    -0.9543751E+02     0.3387426E+02
    -0.9543964E+02     0.3387438E+02
    -0.9545461E+02     0.3387518E+02
    -0.9546555E+02     0.3388062E+02
    -0.9546432E+02     0.3388996E+02
    -0.9546741E+02     0.3389296E+02
    -0.9547427E+02     0.3389264E+02
    -0.9549347E+02     0.3388354E+02
    -0.9550333E+02     0.3388266E+02
    -0.9550462E+02     0.3388290E+02
    -0.9550529E+02     0.3388871E+02
    -0.9550886E+02     0.3389525E+02
    -0.9551248E+02     0.3389794E+02
    -0.9551967E+02     0.3389866E+02
    -0.9552925E+02     0.3389037E+02
    -0.9554646E+02     0.3388691E+02
    -0.9554900E+02     0.3389045E+02
    -0.9553316E+02     0.3389799E+02
    -0.9552059E+02     0.3390724E+02
    -0.9552393E+02     0.3391074E+02
    -0.9552718E+02     0.3391155E+02
    -0.9553554E+02     0.3390348E+02
    -0.9554720E+02     0.3390548E+02
    -0.9555261E+02     0.3390992E+02
    -0.9555341E+02     0.3392320E+02
    -0.9555867E+02     0.3393063E+02
    -0.9556854E+02     0.3393632E+02
    -0.9560003E+02     0.3394508E+02
    -0.9560635E+02     0.3394490E+02
    -0.9560946E+02     0.3393999E+02
    -0.9560240E+02     0.3392895E+02
    -0.9560321E+02     0.3392181E+02
    -0.9560797E+02     0.3391686E+02
    -0.9562409E+02     0.3391621E+02
    -0.9562695E+02     0.3391610E+02
    -0.9563755E+02     0.3391281E+02
    -0.9565128E+02     0.3389843E+02
    -0.9565532E+02     0.3389624E+02
    -0.9566553E+02     0.3389687E+02
    -0.9567335E+02     0.3389940E+02
    -0.9568407E+02     0.3389909E+02
    -0.9569999E+02     0.3389129E+02
    -0.9571291E+02     0.3389069E+02
    -0.9573676E+02     0.3390123E+02
    -0.9574834E+02     0.3390181E+02
    -0.9575614E+02     0.3389551E+02
    -0.9575789E+02     0.3388662E+02
    -0.9575558E+02     0.3386465E+02
    -0.9575998E+02     0.3385810E+02
    -0.9577190E+02     0.3385362E+02
    -0.9578412E+02     0.3385624E+02
    -0.9580276E+02     0.3386716E+02
    -0.9581078E+02     0.3386807E+02
    -0.9581834E+02     0.3386486E+02
    -0.9583021E+02     0.3384637E+02
    -0.9583583E+02     0.3384276E+02
    -0.9584353E+02     0.3384311E+02
    -0.9584492E+02     0.3384317E+02
    -0.9593784E+02     0.3389633E+02
    -0.9594230E+02     0.3389137E+02
    -0.9593915E+02     0.3387632E+02
    -0.9594109E+02     0.3387053E+02
    -0.9594347E+02     0.3386839E+02
    -0.9594417E+02     0.3386837E+02
    -0.9597398E+02     0.3386744E+02
    -0.9599193E+02     0.3386251E+02
    -0.9601817E+02     0.3385063E+02
    -0.9601817E+02     0.3385063E+02
    -0.9601971E+02     0.3384993E+02
    -0.9602522E+02     0.3385618E+02
    -0.9602986E+02     0.3385615E+02
    -0.9603853E+02     0.3383878E+02
    -0.9604632E+02     0.3383601E+02
    -0.9605846E+02     0.3383677E+02
    -0.9607102E+02     0.3383996E+02
    -0.9608376E+02     0.3384298E+02
    -0.9608376E+02     0.3384298E+02
    -0.9608689E+02     0.3384372E+02
    -0.9608689E+02     0.3384372E+02
    -0.9609241E+02     0.3384620E+02
    -0.9610056E+02     0.3384595E+02
    -0.9610415E+02     0.3384087E+02
    -0.9610061E+02     0.3383418E+02
    -0.9610199E+02     0.3382824E+02
    -0.9610523E+02     0.3382769E+02
    -0.9611702E+02     0.3383686E+02
    -0.9612675E+02     0.3383567E+02
    -0.9613220E+02     0.3383107E+02
    -0.9613220E+02     0.3383107E+02
    -0.9613433E+02     0.3382926E+02
    -0.9613531E+02     0.3381956E+02
    -0.9613795E+02     0.3381767E+02
    -0.9614880E+02     0.3381735E+02
    -0.9615469E+02     0.3381536E+02
    -0.9616086E+02     0.3380843E+02
    -0.9616171E+02     0.3379738E+02
    -0.9616697E+02     0.3378069E+02
    -0.9617538E+02     0.3377237E+02
    -0.9618899E+02     0.3376366E+02
    -0.9620032E+02     0.3375916E+02
    -0.9621484E+02     0.3375798E+02
    -0.9622676E+02     0.3376011E+02
    -0.9623126E+02     0.3376185E+02
    -0.9624918E+02     0.3376876E+02
    -0.9626267E+02     0.3376923E+02
    -0.9628966E+02     0.3376441E+02
    -0.9629555E+02     0.3376123E+02
    -0.9630355E+02     0.3375374E+02
    -0.9630909E+02     0.3373548E+02
    -0.9630909E+02     0.3373548E+02
    -0.9631645E+02     0.3371117E+02
    -0.9631645E+02     0.3371117E+02
    -0.9632709E+02     0.3370430E+02
    -0.9633960E+02     0.3370142E+02
    -0.9635415E+02     0.3370115E+02
    -0.9635660E+02     0.3370611E+02
    -0.9637527E+02     0.3373346E+02
    -0.9639384E+02     0.3374751E+02
    -0.9641074E+02     0.3376643E+02
    -0.9641408E+02     0.3377250E+02
    -0.9641589E+02     0.3378116E+02
    -0.9642048E+02     0.3378490E+02
    -0.9643011E+02     0.3378502E+02
    -0.9644335E+02     0.3378207E+02
    -0.9644335E+02     0.3378207E+02
    -0.9645501E+02     0.3377947E+02
    -0.9648898E+02     0.3377351E+02
    -0.9650285E+02     0.3377670E+02
    -0.9651073E+02     0.3378009E+02
    -0.9651289E+02     0.3378923E+02
    -0.9651782E+02     0.3381210E+02
    -0.9651782E+02     0.3381210E+02
    -0.9651971E+02     0.3382085E+02
    -0.9652966E+02     0.3382851E+02
    -0.9656510E+02     0.3382552E+02
    -0.9657574E+02     0.3382388E+02
    -0.9660027E+02     0.3384547E+02
    -0.9660585E+02     0.3385721E+02
    -0.9660723E+02     0.3386772E+02
    -0.9660309E+02     0.3387797E+02
    -0.9658922E+02     0.3388651E+02
    -0.9658678E+02     0.3389257E+02
    -0.9658766E+02     0.3389491E+02
    -0.9659000E+02     0.3390117E+02
    -0.9661818E+02     0.3390290E+02
    -0.9666309E+02     0.3391845E+02
    -0.9666999E+02     0.3391866E+02
    -0.9667725E+02     0.3391012E+02
    -0.9668262E+02     0.3389224E+02
    -0.9668438E+02     0.3387146E+02
    -0.9668447E+02     0.3387037E+02
    -0.9669349E+02     0.3385373E+02
    -0.9670112E+02     0.3384724E+02
    -0.9671105E+02     0.3384251E+02
    -0.9673657E+02     0.3383604E+02
    -0.9676073E+02     0.3383489E+02
    -0.9677650E+02     0.3384118E+02
    -0.9678802E+02     0.3385038E+02
    -0.9679765E+02     0.3386631E+02
    -0.9680499E+02     0.3387843E+02
    -0.9681937E+02     0.3387948E+02
    -0.9683057E+02     0.3387790E+02
    -0.9683878E+02     0.3387207E+02
    -0.9684476E+02     0.3385577E+02
    -0.9685222E+02     0.3385135E+02
    -0.9686115E+02     0.3385353E+02
    -0.9686834E+02     0.3386381E+02
    -0.9688177E+02     0.3387752E+02
    -0.9689125E+02     0.3389590E+02
    -0.9689477E+02     0.3390273E+02
    -0.9690224E+02     0.3393733E+02
    -0.9691235E+02     0.3395530E+02
    -0.9691930E+02     0.3396123E+02
    -0.9692912E+02     0.3396405E+02
    -0.9694588E+02     0.3396316E+02
    -0.9696743E+02     0.3394945E+02
    -0.9697783E+02     0.3394812E+02
    -0.9697834E+02     0.3394947E+02
    -0.9698271E+02     0.3396101E+02
    -0.9698854E+02     0.3396170E+02
    -0.9699248E+02     0.3395832E+02
    -0.9699372E+02     0.3395116E+02
    -0.9698682E+02     0.3390321E+02
    -0.9698843E+02     0.3388823E+02
    -0.9699225E+02     0.3387797E+02
    -0.9700962E+02     0.3385998E+02
    -0.9702943E+02     0.3383989E+02
    -0.9703058E+02     0.3383933E+02
    -0.9703490E+02     0.3383719E+02
    -0.9704656E+02     0.3383832E+02
    -0.9706200E+02     0.3385427E+02
    -0.9706696E+02     0.3385595E+02
    -0.9707665E+02     0.3385528E+02
    -0.9708470E+02     0.3385186E+02
    -0.9709048E+02     0.3384103E+02
    -0.9708576E+02     0.3383685E+02
    -0.9706233E+02     0.3383242E+02
    -0.9705225E+02     0.3382563E+02
    -0.9705165E+02     0.3382160E+02
    -0.9705684E+02     0.3381361E+02
    -0.9706870E+02     0.3381252E+02
    -0.9708234E+02     0.3381062E+02
    -0.9708898E+02     0.3380623E+02
    -0.9709409E+02     0.3379914E+02
    -0.9709510E+02     0.3378762E+02
    -0.9708975E+02     0.3376579E+02
    -0.9708839E+02     0.3375116E+02
    -0.9709088E+02     0.3373660E+02
    -0.9709492E+02     0.3373024E+02
    -0.9710179E+02     0.3372515E+02
    -0.9712283E+02     0.3371791E+02
    -0.9712540E+02     0.3371793E+02
    -0.9712692E+02     0.3371794E+02
    -0.9712692E+02     0.3371794E+02
    -0.9713273E+02     0.3371798E+02
    -0.9716133E+02     0.3372788E+02
    -0.9717404E+02     0.3373862E+02
    -0.9719209E+02     0.3376110E+02
    -0.9719209E+02     0.3376110E+02
    -0.9719646E+02     0.3376836E+02
    -0.9719677E+02     0.3377396E+02
    -0.9719270E+02     0.3378160E+02
    -0.9719367E+02     0.3378562E+02
    -0.9719496E+02     0.3378869E+02
    -0.9720351E+02     0.3379460E+02
    -0.9720484E+02     0.3379829E+02
    -0.9720277E+02     0.3381490E+02
    -0.9719902E+02     0.3382159E+02
    -0.9719290E+02     0.3382589E+02
    -0.9718370E+02     0.3382874E+02
    -0.9717352E+02     0.3383412E+02
    -0.9717277E+02     0.3383584E+02
    -0.9716820E+02     0.3384618E+02
    -0.9718290E+02     0.3388897E+02
    -0.9718703E+02     0.3389598E+02
    -0.9720226E+02     0.3390725E+02
    -0.9720946E+02     0.3390884E+02
    -0.9721381E+02     0.3391304E+02
    -0.9723872E+02     0.3390303E+02
    -0.9724653E+02     0.3389415E+02
    -0.9725294E+02     0.3388127E+02
    -0.9725674E+02     0.3386699E+02
    -0.9725674E+02     0.3386699E+02
    -0.9725770E+02     0.3386340E+02
    -0.9726032E+02     0.3386123E+02
    -0.9726943E+02     0.3386155E+02
    -0.9728849E+02     0.3386782E+02
    -0.9728849E+02     0.3386782E+02
    -0.9731155E+02     0.3388464E+02
    -0.9731681E+02     0.3388512E+02
    -0.9731859E+02     0.3388252E+02
    -0.9731210E+02     0.3387062E+02
    -0.9731632E+02     0.3386264E+02
    -0.9732738E+02     0.3385672E+02
    -0.9733131E+02     0.3385868E+02
    -0.9733333E+02     0.3387185E+02
    -0.9734214E+02     0.3387017E+02
    -0.9734661E+02     0.3386496E+02
    -0.9734650E+02     0.3385171E+02
    -0.9734920E+02     0.3384568E+02
    -0.9736414E+02     0.3382349E+02
    -0.9736755E+02     0.3382082E+02
    -0.9738002E+02     0.3381756E+02
    -0.9739973E+02     0.3381560E+02
    -0.9739973E+02     0.3381560E+02
    -0.9743556E+02     0.3381640E+02
    -0.9745230E+02     0.3382202E+02
    -0.9745230E+02     0.3382202E+02
    -0.9745935E+02     0.3383194E+02
    -0.9746257E+02     0.3384118E+02
    -0.9745302E+02     0.3386278E+02
    -0.9745141E+02     0.3387875E+02
    -0.9745348E+02     0.3388688E+02
    -0.9746047E+02     0.3389773E+02
    -0.9747115E+02     0.3390630E+02
    -0.9747579E+02     0.3390794E+02
    -0.9749232E+02     0.3391230E+02
    -0.9750224E+02     0.3391188E+02
    -0.9750224E+02     0.3391188E+02
    -0.9751266E+02     0.3391144E+02
    -0.9753540E+02     0.3390474E+02
    -0.9754919E+02     0.3389589E+02
    -0.9755840E+02     0.3389320E+02
    -0.9757394E+02     0.3389298E+02
    -0.9757394E+02     0.3389298E+02
    -0.9757853E+02     0.3389576E+02
    -0.9758974E+02     0.3390720E+02
    -0.9759348E+02     0.3391368E+02
    -0.9759531E+02     0.3392486E+02
    -0.9759389E+02     0.3393273E+02
    -0.9759536E+02     0.3393822E+02
    -0.9759536E+02     0.3393822E+02
    -0.9759277E+02     0.3395418E+02
    -0.9759967E+02     0.3396330E+02
    -0.9759967E+02     0.3396330E+02
    -0.9760260E+02     0.3396499E+02
    -0.9760414E+02     0.3396413E+02
    -0.9760460E+02     0.3396119E+02
    -0.9760947E+02     0.3395754E+02
    -0.9761627E+02     0.3395937E+02
    -0.9761856E+02     0.3396034E+02
    -0.9762733E+02     0.3397375E+02
    -0.9763557E+02     0.3397844E+02
    -0.9765668E+02     0.3398426E+02
    -0.9768383E+02     0.3398560E+02
    -0.9768972E+02     0.3398282E+02
    -0.9769883E+02     0.3397415E+02
    -0.9771796E+02     0.3394529E+02
    -0.9772652E+02     0.3393688E+02
    -0.9773668E+02     0.3393184E+02
    -0.9774341E+02     0.3393139E+02
    -0.9774341E+02     0.3393139E+02
    -0.9775755E+02     0.3393045E+02
    -0.9776836E+02     0.3392699E+02
    -0.9776654E+02     0.3391168E+02
    -0.9776804E+02     0.3390932E+02
    -0.9777882E+02     0.3390976E+02
    -0.9778484E+02     0.3390903E+02
    -0.9778775E+02     0.3390706E+02
    -0.9778905E+02     0.3390172E+02
    -0.9778740E+02     0.3389561E+02
    -0.9778740E+02     0.3389561E+02
    -0.9778616E+02     0.3389106E+02
    -0.9778786E+02     0.3388731E+02
    -0.9779203E+02     0.3388367E+02
    -0.9779530E+02     0.3388307E+02
    -0.9780198E+02     0.3388415E+02
    -0.9780684E+02     0.3388255E+02
    -0.9781309E+02     0.3387263E+02
    -0.9782376E+02     0.3386562E+02
    -0.9785457E+02     0.3384924E+02
    -0.9787094E+02     0.3384728E+02
    -0.9788762E+02     0.3384951E+02
    -0.9790852E+02     0.3385786E+02
    -0.9790852E+02     0.3385786E+02
    -0.9793771E+02     0.3387386E+02
    -0.9796351E+02     0.3387634E+02
    -0.9796859E+02     0.3387817E+02
    -0.9798143E+02     0.3388884E+02
    -0.9798294E+02     0.3389497E+02
    -0.9798111E+02     0.3390056E+02
    -0.9797593E+02     0.3390562E+02
    -0.9796202E+02     0.3391201E+02
    -0.9795813E+02     0.3391563E+02
    -0.9795657E+02     0.3392122E+02
    -0.9795824E+02     0.3392551E+02
    -0.9796654E+02     0.3393431E+02
    -0.9796917E+02     0.3394062E+02
    -0.9796812E+02     0.3394549E+02
    -0.9795699E+02     0.3395657E+02
    -0.9794949E+02     0.3396817E+02
    -0.9794802E+02     0.3397513E+02
    -0.9795161E+02     0.3398346E+02
    -0.9795825E+02     0.3398798E+02
    -0.9796867E+02     0.3399094E+02
    -0.9797187E+02     0.3399102E+02
    -0.9798165E+02     0.3399126E+02
    -0.9798615E+02     0.3400484E+02
    -0.9798879E+02     0.3400724E+02
    -0.9799260E+02     0.3400637E+02
    -0.9799994E+02     0.3400052E+02
    -0.9801061E+02     0.3399593E+02
    -0.9801061E+02     0.3399593E+02
    -0.9803574E+02     0.3399178E+02
    -0.9805678E+02     0.3399410E+02
    -0.9808107E+02     0.3400216E+02
    -0.9808909E+02     0.3400482E+02
    -0.9809856E+02     0.3401143E+02
    -0.9810440E+02     0.3403135E+02
    -0.9810302E+02     0.3403611E+02
    -0.9809651E+02     0.3404017E+02
    -0.9809364E+02     0.3404782E+02
    -0.9809613E+02     0.3405146E+02
    -0.9811259E+02     0.3406103E+02
    -0.9811762E+02     0.3406878E+02
    -0.9811599E+02     0.3407825E+02
    -0.9810973E+02     0.3408605E+02
    -0.9810226E+02     0.3410488E+02
    -0.9810226E+02     0.3410488E+02
    -0.9810355E+02     0.3412062E+02
    -0.9810878E+02     0.3413437E+02
    -0.9810878E+02     0.3413437E+02
    -0.9811385E+02     0.3414447E+02
    -0.9811385E+02     0.3414447E+02
    -0.9811936E+02     0.3415418E+02
    -0.9812300E+02     0.3415401E+02
    -0.9812669E+02     0.3415384E+02
    -0.9813558E+02     0.3414309E+02
    -0.9813746E+02     0.3413737E+02
    -0.9815417E+02     0.3412531E+02
    -0.9815937E+02     0.3411850E+02
    -0.9816638E+02     0.3411347E+02
    -0.9818093E+02     0.3411138E+02
    -0.9819590E+02     0.3411537E+02
    -0.9821409E+02     0.3411686E+02
    -0.9823166E+02     0.3412589E+02
    -0.9824557E+02     0.3412992E+02
    -0.9824557E+02     0.3412992E+02
    -0.9827158E+02     0.3412635E+02
    -0.9827158E+02     0.3412635E+02
    -0.9827833E+02     0.3412226E+02
    -0.9828783E+02     0.3412885E+02
    -0.9830856E+02     0.3413443E+02
    -0.9832751E+02     0.3414547E+02
    -0.9832751E+02     0.3414547E+02
    -0.9834799E+02     0.3414846E+02
    -0.9834799E+02     0.3414846E+02
    -0.9837659E+02     0.3414605E+02
    -0.9837659E+02     0.3414605E+02
    -0.9839654E+02     0.3413111E+02
    -0.9840055E+02     0.3412386E+02
    -0.9840556E+02     0.3410183E+02
    -0.9840556E+02     0.3410183E+02
    -0.9840599E+02     0.3409417E+02
    -0.9840599E+02     0.3409417E+02
    -0.9841104E+02     0.3408812E+02
    -0.9844805E+02     0.3406108E+02
    -0.9844805E+02     0.3406108E+02
    -0.9846844E+02     0.3406047E+02
    -0.9847768E+02     0.3406205E+02
    -0.9851100E+02     0.3408213E+02
    -0.9851580E+02     0.3408348E+02
    -0.9853406E+02     0.3410159E+02
    -0.9853760E+02     0.3410346E+02
    -0.9853760E+02     0.3410346E+02
    -0.9856364E+02     0.3412753E+02
    -0.9858501E+02     0.3414148E+02
    -0.9859364E+02     0.3414597E+02
    -0.9860146E+02     0.3415005E+02
    -0.9861414E+02     0.3415316E+02
    -0.9866389E+02     0.3415298E+02
    -0.9868416E+02     0.3414396E+02
    -0.9868998E+02     0.3413849E+02
    -0.9870791E+02     0.3412864E+02
    -0.9871830E+02     0.3412387E+02
    -0.9873248E+02     0.3412146E+02
    -0.9873248E+02     0.3412146E+02
    -0.9875066E+02     0.3412413E+02
    -0.9879246E+02     0.3413493E+02
    -0.9879246E+02     0.3413493E+02
    -0.9882889E+02     0.3414193E+02
    -0.9882889E+02     0.3414193E+02
    -0.9883626E+02     0.3414334E+02
    -0.9885466E+02     0.3414354E+02
    -0.9888570E+02     0.3415227E+02
    -0.9890816E+02     0.3415630E+02
    -0.9891537E+02     0.3415980E+02
    -0.9891537E+02     0.3415980E+02
    -0.9895422E+02     0.3419864E+02
    -0.9897427E+02     0.3421260E+02
    -0.9898391E+02     0.3421654E+02
    -0.9899123E+02     0.3421591E+02
    -0.9899763E+02     0.3421463E+02
    -0.9900542E+02     0.3420961E+02
    -0.9900542E+02     0.3420961E+02
    -0.9902728E+02     0.3419540E+02
    -0.9904860E+02     0.3419659E+02
    -0.9906779E+02     0.3420307E+02
    -0.9907856E+02     0.3420361E+02
    -0.9907856E+02     0.3420361E+02
    -0.9910044E+02     0.3420434E+02
    -0.9912241E+02     0.3419937E+02
    -0.9913347E+02     0.3420272E+02
    -0.9913347E+02     0.3420272E+02
    -0.9913647E+02     0.3420553E+02
    -0.9917928E+02     0.3422051E+02
    -0.9919316E+02     0.3422406E+02
    -0.9920211E+02     0.3423159E+02
    -0.9920770E+02     0.3424183E+02
    -0.9921141E+02     0.3426704E+02
    -0.9921141E+02     0.3426704E+02
    -0.9920958E+02     0.3430492E+02
    -0.9921052E+02     0.3431660E+02
    -0.9921052E+02     0.3431660E+02
    -0.9921848E+02     0.3433619E+02
    -0.9922999E+02     0.3434998E+02
    -0.9923701E+02     0.3435416E+02
    -0.9926015E+02     0.3438131E+02
    -0.9926875E+02     0.3438770E+02
    -0.9927844E+02     0.3440668E+02
    -0.9929907E+02     0.3441265E+02
    -0.9930151E+02     0.3441336E+02
    -0.9930396E+02     0.3441597E+02
    -0.9931845E+02     0.3441554E+02
    -0.9931845E+02     0.3441554E+02
    -0.9932420E+02     0.3441634E+02
    -0.9933893E+02     0.3443323E+02
    -0.9935739E+02     0.3444807E+02
    -0.9935739E+02     0.3444807E+02
    -0.9936584E+02     0.3445432E+02
    -0.9937507E+02     0.3445758E+02
    -0.9938190E+02     0.3445626E+02
    -0.9938490E+02     0.3445563E+02
    -0.9939162E+02     0.3444972E+02
    -0.9939677E+02     0.3444160E+02
    -0.9939925E+02     0.3443157E+02
    -0.9939867E+02     0.3442471E+02
    -0.9939615E+02     0.3442117E+02
    -0.9939615E+02     0.3442117E+02
    -0.9939133E+02     0.3440699E+02
    -0.9939288E+02     0.3440063E+02
    -0.9939942E+02     0.3438828E+02
    -0.9940968E+02     0.3437914E+02
    -0.9942059E+02     0.3437882E+02
    -0.9942059E+02     0.3437882E+02
    -0.9942353E+02     0.3438072E+02
    -0.9942953E+02     0.3437945E+02
    -0.9943900E+02     0.3437337E+02
    -0.9944248E+02     0.3437323E+02
    -0.9944248E+02     0.3437323E+02
    -0.9945253E+02     0.3437725E+02
    -0.9946178E+02     0.3438498E+02
    -0.9947403E+02     0.3438741E+02
    -0.9949633E+02     0.3439894E+02
    -0.9950581E+02     0.3440785E+02
    -0.9950581E+02     0.3440785E+02
    -0.9951680E+02     0.3441295E+02
    -0.9954010E+02     0.3441272E+02
    -0.9956693E+02     0.3441779E+02
    -0.9958001E+02     0.3441816E+02
    -0.9958620E+02     0.3441595E+02
    -0.9958863E+02     0.3441190E+02
    -0.9958823E+02     0.3440732E+02
    -0.9958628E+02     0.3439456E+02
    -0.9958929E+02     0.3438771E+02
    -0.9959783E+02     0.3438053E+02
    -0.9961033E+02     0.3437426E+02
    -0.9961906E+02     0.3437259E+02
    -0.9963665E+02     0.3438004E+02
    -0.9963665E+02     0.3438004E+02
    -0.9965805E+02     0.3438231E+02
    -0.9967747E+02     0.3438001E+02
    -0.9969041E+02     0.3438237E+02
    -0.9971127E+02     0.3439281E+02
    -0.9971909E+02     0.3440347E+02
    -0.9973025E+02     0.3441306E+02
    -0.9973766E+02     0.3441394E+02
    -0.9973766E+02     0.3441394E+02
    -0.9973898E+02     0.3441317E+02
    -0.9974586E+02     0.3441550E+02
    -0.9974916E+02     0.3441829E+02
    -0.9975864E+02     0.3442806E+02
    -0.9976976E+02     0.3443428E+02
    -0.9977492E+02     0.3444225E+02
    -0.9979458E+02     0.3446061E+02
    -0.9980380E+02     0.3447612E+02
    -0.9981395E+02     0.3448880E+02
    -0.9981395E+02     0.3448880E+02
    -0.9983022E+02     0.3451313E+02
    -0.9984992E+02     0.3453423E+02
    -0.9986179E+02     0.3454399E+02
END
END
