oregon
1
    -0.1240171E+03     0.4626804E+02
    -0.1240042E+03     0.4626007E+02
    -0.1240088E+03     0.4626026E+02
    -0.1240225E+03     0.4626610E+02
    -0.1240309E+03     0.4627501E+02
    -0.1240306E+03     0.4627846E+02
    -0.1240237E+03     0.4627864E+02
    -0.1240211E+03     0.4628476E+02
    -0.1240183E+03     0.4628562E+02
    -0.1240113E+03     0.4626929E+02
    -0.1240023E+03     0.4626133E+02
    -0.1240042E+03     0.4626007E+02
END
2
    -0.1239803E+03     0.4625920E+02
    -0.1239698E+03     0.4625568E+02
    -0.1239890E+03     0.4625777E+02
    -0.1239929E+03     0.4625983E+02
    -0.1239892E+03     0.4626188E+02
    -0.1239842E+03     0.4626195E+02
    -0.1239779E+03     0.4625934E+02
    -0.1239714E+03     0.4625996E+02
    -0.1239662E+03     0.4625842E+02
    -0.1239663E+03     0.4625636E+02
    -0.1239698E+03     0.4625568E+02
END
3
    -0.1236982E+03     0.4624867E+02
    -0.1237098E+03     0.4624280E+02
    -0.1237122E+03     0.4624380E+02
    -0.1237112E+03     0.4624684E+02
    -0.1236994E+03     0.4625325E+02
    -0.1236835E+03     0.4625323E+02
    -0.1236848E+03     0.4624972E+02
    -0.1237098E+03     0.4624280E+02
END
4
    -0.1235422E+03     0.4624260E+02
    -0.1235421E+03     0.4624734E+02
    -0.1235376E+03     0.4624467E+02
    -0.1235299E+03     0.4624451E+02
    -0.1235339E+03     0.4624195E+02
    -0.1235497E+03     0.4624046E+02
    -0.1235527E+03     0.4624380E+02
    -0.1235421E+03     0.4624734E+02
END
5
    -0.1236524E+03     0.4623975E+02
    -0.1236587E+03     0.4623652E+02
    -0.1236642E+03     0.4623827E+02
    -0.1236626E+03     0.4624112E+02
    -0.1236498E+03     0.4624253E+02
    -0.1236374E+03     0.4624689E+02
    -0.1236335E+03     0.4624459E+02
    -0.1236360E+03     0.4624078E+02
    -0.1236587E+03     0.4623652E+02
END
6
    -0.1235624E+03     0.4623174E+02
    -0.1235519E+03     0.4623741E+02
    -0.1235486E+03     0.4623421E+02
    -0.1235590E+03     0.4622079E+02
    -0.1235643E+03     0.4622095E+02
    -0.1235677E+03     0.4622489E+02
    -0.1235819E+03     0.4622501E+02
    -0.1235723E+03     0.4623357E+02
    -0.1235675E+03     0.4623430E+02
    -0.1235629E+03     0.4624029E+02
    -0.1235519E+03     0.4623741E+02
END
7
    -0.1236155E+03     0.4623226E+02
    -0.1236224E+03     0.4623395E+02
    -0.1236083E+03     0.4623593E+02
    -0.1236080E+03     0.4623360E+02
    -0.1236158E+03     0.4622789E+02
    -0.1236217E+03     0.4622755E+02
    -0.1236204E+03     0.4623114E+02
    -0.1236224E+03     0.4623395E+02
END
8
    -0.1235907E+03     0.4621493E+02
    -0.1235959E+03     0.4620542E+02
    -0.1236012E+03     0.4620902E+02
    -0.1236075E+03     0.4620913E+02
    -0.1236174E+03     0.4621236E+02
    -0.1236055E+03     0.4621704E+02
    -0.1236010E+03     0.4622073E+02
    -0.1235925E+03     0.4622235E+02
    -0.1235723E+03     0.4622165E+02
    -0.1235694E+03     0.4621975E+02
    -0.1235687E+03     0.4621612E+02
    -0.1235847E+03     0.4620628E+02
    -0.1235959E+03     0.4620542E+02
END
9
    -0.1236643E+03     0.4621075E+02
    -0.1236689E+03     0.4620543E+02
    -0.1236761E+03     0.4621008E+02
    -0.1236738E+03     0.4621273E+02
    -0.1236677E+03     0.4621490E+02
    -0.1236515E+03     0.4621193E+02
    -0.1236582E+03     0.4620696E+02
    -0.1236643E+03     0.4620776E+02
    -0.1236689E+03     0.4620543E+02
END
10
    -0.1236478E+03     0.4619787E+02
    -0.1236534E+03     0.4618016E+02
    -0.1236573E+03     0.4617981E+02
    -0.1236545E+03     0.4618407E+02
    -0.1236681E+03     0.4618736E+02
    -0.1236741E+03     0.4619276E+02
    -0.1236712E+03     0.4619636E+02
    -0.1236619E+03     0.4619574E+02
    -0.1236604E+03     0.4619995E+02
    -0.1236526E+03     0.4620131E+02
    -0.1236421E+03     0.4621039E+02
    -0.1236304E+03     0.4621197E+02
    -0.1236288E+03     0.4621000E+02
    -0.1236352E+03     0.4619656E+02
    -0.1236402E+03     0.4619192E+02
    -0.1236443E+03     0.4618435E+02
    -0.1236485E+03     0.4618067E+02
    -0.1236534E+03     0.4618016E+02
END
11
    -0.1236069E+03     0.4619605E+02
    -0.1235929E+03     0.4620284E+02
    -0.1235884E+03     0.4619804E+02
    -0.1235939E+03     0.4618581E+02
    -0.1235987E+03     0.4618462E+02
    -0.1236044E+03     0.4618820E+02
    -0.1236145E+03     0.4618970E+02
    -0.1236235E+03     0.4619286E+02
    -0.1236248E+03     0.4619531E+02
    -0.1236231E+03     0.4620344E+02
    -0.1236203E+03     0.4620497E+02
    -0.1235929E+03     0.4620284E+02
END
12
    -0.1237216E+03     0.4619021E+02
    -0.1237187E+03     0.4617829E+02
    -0.1237249E+03     0.4617839E+02
    -0.1237302E+03     0.4618130E+02
    -0.1237308E+03     0.4618356E+02
    -0.1237262E+03     0.4618887E+02
    -0.1237327E+03     0.4619630E+02
    -0.1237327E+03     0.4619951E+02
    -0.1237233E+03     0.4619821E+02
    -0.1237175E+03     0.4619350E+02
    -0.1237131E+03     0.4618480E+02
    -0.1237146E+03     0.4618082E+02
    -0.1237187E+03     0.4617829E+02
END
13
    -0.1206626E+03     0.4444034E+02
    -0.1234974E+03     0.4626082E+02
    -0.1234811E+03     0.4626566E+02
    -0.1234659E+03     0.4626286E+02
    -0.1234485E+03     0.4625054E+02
    -0.1234298E+03     0.4623373E+02
    -0.1234204E+03     0.4622530E+02
    -0.1234182E+03     0.4621831E+02
    -0.1234188E+03     0.4618483E+02
    -0.1234188E+03     0.4618483E+02
    -0.1234174E+03     0.4617775E+02
    -0.1234059E+03     0.4616671E+02
    -0.1233914E+03     0.4615628E+02
    -0.1233771E+03     0.4614952E+02
    -0.1233571E+03     0.4614492E+02
    -0.1233365E+03     0.4614401E+02
    -0.1233278E+03     0.4614407E+02
    -0.1233278E+03     0.4614407E+02
    -0.1232653E+03     0.4614445E+02
    -0.1232622E+03     0.4614447E+02
    -0.1232578E+03     0.4614907E+02
    -0.1232300E+03     0.4615474E+02
    -0.1232140E+03     0.4616181E+02
    -0.1231946E+03     0.4617448E+02
    -0.1231946E+03     0.4617448E+02
    -0.1231872E+03     0.4617933E+02
    -0.1231695E+03     0.4618328E+02
    -0.1231695E+03     0.4618328E+02
    -0.1231637E+03     0.4618475E+02
    -0.1231463E+03     0.4618546E+02
    -0.1231212E+03     0.4618338E+02
    -0.1230714E+03     0.4616589E+02
    -0.1230419E+03     0.4615073E+02
    -0.1230361E+03     0.4613670E+02
    -0.1230361E+03     0.4613670E+02
    -0.1230308E+03     0.4612424E+02
    -0.1230294E+03     0.4612067E+02
    -0.1230244E+03     0.4611452E+02
    -0.1230138E+03     0.4611462E+02
    -0.1229959E+03     0.4611076E+02
    -0.1229695E+03     0.4611079E+02
    -0.1229590E+03     0.4610859E+02
    -0.1229436E+03     0.4610299E+02
    -0.1229157E+03     0.4609574E+02
    -0.1228984E+03     0.4608770E+02
    -0.1228911E+03     0.4608136E+02
    -0.1228911E+03     0.4608136E+02
    -0.1228827E+03     0.4607408E+02
    -0.1228809E+03     0.4607039E+02
    -0.1228679E+03     0.4604344E+02
    -0.1228673E+03     0.4600736E+02
    -0.1228272E+03     0.4597561E+02
    -0.1228263E+03     0.4597464E+02
    -0.1228028E+03     0.4595003E+02
    -0.1227994E+03     0.4590122E+02
    -0.1227783E+03     0.4587381E+02
    -0.1227709E+03     0.4585906E+02
    -0.1227709E+03     0.4585906E+02
    -0.1227710E+03     0.4585849E+02
    -0.1227750E+03     0.4584532E+02
    -0.1227856E+03     0.4582780E+02
    -0.1227962E+03     0.4579126E+02
    -0.1228009E+03     0.4576395E+02
    -0.1228051E+03     0.4575089E+02
    -0.1228062E+03     0.4573578E+02
    -0.1228064E+03     0.4573316E+02
    -0.1228036E+03     0.4571221E+02
    -0.1227944E+03     0.4569067E+02
    -0.1227722E+03     0.4566636E+02
    -0.1227514E+03     0.4564955E+02
    -0.1227372E+03     0.4564157E+02
    -0.1227169E+03     0.4563484E+02
    -0.1226763E+03     0.4562519E+02
    -0.1226755E+03     0.4562133E+02
    -0.1226480E+03     0.4560851E+02
    -0.1226462E+03     0.4560807E+02
    -0.1226462E+03     0.4560807E+02
    -0.1226410E+03     0.4560680E+02
    -0.1225964E+03     0.4560583E+02
    -0.1225525E+03     0.4559670E+02
    -0.1225129E+03     0.4558844E+02
    -0.1225049E+03     0.4558445E+02
    -0.1225049E+03     0.4558445E+02
    -0.1224995E+03     0.4558177E+02
    -0.1224892E+03     0.4558044E+02
    -0.1224724E+03     0.4557577E+02
    -0.1224403E+03     0.4557482E+02
    -0.1224190E+03     0.4557150E+02
    -0.1223884E+03     0.4557518E+02
    -0.1223473E+03     0.4556595E+02
    -0.1222985E+03     0.4555496E+02
    -0.1222682E+03     0.4555055E+02
    -0.1222384E+03     0.4555194E+02
    -0.1222339E+03     0.4555681E+02
    -0.1222173E+03     0.4555758E+02
    -0.1221998E+03     0.4556539E+02
    -0.1221800E+03     0.4557133E+02
    -0.1221723E+03     0.4557365E+02
    -0.1221671E+03     0.4557489E+02
    -0.1221671E+03     0.4557489E+02
    -0.1220829E+03     0.4559521E+02
    -0.1220151E+03     0.4561806E+02
    -0.1220140E+03     0.4561832E+02
    -0.1220054E+03     0.4562017E+02
    -0.1220054E+03     0.4562017E+02
    -0.1219678E+03     0.4562831E+02
    -0.1218966E+03     0.4565904E+02
    -0.1218870E+03     0.4566542E+02
    -0.1218852E+03     0.4567443E+02
    -0.1218837E+03     0.4567720E+02
    -0.1218837E+03     0.4567720E+02
    -0.1218813E+03     0.4568171E+02
    -0.1218725E+03     0.4568546E+02
    -0.1218355E+03     0.4570136E+02
    -0.1218160E+03     0.4570634E+02
    -0.1218008E+03     0.4570814E+02
    -0.1217417E+03     0.4569855E+02
    -0.1217024E+03     0.4569666E+02
    -0.1216946E+03     0.4569628E+02
    -0.1216946E+03     0.4569628E+02
    -0.1216937E+03     0.4569624E+02
    -0.1216814E+03     0.4570134E+02
    -0.1216335E+03     0.4570552E+02
    -0.1216073E+03     0.4571125E+02
    -0.1215275E+03     0.4572074E+02
    -0.1215261E+03     0.4572091E+02
    -0.1214845E+03     0.4571506E+02
    -0.1214670E+03     0.4570527E+02
    -0.1214343E+03     0.4569737E+02
    -0.1214029E+03     0.4569382E+02
    -0.1213738E+03     0.4570428E+02
    -0.1213597E+03     0.4570305E+02
    -0.1213369E+03     0.4570106E+02
    -0.1213181E+03     0.4570103E+02
    -0.1213024E+03     0.4569509E+02
    -0.1213024E+03     0.4569509E+02
    -0.1212880E+03     0.4568968E+02
    -0.1212305E+03     0.4567259E+02
    -0.1212305E+03     0.4567259E+02
    -0.1212129E+03     0.4566735E+02
    -0.1212036E+03     0.4565428E+02
    -0.1212034E+03     0.4565346E+02
    -0.1211944E+03     0.4561559E+02
    -0.1211716E+03     0.4560482E+02
    -0.1211533E+03     0.4560462E+02
    -0.1211241E+03     0.4561536E+02
    -0.1210940E+03     0.4563961E+02
    -0.1210768E+03     0.4565350E+02
    -0.1210537E+03     0.4565390E+02
    -0.1210289E+03     0.4565200E+02
    -0.1209999E+03     0.4565847E+02
    -0.1209814E+03     0.4564970E+02
    -0.1209507E+03     0.4565738E+02
    -0.1209309E+03     0.4565631E+02
    -0.1209236E+03     0.4565592E+02
    -0.1209108E+03     0.4565154E+02
    -0.1208735E+03     0.4566449E+02
    -0.1208428E+03     0.4567720E+02
    -0.1207821E+03     0.4568860E+02
    -0.1207658E+03     0.4569362E+02
    -0.1207298E+03     0.4570468E+02
    -0.1206946E+03     0.4571703E+02
    -0.1206782E+03     0.4572702E+02
    -0.1206430E+03     0.4574241E+02
    -0.1206273E+03     0.4574556E+02
    -0.1206058E+03     0.4574573E+02
    -0.1205916E+03     0.4574584E+02
    -0.1205686E+03     0.4574044E+02
    -0.1205275E+03     0.4571457E+02
    -0.1205172E+03     0.4571051E+02
    -0.1204951E+03     0.4569762E+02
    -0.1204836E+03     0.4569360E+02
    -0.1204512E+03     0.4569544E+02
    -0.1204493E+03     0.4569555E+02
    -0.1204102E+03     0.4570202E+02
    -0.1203815E+03     0.4570378E+02
    -0.1203362E+03     0.4571041E+02
    -0.1202762E+03     0.4572273E+02
    -0.1202213E+03     0.4572566E+02
    -0.1202052E+03     0.4573007E+02
    -0.1201878E+03     0.4574241E+02
    -0.1201617E+03     0.4576859E+02
    -0.1201438E+03     0.4577323E+02
    -0.1201179E+03     0.4577992E+02
    -0.1200873E+03     0.4578253E+02
    -0.1200737E+03     0.4578554E+02
    -0.1200591E+03     0.4579471E+02
    -0.1200356E+03     0.4579931E+02
    -0.1200000E+03     0.4581161E+02
    -0.1199888E+03     0.4581549E+02
    -0.1199793E+03     0.4581944E+02
    -0.1199618E+03     0.4582674E+02
    -0.1198976E+03     0.4583212E+02
    -0.1198100E+03     0.4585391E+02
    -0.1198080E+03     0.4585381E+02
    -0.1197592E+03     0.4585130E+02
    -0.1197216E+03     0.4585711E+02
    -0.1196689E+03     0.4588362E+02
    -0.1196494E+03     0.4589748E+02
    -0.1196400E+03     0.4590420E+02
    -0.1196191E+03     0.4591434E+02
    -0.1195913E+03     0.4592464E+02
    -0.1195675E+03     0.4592565E+02
    -0.1195348E+03     0.4591195E+02
    -0.1195034E+03     0.4590779E+02
    -0.1194901E+03     0.4590904E+02
    -0.1194877E+03     0.4590967E+02
    -0.1194510E+03     0.4591957E+02
    -0.1194071E+03     0.4592186E+02
    -0.1193939E+03     0.4592409E+02
    -0.1193939E+03     0.4592409E+02
    -0.1193128E+03     0.4593764E+02
    -0.1193048E+03     0.4593898E+02
    -0.1192514E+03     0.4594011E+02
    -0.1191950E+03     0.4592813E+02
    -0.1191412E+03     0.4593272E+02
    -0.1191361E+03     0.4593413E+02
    -0.1190933E+03     0.4594593E+02
    -0.1190667E+03     0.4595827E+02
    -0.1190214E+03     0.4597315E+02
    -0.1189866E+03     0.4600053E+02
    -0.1188060E+03     0.4600185E+02
    -0.1186255E+03     0.4600289E+02
    -0.1184449E+03     0.4600365E+02
    -0.1183621E+03     0.4600391E+02
    -0.1183564E+03     0.4600396E+02
    -0.1182561E+03     0.4600483E+02
    -0.1181759E+03     0.4600414E+02
    -0.1181382E+03     0.4600380E+02
    -0.1180574E+03     0.4600543E+02
    -0.1180389E+03     0.4600404E+02
    -0.1179954E+03     0.4600378E+02
    -0.1179450E+03     0.4600346E+02
    -0.1178520E+03     0.4600462E+02
    -0.1178148E+03     0.4600428E+02
    -0.1176569E+03     0.4600269E+02
    -0.1176345E+03     0.4600491E+02
    -0.1175921E+03     0.4600319E+02
    -0.1175685E+03     0.4600062E+02
    -0.1175235E+03     0.4600071E+02
    -0.1174713E+03     0.4600311E+02
    -0.1174544E+03     0.4600282E+02
    -0.1174522E+03     0.4600278E+02
    -0.1174433E+03     0.4600032E+02
    -0.1172771E+03     0.4599986E+02
    -0.1172745E+03     0.4600006E+02
    -0.1172544E+03     0.4600157E+02
    -0.1172406E+03     0.4600049E+02
    -0.1170941E+03     0.4599988E+02
    -0.1169136E+03     0.4599887E+02
    -0.1169136E+03     0.4599887E+02
    -0.1169067E+03     0.4599036E+02
    -0.1168900E+03     0.4597572E+02
    -0.1168867E+03     0.4596520E+02
    -0.1168799E+03     0.4595765E+02
    -0.1168720E+03     0.4595330E+02
    -0.1168651E+03     0.4592060E+02
    -0.1168557E+03     0.4590641E+02
    -0.1168383E+03     0.4588970E+02
    -0.1168368E+03     0.4588908E+02
    -0.1168223E+03     0.4588305E+02
    -0.1168056E+03     0.4587091E+02
    -0.1167935E+03     0.4585672E+02
    -0.1167850E+03     0.4583384E+02
    -0.1167801E+03     0.4582720E+02
    -0.1167681E+03     0.4581826E+02
    -0.1167504E+03     0.4582349E+02
    -0.1167379E+03     0.4582941E+02
    -0.1167272E+03     0.4582906E+02
    -0.1167163E+03     0.4582869E+02
    -0.1167012E+03     0.4582088E+02
    -0.1166934E+03     0.4581446E+02
    -0.1166889E+03     0.4580416E+02
    -0.1166801E+03     0.4579362E+02
    -0.1166710E+03     0.4578696E+02
    -0.1166589E+03     0.4578259E+02
    -0.1166523E+03     0.4578189E+02
    -0.1166438E+03     0.4578461E+02
    -0.1166346E+03     0.4578550E+02
    -0.1166252E+03     0.4578250E+02
    -0.1166101E+03     0.4578314E+02
    -0.1166026E+03     0.4578106E+02
    -0.1165876E+03     0.4577210E+02
    -0.1165671E+03     0.4575877E+02
    -0.1165514E+03     0.4575117E+02
    -0.1165430E+03     0.4574062E+02
    -0.1165395E+03     0.4573055E+02
    -0.1165409E+03     0.4571797E+02
    -0.1165397E+03     0.4569624E+02
    -0.1165346E+03     0.4568730E+02
    -0.1165247E+03     0.4567706E+02
    -0.1165164E+03     0.4566848E+02
    -0.1164982E+03     0.4565423E+02
    -0.1164876E+03     0.4564161E+02
    -0.1164882E+03     0.4563750E+02
    -0.1164863E+03     0.4563337E+02
    -0.1164785E+03     0.4563060E+02
    -0.1164756E+03     0.4562304E+02
    -0.1164698E+03     0.4561844E+02
    -0.1164669E+03     0.4561225E+02
    -0.1164699E+03     0.4560312E+02
    -0.1164874E+03     0.4558466E+02
    -0.1164861E+03     0.4558099E+02
    -0.1164887E+03     0.4557689E+02
    -0.1164961E+03     0.4557255E+02
    -0.1165041E+03     0.4556780E+02
    -0.1165084E+03     0.4556187E+02
    -0.1165270E+03     0.4555645E+02
    -0.1165303E+03     0.4555257E+02
    -0.1165278E+03     0.4554250E+02
    -0.1165472E+03     0.4551558E+02
    -0.1165576E+03     0.4550921E+02
    -0.1165590E+03     0.4550349E+02
    -0.1165561E+03     0.4549525E+02
    -0.1165614E+03     0.4548017E+02
    -0.1165576E+03     0.4547215E+02
    -0.1165592E+03     0.4546758E+02
    -0.1165615E+03     0.4546279E+02
    -0.1165808E+03     0.4545119E+02
    -0.1165896E+03     0.4544366E+02
    -0.1165954E+03     0.4542588E+02
    -0.1165979E+03     0.4541784E+02
    -0.1166045E+03     0.4540894E+02
    -0.1166208E+03     0.4539732E+02
    -0.1166444E+03     0.4536102E+02
    -0.1166552E+03     0.4535213E+02
    -0.1166682E+03     0.4533455E+02
    -0.1166751E+03     0.4531946E+02
    -0.1166756E+03     0.4531556E+02
    -0.1166761E+03     0.4531100E+02
    -0.1166730E+03     0.4528995E+02
    -0.1166779E+03     0.4527806E+02
    -0.1166939E+03     0.4526003E+02
    -0.1167099E+03     0.4522163E+02
    -0.1167110E+03     0.4520585E+02
    -0.1167154E+03     0.4519573E+02
    -0.1167244E+03     0.4517545E+02
    -0.1167326E+03     0.4514275E+02
    -0.1167615E+03     0.4511581E+02
    -0.1167725E+03     0.4510873E+02
    -0.1167786E+03     0.4510142E+02
    -0.1167832E+03     0.4508472E+02
    -0.1167841E+03     0.4508334E+02
    -0.1167962E+03     0.4506484E+02
    -0.1168344E+03     0.4503812E+02
    -0.1168402E+03     0.4503057E+02
    -0.1168444E+03     0.4501937E+02
    -0.1168406E+03     0.4500289E+02
    -0.1168423E+03     0.4500000E+02
    -0.1168535E+03     0.4498117E+02
    -0.1168519E+03     0.4497430E+02
    -0.1168452E+03     0.4497544E+02
    -0.1168319E+03     0.4498435E+02
    -0.1168248E+03     0.4498159E+02
    -0.1168284E+03     0.4497313E+02
    -0.1168381E+03     0.4496628E+02
    -0.1168407E+03     0.4496125E+02
    -0.1168393E+03     0.4495730E+02
    -0.1168323E+03     0.4493653E+02
    -0.1168340E+03     0.4492624E+02
    -0.1168459E+03     0.4490268E+02
    -0.1168560E+03     0.4488438E+02
    -0.1168650E+03     0.4487295E+02
    -0.1168769E+03     0.4486655E+02
    -0.1168811E+03     0.4486152E+02
    -0.1168866E+03     0.4485832E+02
    -0.1168930E+03     0.4485787E+02
    -0.1168969E+03     0.4485558E+02
    -0.1168943E+03     0.4484917E+02
    -0.1169131E+03     0.4483313E+02
    -0.1169440E+03     0.4479038E+02
    -0.1169508E+03     0.4478654E+02
    -0.1169706E+03     0.4477532E+02
    -0.1170191E+03     0.4475499E+02
    -0.1170476E+03     0.4474709E+02
    -0.1170576E+03     0.4473401E+02
    -0.1170685E+03     0.4470851E+02
    -0.1170717E+03     0.4470465E+02
    -0.1170776E+03     0.4469739E+02
    -0.1170830E+03     0.4467909E+02
    -0.1171003E+03     0.4465684E+02
    -0.1171176E+03     0.4462479E+02
    -0.1171302E+03     0.4458686E+02
    -0.1171420E+03     0.4457312E+02
    -0.1171510E+03     0.4454566E+02
    -0.1171664E+03     0.4452863E+02
    -0.1171829E+03     0.4452596E+02
    -0.1172064E+03     0.4449126E+02
    -0.1172192E+03     0.4448534E+02
    -0.1172209E+03     0.4448011E+02
    -0.1172099E+03     0.4446186E+02
    -0.1172115E+03     0.4443769E+02
    -0.1172187E+03     0.4441938E+02
    -0.1172305E+03     0.4440823E+02
    -0.1172332E+03     0.4439777E+02
    -0.1172303E+03     0.4438406E+02
    -0.1172173E+03     0.4436789E+02
    -0.1171962E+03     0.4434871E+02
    -0.1171938E+03     0.4433744E+02
    -0.1172062E+03     0.4431688E+02
    -0.1172162E+03     0.4431096E+02
    -0.1172170E+03     0.4430116E+02
    -0.1171877E+03     0.4427253E+02
    -0.1171740E+03     0.4426539E+02
    -0.1171385E+03     0.4426289E+02
    -0.1171322E+03     0.4426993E+02
    -0.1171250E+03     0.4427795E+02
    -0.1171150E+03     0.4428255E+02
    -0.1171050E+03     0.4427997E+02
    -0.1170812E+03     0.4425521E+02
    -0.1170657E+03     0.4424741E+02
    -0.1170602E+03     0.4423959E+02
    -0.1170520E+03     0.4423700E+02
    -0.1170339E+03     0.4424814E+02
    -0.1170003E+03     0.4424857E+02
    -0.1169796E+03     0.4424620E+02
    -0.1169710E+03     0.4423911E+02
    -0.1169744E+03     0.4422458E+02
    -0.1169753E+03     0.4421359E+02
    -0.1169736E+03     0.4420517E+02
    -0.1169628E+03     0.4419536E+02
    -0.1169365E+03     0.4419344E+02
    -0.1169174E+03     0.4418693E+02
    -0.1169010E+03     0.4417780E+02
    -0.1168947E+03     0.4416932E+02
    -0.1168947E+03     0.4416018E+02
    -0.1169092E+03     0.4413802E+02
    -0.1169291E+03     0.4410788E+02
    -0.1169481E+03     0.4409414E+02
    -0.1169653E+03     0.4408889E+02
    -0.1169689E+03     0.4408170E+02
    -0.1169671E+03     0.4405623E+02
    -0.1169525E+03     0.4404514E+02
    -0.1169400E+03     0.4403840E+02
    -0.1169344E+03     0.4403537E+02
    -0.1169335E+03     0.4402753E+02
    -0.1169425E+03     0.4400401E+02
    -0.1169425E+03     0.4399029E+02
    -0.1169533E+03     0.4398570E+02
    -0.1169623E+03     0.4397393E+02
    -0.1169777E+03     0.4396738E+02
    -0.1169777E+03     0.4396215E+02
    -0.1169668E+03     0.4395890E+02
    -0.1169641E+03     0.4395499E+02
    -0.1169695E+03     0.4394844E+02
    -0.1169704E+03     0.4393995E+02
    -0.1169670E+03     0.4393538E+02
    -0.1169622E+03     0.4392886E+02
    -0.1169631E+03     0.4392429E+02
    -0.1169749E+03     0.4391643E+02
    -0.1169856E+03     0.4388767E+02
    -0.1169874E+03     0.4387134E+02
    -0.1169955E+03     0.4386740E+02
    -0.1170010E+03     0.4386870E+02
    -0.1170154E+03     0.4386345E+02
    -0.1170181E+03     0.4385822E+02
    -0.1170163E+03     0.4384581E+02
    -0.1170252E+03     0.4383207E+02
    -0.1170252E+03     0.4383207E+02
    -0.1170252E+03     0.4378264E+02
    -0.1170252E+03     0.4365676E+02
    -0.1170252E+03     0.4353089E+02
    -0.1170252E+03     0.4340501E+02
    -0.1170252E+03     0.4333553E+02
    -0.1170237E+03     0.4330212E+02
    -0.1170240E+03     0.4327916E+02
    -0.1170258E+03     0.4315329E+02
    -0.1170239E+03     0.4310436E+02
    -0.1170255E+03     0.4302744E+02
    -0.1170259E+03     0.4300822E+02
    -0.1170231E+03     0.4295833E+02
    -0.1170250E+03     0.4295329E+02
    -0.1170249E+03     0.4290179E+02
    -0.1170249E+03     0.4288733E+02
    -0.1170249E+03     0.4281882E+02
    -0.1170248E+03     0.4269295E+02
    -0.1170247E+03     0.4261044E+02
    -0.1170265E+03     0.4256711E+02
    -0.1170252E+03     0.4244125E+02
    -0.1170249E+03     0.4242117E+02
    -0.1170251E+03     0.4238798E+02
    -0.1170266E+03     0.4238157E+02
    -0.1170252E+03     0.4231550E+02
    -0.1170236E+03     0.4224457E+02
    -0.1170260E+03     0.4221062E+02
    -0.1170259E+03     0.4211877E+02
    -0.1170259E+03     0.4200654E+02
    -0.1171947E+03     0.4200738E+02
    -0.1173636E+03     0.4200797E+02
    -0.1175324E+03     0.4200830E+02
    -0.1177013E+03     0.4200837E+02
    -0.1178701E+03     0.4200819E+02
    -0.1180390E+03     0.4200774E+02
    -0.1182078E+03     0.4200704E+02
    -0.1183767E+03     0.4200608E+02
    -0.1185455E+03     0.4200486E+02
    -0.1187144E+03     0.4200338E+02
    -0.1187692E+03     0.4200285E+02
    -0.1188429E+03     0.4200191E+02
    -0.1188693E+03     0.4200025E+02
    -0.1188783E+03     0.4200168E+02
    -0.1188829E+03     0.4200169E+02
    -0.1190517E+03     0.4200180E+02
    -0.1190731E+03     0.4200180E+02
    -0.1190949E+03     0.4200156E+02
    -0.1191006E+03     0.4199961E+02
    -0.1191447E+03     0.4200231E+02
    -0.1192199E+03     0.4200180E+02
    -0.1192473E+03     0.4200160E+02
    -0.1192592E+03     0.4200018E+02
    -0.1193585E+03     0.4200196E+02
    -0.1193638E+03     0.4200390E+02
    -0.1193879E+03     0.4200308E+02
    -0.1194086E+03     0.4200238E+02
    -0.1194474E+03     0.4200438E+02
    -0.1194520E+03     0.4200335E+02
    -0.1194788E+03     0.4200588E+02
    -0.1195769E+03     0.4200597E+02
    -0.1196436E+03     0.4200598E+02
    -0.1196503E+03     0.4200443E+02
    -0.1196866E+03     0.4200597E+02
    -0.1197454E+03     0.4200588E+02
    -0.1198827E+03     0.4200555E+02
    -0.1198918E+03     0.4200368E+02
    -0.1199138E+03     0.4200500E+02
    -0.1199279E+03     0.4200584E+02
    -0.1199954E+03     0.4200026E+02
    -0.1200000E+03     0.4200124E+02
    -0.1200054E+03     0.4200241E+02
    -0.1200442E+03     0.4200308E+02
    -0.1200586E+03     0.4200196E+02
    -0.1200872E+03     0.4200292E+02
    -0.1200923E+03     0.4200483E+02
    -0.1201290E+03     0.4200301E+02
    -0.1201512E+03     0.4200392E+02
    -0.1201625E+03     0.4200265E+02
    -0.1203168E+03     0.4200275E+02
    -0.1204659E+03     0.4200237E+02
    -0.1204790E+03     0.4200326E+02
    -0.1204906E+03     0.4200404E+02
    -0.1205465E+03     0.4200257E+02
    -0.1206478E+03     0.4200291E+02
    -0.1207009E+03     0.4200306E+02
    -0.1207134E+03     0.4200169E+02
    -0.1208165E+03     0.4200161E+02
    -0.1208345E+03     0.4200158E+02
    -0.1208387E+03     0.4200005E+02
    -0.1208773E+03     0.4200158E+02
    -0.1208821E+03     0.4200002E+02
    -0.1209386E+03     0.4199948E+02
    -0.1209544E+03     0.4200093E+02
    -0.1209842E+03     0.4200073E+02
    -0.1211060E+03     0.4199981E+02
    -0.1211530E+03     0.4200110E+02
    -0.1212317E+03     0.4200321E+02
    -0.1212386E+03     0.4200110E+02
    -0.1212549E+03     0.4200066E+02
    -0.1212631E+03     0.4200330E+02
    -0.1213205E+03     0.4200346E+02
    -0.1214000E+03     0.4200447E+02
    -0.1215688E+03     0.4200642E+02
    -0.1217006E+03     0.4200776E+02
    -0.1217236E+03     0.4200672E+02
    -0.1217376E+03     0.4200698E+02
    -0.1218604E+03     0.4200913E+02
    -0.1219064E+03     0.4200844E+02
    -0.1219566E+03     0.4201203E+02
    -0.1219616E+03     0.4201239E+02
    -0.1221254E+03     0.4201471E+02
    -0.1222039E+03     0.4201573E+02
    -0.1222701E+03     0.4201830E+02
    -0.1222942E+03     0.4201794E+02
    -0.1224630E+03     0.4201532E+02
    -0.1226319E+03     0.4201243E+02
    -0.1227123E+03     0.4201210E+02
    -0.1227230E+03     0.4201206E+02
    -0.1228811E+03     0.4201350E+02
    -0.1229228E+03     0.4201384E+02
    -0.1229289E+03     0.4201625E+02
    -0.1229427E+03     0.4201593E+02
    -0.1229499E+03     0.4201391E+02
    -0.1230137E+03     0.4201442E+02
    -0.1230454E+03     0.4201329E+02
    -0.1230487E+03     0.4201348E+02
    -0.1231250E+03     0.4201787E+02
    -0.1232171E+03     0.4201276E+02
    -0.1232736E+03     0.4200959E+02
    -0.1233280E+03     0.4201093E+02
    -0.1233857E+03     0.4200998E+02
    -0.1234326E+03     0.4200919E+02
    -0.1235041E+03     0.4200986E+02
    -0.1235240E+03     0.4201139E+02
    -0.1235544E+03     0.4200993E+02
    -0.1236025E+03     0.4200999E+02
    -0.1236308E+03     0.4201001E+02
    -0.1236358E+03     0.4200764E+02
    -0.1236476E+03     0.4200552E+02
    -0.1237202E+03     0.4200414E+02
    -0.1237700E+03     0.4200535E+02
    -0.1238832E+03     0.4200582E+02
    -0.1239168E+03     0.4200594E+02
    -0.1239239E+03     0.4200914E+02
    -0.1239451E+03     0.4200614E+02
    -0.1240504E+03     0.4200484E+02
    -0.1240520E+03     0.4200482E+02
    -0.1242154E+03     0.4200538E+02
    -0.1242154E+03     0.4200538E+02
    -0.1242365E+03     0.4201966E+02
    -0.1242412E+03     0.4202533E+02
    -0.1242536E+03     0.4203094E+02
    -0.1242720E+03     0.4204833E+02
    -0.1242853E+03     0.4204584E+02
    -0.1242999E+03     0.4205497E+02
    -0.1243016E+03     0.4206173E+02
    -0.1243018E+03     0.4206266E+02
    -0.1243062E+03     0.4206604E+02
    -0.1243162E+03     0.4206997E+02
    -0.1243267E+03     0.4208489E+02
    -0.1243401E+03     0.4209387E+02
    -0.1243445E+03     0.4210231E+02
    -0.1243526E+03     0.4210269E+02
    -0.1243552E+03     0.4210619E+02
    -0.1243532E+03     0.4211253E+02
    -0.1243570E+03     0.4212146E+02
    -0.1243523E+03     0.4213303E+02
    -0.1243573E+03     0.4214648E+02
    -0.1243646E+03     0.4215357E+02
    -0.1243660E+03     0.4215991E+02
    -0.1243646E+03     0.4216485E+02
    -0.1243639E+03     0.4216764E+02
    -0.1243658E+03     0.4217303E+02
    -0.1243635E+03     0.4218260E+02
    -0.1243750E+03     0.4220297E+02
    -0.1243785E+03     0.4222203E+02
    -0.1243813E+03     0.4222713E+02
    -0.1243986E+03     0.4224503E+02
    -0.1244062E+03     0.4224889E+02
    -0.1244126E+03     0.4225512E+02
    -0.1244082E+03     0.4226507E+02
    -0.1244093E+03     0.4227878E+02
    -0.1244084E+03     0.4229446E+02
    -0.1244105E+03     0.4230696E+02
    -0.1244158E+03     0.4231442E+02
    -0.1244159E+03     0.4232016E+02
    -0.1244196E+03     0.4232266E+02
    -0.1244282E+03     0.4232208E+02
    -0.1244312E+03     0.4232625E+02
    -0.1244309E+03     0.4233132E+02
    -0.1244268E+03     0.4233872E+02
    -0.1244280E+03     0.4234346E+02
    -0.1244256E+03     0.4234869E+02
    -0.1244234E+03     0.4239157E+02
    -0.1244239E+03     0.4239375E+02
    -0.1244252E+03     0.4239880E+02
    -0.1244244E+03     0.4240966E+02
    -0.1244274E+03     0.4241428E+02
    -0.1244265E+03     0.4242215E+02
    -0.1244222E+03     0.4242291E+02
    -0.1244222E+03     0.4242291E+02
    -0.1244236E+03     0.4242849E+02
    -0.1244236E+03     0.4242849E+02
    -0.1244254E+03     0.4242797E+02
    -0.1244286E+03     0.4242868E+02
    -0.1244316E+03     0.4244296E+02
    -0.1244214E+03     0.4246111E+02
    -0.1244243E+03     0.4246458E+02
    -0.1244205E+03     0.4246966E+02
    -0.1244237E+03     0.4248025E+02
    -0.1244199E+03     0.4249200E+02
    -0.1244212E+03     0.4249765E+02
    -0.1244166E+03     0.4250714E+02
    -0.1244006E+03     0.4253994E+02
    -0.1243904E+03     0.4256842E+02
    -0.1243913E+03     0.4257365E+02
    -0.1243945E+03     0.4257711E+02
    -0.1243946E+03     0.4258492E+02
    -0.1243993E+03     0.4259333E+02
    -0.1244017E+03     0.4259225E+02
    -0.1244052E+03     0.4259317E+02
    -0.1244062E+03     0.4259586E+02
    -0.1244010E+03     0.4259644E+02
    -0.1244016E+03     0.4262008E+02
    -0.1244017E+03     0.4262557E+02
    -0.1244048E+03     0.4262767E+02
    -0.1244068E+03     0.4263626E+02
    -0.1244130E+03     0.4264642E+02
    -0.1244109E+03     0.4264932E+02
    -0.1244133E+03     0.4265376E+02
    -0.1244128E+03     0.4265769E+02
    -0.1244159E+03     0.4266231E+02
    -0.1244235E+03     0.4266295E+02
    -0.1244309E+03     0.4266751E+02
    -0.1244488E+03     0.4267389E+02
    -0.1244499E+03     0.4267542E+02
    -0.1244504E+03     0.4267907E+02
    -0.1244443E+03     0.4268523E+02
    -0.1244452E+03     0.4268769E+02
    -0.1244520E+03     0.4269160E+02
    -0.1244662E+03     0.4272069E+02
    -0.1244716E+03     0.4273165E+02
    -0.1244773E+03     0.4273770E+02
    -0.1244910E+03     0.4274229E+02
    -0.1244995E+03     0.4274080E+02
    -0.1245078E+03     0.4273472E+02
    -0.1245129E+03     0.4273737E+02
    -0.1245127E+03     0.4274358E+02
    -0.1245169E+03     0.4275962E+02
    -0.1245166E+03     0.4276975E+02
    -0.1245239E+03     0.4279086E+02
    -0.1245302E+03     0.4280146E+02
    -0.1245321E+03     0.4281144E+02
    -0.1245394E+03     0.4282198E+02
    -0.1245529E+03     0.4283279E+02
    -0.1245601E+03     0.4283551E+02
    -0.1245614E+03     0.4283796E+02
    -0.1245549E+03     0.4283886E+02
    -0.1245494E+03     0.4284245E+02
    -0.1245434E+03     0.4285389E+02
    -0.1245337E+03     0.4286857E+02
    -0.1245328E+03     0.4287713E+02
    -0.1245255E+03     0.4288084E+02
    -0.1245084E+03     0.4290682E+02
    -0.1245020E+03     0.4291093E+02
    -0.1245042E+03     0.4291308E+02
    -0.1244853E+03     0.4294217E+02
    -0.1244807E+03     0.4295810E+02
    -0.1244612E+03     0.4299527E+02
    -0.1244578E+03     0.4300660E+02
    -0.1244501E+03     0.4303255E+02
    -0.1244421E+03     0.4305078E+02
    -0.1244376E+03     0.4306510E+02
    -0.1244349E+03     0.4308688E+02
    -0.1244316E+03     0.4309813E+02
    -0.1244347E+03     0.4311747E+02
    -0.1244215E+03     0.4312569E+02
    -0.1244252E+03     0.4312959E+02
    -0.1244202E+03     0.4314486E+02
    -0.1244114E+03     0.4316038E+02
    -0.1243992E+03     0.4319130E+02
    -0.1243949E+03     0.4322789E+02
    -0.1243897E+03     0.4324531E+02
    -0.1243814E+03     0.4327337E+02
    -0.1243873E+03     0.4328286E+02
    -0.1243865E+03     0.4328704E+02
    -0.1243918E+03     0.4330164E+02
    -0.1243949E+03     0.4330648E+02
    -0.1243993E+03     0.4330619E+02
    -0.1244021E+03     0.4330899E+02
    -0.1243881E+03     0.4332555E+02
    -0.1243856E+03     0.4333330E+02
    -0.1243748E+03     0.4333768E+02
    -0.1243759E+03     0.4334106E+02
    -0.1243745E+03     0.4334299E+02
    -0.1243676E+03     0.4334299E+02
    -0.1243604E+03     0.4334851E+02
    -0.1243595E+03     0.4334864E+02
    -0.1243489E+03     0.4335019E+02
    -0.1243452E+03     0.4335342E+02
    -0.1243380E+03     0.4335596E+02
    -0.1243359E+03     0.4335466E+02
    -0.1243359E+03     0.4335466E+02
    -0.1243322E+03     0.4336388E+02
    -0.1243322E+03     0.4336388E+02
    -0.1243359E+03     0.4336460E+02
    -0.1243106E+03     0.4340003E+02
    -0.1242835E+03     0.4345369E+02
    -0.1242822E+03     0.4345634E+02
    -0.1242676E+03     0.4347912E+02
    -0.1242603E+03     0.4349475E+02
    -0.1242573E+03     0.4350644E+02
    -0.1242480E+03     0.4352358E+02
    -0.1242329E+03     0.4355998E+02
    -0.1242259E+03     0.4356282E+02
    -0.1242240E+03     0.4356711E+02
    -0.1242260E+03     0.4356995E+02
    -0.1242285E+03     0.4357038E+02
    -0.1242311E+03     0.4356544E+02
    -0.1242329E+03     0.4356652E+02
    -0.1242149E+03     0.4362313E+02
    -0.1242094E+03     0.4366117E+02
    -0.1242028E+03     0.4366688E+02
    -0.1242019E+03     0.4367227E+02
    -0.1242019E+03     0.4367227E+02
    -0.1242025E+03     0.4367758E+02
    -0.1242025E+03     0.4367758E+02
    -0.1242038E+03     0.4367545E+02
    -0.1242089E+03     0.4367690E+02
    -0.1241990E+03     0.4369561E+02
    -0.1242001E+03     0.4370174E+02
    -0.1241940E+03     0.4371156E+02
    -0.1241832E+03     0.4374257E+02
    -0.1241752E+03     0.4377957E+02
    -0.1241682E+03     0.4381245E+02
    -0.1241642E+03     0.4381684E+02
    -0.1241660E+03     0.4382339E+02
    -0.1241615E+03     0.4383654E+02
    -0.1241609E+03     0.4386232E+02
    -0.1241522E+03     0.4390324E+02
    -0.1241489E+03     0.4391867E+02
    -0.1241388E+03     0.4400822E+02
    -0.1241350E+03     0.4401397E+02
    -0.1241322E+03     0.4401295E+02
    -0.1241322E+03     0.4401295E+02
    -0.1241315E+03     0.4401719E+02
    -0.1241315E+03     0.4401719E+02
    -0.1241362E+03     0.4401895E+02
    -0.1241381E+03     0.4402343E+02
    -0.1241284E+03     0.4406218E+02
    -0.1241269E+03     0.4408960E+02
    -0.1241262E+03     0.4411083E+02
    -0.1241261E+03     0.4411424E+02
    -0.1241296E+03     0.4412229E+02
    -0.1241261E+03     0.4413055E+02
    -0.1241281E+03     0.4413617E+02
    -0.1241329E+03     0.4413840E+02
    -0.1241234E+03     0.4414979E+02
    -0.1241211E+03     0.4416257E+02
    -0.1241210E+03     0.4418072E+02
    -0.1241157E+03     0.4420242E+02
    -0.1241157E+03     0.4423159E+02
    -0.1241176E+03     0.4425743E+02
    -0.1241166E+03     0.4426087E+02
    -0.1241140E+03     0.4427029E+02
    -0.1241163E+03     0.4427865E+02
    -0.1241131E+03     0.4428688E+02
    -0.1241143E+03     0.4429669E+02
    -0.1241107E+03     0.4430611E+02
    -0.1241098E+03     0.4431742E+02
    -0.1240975E+03     0.4436137E+02
    -0.1240925E+03     0.4438453E+02
    -0.1240858E+03     0.4441562E+02
    -0.1240831E+03     0.4441992E+02
    -0.1240777E+03     0.4442175E+02
    -0.1240777E+03     0.4442175E+02
    -0.1240787E+03     0.4442983E+02
    -0.1240787E+03     0.4442983E+02
    -0.1240830E+03     0.4442452E+02
    -0.1240859E+03     0.4442710E+02
    -0.1240868E+03     0.4443164E+02
    -0.1240838E+03     0.4445465E+02
    -0.1240829E+03     0.4446105E+02
    -0.1240852E+03     0.4449789E+02
    -0.1240771E+03     0.4451929E+02
    -0.1240769E+03     0.4454113E+02
    -0.1240690E+03     0.4457906E+02
    -0.1240690E+03     0.4461144E+02
    -0.1240660E+03     0.4461554E+02
    -0.1240624E+03     0.4461654E+02
    -0.1240624E+03     0.4461654E+02
    -0.1240586E+03     0.4462700E+02
    -0.1240586E+03     0.4462700E+02
    -0.1240651E+03     0.4462455E+02
    -0.1240679E+03     0.4462576E+02
    -0.1240591E+03     0.4465707E+02
    -0.1240614E+03     0.4466841E+02
    -0.1240643E+03     0.4467374E+02
    -0.1240685E+03     0.4467602E+02
    -0.1240778E+03     0.4467613E+02
    -0.1240816E+03     0.4467773E+02
    -0.1240722E+03     0.4468521E+02
    -0.1240611E+03     0.4472172E+02
    -0.1240612E+03     0.4472459E+02
    -0.1240613E+03     0.4473135E+02
    -0.1240655E+03     0.4474717E+02
    -0.1240752E+03     0.4476839E+02
    -0.1240756E+03     0.4477480E+02
    -0.1240719E+03     0.4478651E+02
    -0.1240745E+03     0.4479232E+02
    -0.1240736E+03     0.4479789E+02
    -0.1240711E+03     0.4480103E+02
    -0.1240655E+03     0.4480321E+02
    -0.1240640E+03     0.4480652E+02
    -0.1240642E+03     0.4481385E+02
    -0.1240705E+03     0.4481760E+02
    -0.1240685E+03     0.4482484E+02
    -0.1240646E+03     0.4482738E+02
    -0.1240611E+03     0.4483334E+02
    -0.1240529E+03     0.4483904E+02
    -0.1240513E+03     0.4484014E+02
    -0.1240509E+03     0.4485050E+02
    -0.1240456E+03     0.4486024E+02
    -0.1240322E+03     0.4489827E+02
    -0.1240323E+03     0.4491020E+02
    -0.1240302E+03     0.4491676E+02
    -0.1240255E+03     0.4492049E+02
    -0.1240249E+03     0.4491954E+02
    -0.1240249E+03     0.4491954E+02
    -0.1240230E+03     0.4492426E+02
    -0.1240230E+03     0.4492426E+02
    -0.1240249E+03     0.4492420E+02
    -0.1240267E+03     0.4492570E+02
    -0.1240159E+03     0.4500000E+02
    -0.1240156E+03     0.4500193E+02
    -0.1240072E+03     0.4502380E+02
    -0.1240091E+03     0.4502873E+02
    -0.1240084E+03     0.4503360E+02
    -0.1240007E+03     0.4504210E+02
    -0.1240048E+03     0.4504691E+02
    -0.1240127E+03     0.4504757E+02
    -0.1240163E+03     0.4505034E+02
    -0.1240167E+03     0.4506226E+02
    -0.1240142E+03     0.4507113E+02
    -0.1239845E+03     0.4510118E+02
    -0.1239831E+03     0.4510915E+02
    -0.1239768E+03     0.4514527E+02
    -0.1239710E+03     0.4515641E+02
    -0.1239695E+03     0.4515763E+02
    -0.1239695E+03     0.4515763E+02
    -0.1239711E+03     0.4516510E+02
    -0.1239711E+03     0.4516510E+02
    -0.1239736E+03     0.4516191E+02
    -0.1239754E+03     0.4516900E+02
    -0.1239710E+03     0.4519752E+02
    -0.1239701E+03     0.4520308E+02
    -0.1239737E+03     0.4521641E+02
    -0.1239768E+03     0.4522036E+02
    -0.1239729E+03     0.4522610E+02
    -0.1239691E+03     0.4525135E+02
    -0.1239629E+03     0.4526711E+02
    -0.1239562E+03     0.4527118E+02
    -0.1239557E+03     0.4527466E+02
    -0.1239633E+03     0.4528430E+02
    -0.1239606E+03     0.4530743E+02
    -0.1239627E+03     0.4531396E+02
    -0.1239626E+03     0.4531732E+02
    -0.1239624E+03     0.4532270E+02
    -0.1239654E+03     0.4533101E+02
    -0.1239697E+03     0.4533443E+02
    -0.1239792E+03     0.4533707E+02
    -0.1239987E+03     0.4533659E+02
    -0.1240067E+03     0.4533839E+02
    -0.1240005E+03     0.4534359E+02
    -0.1239826E+03     0.4534628E+02
    -0.1239767E+03     0.4534870E+02
    -0.1239727E+03     0.4535399E+02
    -0.1239675E+03     0.4537674E+02
    -0.1239664E+03     0.4539547E+02
    -0.1239627E+03     0.4540321E+02
    -0.1239562E+03     0.4541697E+02
    -0.1239520E+03     0.4541148E+02
    -0.1239531E+03     0.4540177E+02
    -0.1239639E+03     0.4537646E+02
    -0.1239629E+03     0.4537353E+02
    -0.1239593E+03     0.4537247E+02
    -0.1239418E+03     0.4539442E+02
    -0.1239369E+03     0.4540297E+02
    -0.1239344E+03     0.4541414E+02
    -0.1239370E+03     0.4542018E+02
    -0.1239485E+03     0.4542787E+02
    -0.1239502E+03     0.4542904E+02
    -0.1239569E+03     0.4543874E+02
    -0.1239642E+03     0.4544266E+02
    -0.1239660E+03     0.4545128E+02
    -0.1239750E+03     0.4545854E+02
    -0.1239767E+03     0.4546165E+02
    -0.1239763E+03     0.4546948E+02
    -0.1239697E+03     0.4547929E+02
    -0.1239741E+03     0.4548592E+02
    -0.1239721E+03     0.4549154E+02
    -0.1239630E+03     0.4549691E+02
    -0.1239594E+03     0.4550470E+02
    -0.1239526E+03     0.4550557E+02
    -0.1239500E+03     0.4550871E+02
    -0.1239508E+03     0.4551256E+02
    -0.1239580E+03     0.4551741E+02
    -0.1239573E+03     0.4553487E+02
    -0.1239572E+03     0.4553582E+02
    -0.1239525E+03     0.4554781E+02
    -0.1239463E+03     0.4555323E+02
    -0.1239423E+03     0.4555327E+02
    -0.1239423E+03     0.4555327E+02
    -0.1239418E+03     0.4555825E+02
    -0.1239374E+03     0.4555791E+02
    -0.1239374E+03     0.4555791E+02
    -0.1239388E+03     0.4556149E+02
    -0.1239442E+03     0.4556575E+02
    -0.1239567E+03     0.4557143E+02
    -0.1239591E+03     0.4557795E+02
    -0.1239453E+03     0.4562695E+02
    -0.1239449E+03     0.4562837E+02
    -0.1239439E+03     0.4564955E+02
    -0.1239385E+03     0.4565239E+02
    -0.1239366E+03     0.4565336E+02
    -0.1239366E+03     0.4565336E+02
    -0.1239358E+03     0.4565879E+02
    -0.1239358E+03     0.4565879E+02
    -0.1239403E+03     0.4566308E+02
    -0.1239403E+03     0.4566386E+02
    -0.1239401E+03     0.4571290E+02
    -0.1239423E+03     0.4572585E+02
    -0.1239517E+03     0.4573539E+02
    -0.1239619E+03     0.4574121E+02
    -0.1239685E+03     0.4575206E+02
    -0.1239686E+03     0.4576078E+02
    -0.1239714E+03     0.4576222E+02
    -0.1239807E+03     0.4576051E+02
    -0.1239828E+03     0.4576429E+02
    -0.1239873E+03     0.4576677E+02
    -0.1239815E+03     0.4576991E+02
    -0.1239769E+03     0.4577245E+02
    -0.1239701E+03     0.4577905E+02
    -0.1239674E+03     0.4578655E+02
    -0.1239686E+03     0.4580140E+02
    -0.1239654E+03     0.4580481E+02
    -0.1239605E+03     0.4584319E+02
    -0.1239648E+03     0.4586704E+02
    -0.1239643E+03     0.4587418E+02
    -0.1239694E+03     0.4588099E+02
    -0.1239666E+03     0.4588988E+02
    -0.1239749E+03     0.4591211E+02
    -0.1239785E+03     0.4591488E+02
    -0.1239781E+03     0.4592225E+02
    -0.1239801E+03     0.4592511E+02
    -0.1239845E+03     0.4592577E+02
    -0.1239874E+03     0.4593064E+02
    -0.1239920E+03     0.4593105E+02
    -0.1239930E+03     0.4593880E+02
    -0.1239953E+03     0.4594187E+02
    -0.1239890E+03     0.4594706E+02
    -0.1239809E+03     0.4594823E+02
    -0.1239743E+03     0.4595322E+02
    -0.1239711E+03     0.4596213E+02
    -0.1239626E+03     0.4596769E+02
    -0.1239413E+03     0.4597400E+02
    -0.1239351E+03     0.4598635E+02
    -0.1239299E+03     0.4599670E+02
    -0.1239265E+03     0.4600654E+02
    -0.1239202E+03     0.4600943E+02
    -0.1239261E+03     0.4601735E+02
    -0.1239316E+03     0.4606773E+02
    -0.1239373E+03     0.4608231E+02
    -0.1239383E+03     0.4608693E+02
    -0.1239425E+03     0.4610794E+02
    -0.1239535E+03     0.4613367E+02
    -0.1239821E+03     0.4618292E+02
    -0.1240001E+03     0.4620319E+02
    -0.1240005E+03     0.4620387E+02
    -0.1240075E+03     0.4621468E+02
    -0.1240154E+03     0.4622247E+02
    -0.1240219E+03     0.4622437E+02
    -0.1240222E+03     0.4622642E+02
    -0.1240122E+03     0.4622885E+02
    -0.1239944E+03     0.4622945E+02
    -0.1239916E+03     0.4622549E+02
    -0.1239976E+03     0.4622559E+02
    -0.1239996E+03     0.4622065E+02
    -0.1239987E+03     0.4621611E+02
    -0.1239864E+03     0.4620469E+02
    -0.1239794E+03     0.4620441E+02
    -0.1239703E+03     0.4620862E+02
    -0.1239603E+03     0.4620509E+02
    -0.1239500E+03     0.4620432E+02
    -0.1239480E+03     0.4619893E+02
    -0.1239396E+03     0.4619805E+02
    -0.1239329E+03     0.4619384E+02
    -0.1239253E+03     0.4618903E+02
    -0.1239212E+03     0.4618514E+02
    -0.1239192E+03     0.4617699E+02
    -0.1239163E+03     0.4617533E+02
    -0.1239127E+03     0.4617702E+02
    -0.1239106E+03     0.4616719E+02
    -0.1239073E+03     0.4616739E+02
    -0.1239073E+03     0.4617442E+02
    -0.1239042E+03     0.4617694E+02
    -0.1239010E+03     0.4616425E+02
    -0.1238956E+03     0.4616255E+02
    -0.1238734E+03     0.4616247E+02
    -0.1238672E+03     0.4616031E+02
    -0.1238634E+03     0.4615594E+02
    -0.1238634E+03     0.4615193E+02
    -0.1238634E+03     0.4615193E+02
    -0.1238532E+03     0.4615347E+02
    -0.1238532E+03     0.4615347E+02
    -0.1238529E+03     0.4615403E+02
    -0.1238448E+03     0.4615840E+02
    -0.1238396E+03     0.4616399E+02
    -0.1238343E+03     0.4616132E+02
    -0.1238343E+03     0.4616132E+02
    -0.1238247E+03     0.4616967E+02
    -0.1238247E+03     0.4616967E+02
    -0.1238435E+03     0.4616926E+02
    -0.1238549E+03     0.4617432E+02
    -0.1238641E+03     0.4617838E+02
    -0.1238672E+03     0.4618463E+02
    -0.1238627E+03     0.4618879E+02
    -0.1238525E+03     0.4618870E+02
    -0.1238400E+03     0.4619241E+02
    -0.1238227E+03     0.4619157E+02
    -0.1238102E+03     0.4619437E+02
    -0.1237746E+03     0.4620674E+02
    -0.1237645E+03     0.4620801E+02
    -0.1237583E+03     0.4621158E+02
    -0.1237521E+03     0.4621216E+02
    -0.1237514E+03     0.4620349E+02
    -0.1237411E+03     0.4618994E+02
    -0.1237396E+03     0.4618810E+02
    -0.1237429E+03     0.4618195E+02
    -0.1237421E+03     0.4617855E+02
    -0.1237361E+03     0.4617775E+02
    -0.1237263E+03     0.4617051E+02
    -0.1237215E+03     0.4616918E+02
    -0.1237138E+03     0.4616802E+02
    -0.1236857E+03     0.4617054E+02
    -0.1236706E+03     0.4617415E+02
    -0.1236617E+03     0.4617167E+02
    -0.1236530E+03     0.4617124E+02
    -0.1236222E+03     0.4618184E+02
    -0.1236157E+03     0.4618252E+02
    -0.1236065E+03     0.4618304E+02
    -0.1235907E+03     0.4617796E+02
    -0.1235800E+03     0.4619668E+02
    -0.1235617E+03     0.4619878E+02
    -0.1235683E+03     0.4620123E+02
    -0.1235803E+03     0.4620240E+02
    -0.1235632E+03     0.4621459E+02
    -0.1235483E+03     0.4622046E+02
    -0.1235408E+03     0.4622684E+02
    -0.1235425E+03     0.4622916E+02
    -0.1235468E+03     0.4622950E+02
    -0.1235370E+03     0.4623240E+02
    -0.1235064E+03     0.4623310E+02
    -0.1235035E+03     0.4623233E+02
    -0.1235035E+03     0.4623233E+02
    -0.1235020E+03     0.4623563E+02
    -0.1235020E+03     0.4623563E+02
    -0.1235177E+03     0.4624111E+02
    -0.1235214E+03     0.4624383E+02
    -0.1235181E+03     0.4624460E+02
    -0.1235095E+03     0.4624275E+02
    -0.1235037E+03     0.4624366E+02
    -0.1235014E+03     0.4624555E+02
    -0.1235015E+03     0.4624730E+02
    -0.1234976E+03     0.4624986E+02
    -0.1234959E+03     0.4624396E+02
    -0.1234959E+03     0.4624396E+02
    -0.1234927E+03     0.4625660E+02
    -0.1234927E+03     0.4625660E+02
    -0.1234974E+03     0.4626082E+02
END
END
