pennsylvania
1
    -0.8009270E+02     0.4216060E+02
    -0.8014225E+02     0.4211777E+02
    -0.8014325E+02     0.4212103E+02
    -0.8013695E+02     0.4213545E+02
    -0.8012310E+02     0.4215163E+02
    -0.8011257E+02     0.4216060E+02
    -0.8010524E+02     0.4216374E+02
    -0.8008133E+02     0.4216986E+02
    -0.8007358E+02     0.4217023E+02
    -0.8006886E+02     0.4216729E+02
    -0.8006915E+02     0.4216340E+02
    -0.8007497E+02     0.4216410E+02
    -0.8007607E+02     0.4216162E+02
    -0.8006838E+02     0.4215304E+02
    -0.8007101E+02     0.4215086E+02
    -0.8008089E+02     0.4215494E+02
    -0.8008524E+02     0.4215466E+02
    -0.8009166E+02     0.4214712E+02
    -0.8009669E+02     0.4214573E+02
    -0.8010440E+02     0.4214581E+02
    -0.8011427E+02     0.4215012E+02
    -0.8011833E+02     0.4214936E+02
    -0.8011910E+02     0.4214733E+02
    -0.8011683E+02     0.4214472E+02
    -0.8012350E+02     0.4214201E+02
    -0.8013354E+02     0.4213141E+02
    -0.8013455E+02     0.4212182E+02
    -0.8014225E+02     0.4211777E+02
END
2
    -0.8014539E+02     0.4227819E+02
    -0.8014225E+02     0.4211777E+02
    -0.8014545E+02     0.4211630E+02
    -0.8015295E+02     0.4210651E+02
    -0.8018280E+02     0.4209029E+02
    -0.8021617E+02     0.4207627E+02
    -0.8022655E+02     0.4207347E+02
    -0.8029420E+02     0.4204497E+02
    -0.8036947E+02     0.4202108E+02
    -0.8044740E+02     0.4199793E+02
    -0.8045605E+02     0.4199276E+02
    -0.8050836E+02     0.4197914E+02
    -0.8051627E+02     0.4197527E+02
    -0.8051627E+02     0.4197527E+02
    -0.8051575E+02     0.4219424E+02
    -0.8051260E+02     0.4232015E+02
    -0.8051260E+02     0.4232015E+02
    -0.8034559E+02     0.4234322E+02
    -0.8018412E+02     0.4236527E+02
    -0.8006373E+02     0.4238406E+02
    -0.8002263E+02     0.4240092E+02
    -0.8000000E+02     0.4241018E+02
    -0.7987369E+02     0.4246182E+02
    -0.7975627E+02     0.4250961E+02
    -0.7975627E+02     0.4250961E+02
    -0.7975735E+02     0.4238366E+02
    -0.7975832E+02     0.4226968E+02
    -0.7975832E+02     0.4226968E+02
    -0.7978201E+02     0.4226172E+02
    -0.7983315E+02     0.4223666E+02
    -0.7985251E+02     0.4223015E+02
    -0.7986806E+02     0.4222876E+02
    -0.7987022E+02     0.4222753E+02
    -0.7989166E+02     0.4221532E+02
    -0.7992375E+02     0.4220385E+02
    -0.7995453E+02     0.4218910E+02
    -0.8000000E+02     0.4216436E+02
    -0.8000735E+02     0.4216036E+02
    -0.8001154E+02     0.4215863E+02
    -0.8004971E+02     0.4214286E+02
    -0.8005977E+02     0.4214030E+02
    -0.8006499E+02     0.4214052E+02
    -0.8007573E+02     0.4214555E+02
    -0.8007887E+02     0.4214476E+02
    -0.8008022E+02     0.4214321E+02
    -0.8007834E+02     0.4213947E+02
    -0.8009146E+02     0.4212899E+02
    -0.8010432E+02     0.4212608E+02
    -0.8012365E+02     0.4211495E+02
    -0.8014037E+02     0.4210990E+02
    -0.8014225E+02     0.4211777E+02
END
3

    -0.8014225E+02     0.4211777E+02
    -0.8013455E+02     0.4212182E+02
    -0.8013354E+02     0.4213141E+02
    -0.8012350E+02     0.4214201E+02
    -0.8011683E+02     0.4214472E+02
    -0.8011910E+02     0.4214733E+02
    -0.8011833E+02     0.4214936E+02
    -0.8011427E+02     0.4215012E+02
    -0.8010440E+02     0.4214581E+02
    -0.8009669E+02     0.4214573E+02
    -0.8009166E+02     0.4214712E+02
    -0.8008524E+02     0.4215466E+02
    -0.8008089E+02     0.4215494E+02
    -0.8007101E+02     0.4215086E+02
    -0.8006838E+02     0.4215304E+02
    -0.8007607E+02     0.4216162E+02
    -0.8007497E+02     0.4216410E+02
    -0.8006915E+02     0.4216340E+02
    -0.8006886E+02     0.4216729E+02
    -0.8007358E+02     0.4217023E+02
    -0.8008133E+02     0.4216986E+02
    -0.8010524E+02     0.4216374E+02
    -0.8011257E+02     0.4216060E+02
    -0.8012310E+02     0.4215163E+02
    -0.8013695E+02     0.4213545E+02
    -0.8014325E+02     0.4212103E+02
    -0.8014225E+02     0.4211777E+02
END
4
    -0.7750000E+02     0.4127494E+02
    -0.8014225E+02     0.4211777E+02
    -0.8014037E+02     0.4210990E+02
    -0.8012365E+02     0.4211495E+02
    -0.8010432E+02     0.4212608E+02
    -0.8009146E+02     0.4212899E+02
    -0.8007834E+02     0.4213947E+02
    -0.8008022E+02     0.4214321E+02
    -0.8007887E+02     0.4214476E+02
    -0.8007573E+02     0.4214555E+02
    -0.8006499E+02     0.4214052E+02
    -0.8005977E+02     0.4214030E+02
    -0.8004971E+02     0.4214286E+02
    -0.8001154E+02     0.4215863E+02
    -0.8000735E+02     0.4216036E+02
    -0.8000000E+02     0.4216436E+02
    -0.7995453E+02     0.4218910E+02
    -0.7992375E+02     0.4220385E+02
    -0.7989166E+02     0.4221532E+02
    -0.7987022E+02     0.4222753E+02
    -0.7986806E+02     0.4222876E+02
    -0.7985251E+02     0.4223015E+02
    -0.7983315E+02     0.4223666E+02
    -0.7978201E+02     0.4226172E+02
    -0.7975832E+02     0.4226968E+02
    -0.7975832E+02     0.4226968E+02
    -0.7975842E+02     0.4225772E+02
    -0.7975948E+02     0.4213179E+02
    -0.7976041E+02     0.4202166E+02
    -0.7976025E+02     0.4199813E+02
    -0.7962287E+02     0.4199894E+02
    -0.7945392E+02     0.4199971E+02
    -0.7928496E+02     0.4200022E+02
    -0.7911600E+02     0.4200047E+02
    -0.7894703E+02     0.4200047E+02
    -0.7877807E+02     0.4200020E+02
    -0.7860911E+02     0.4199968E+02
    -0.7844983E+02     0.4199894E+02
    -0.7828088E+02     0.4199871E+02
    -0.7811192E+02     0.4199821E+02
    -0.7794296E+02     0.4199745E+02
    -0.7777402E+02     0.4199644E+02
    -0.7768774E+02     0.4199582E+02
    -0.7760507E+02     0.4199629E+02
    -0.7743613E+02     0.4199706E+02
    -0.7726717E+02     0.4199757E+02
    -0.7709822E+02     0.4199782E+02
    -0.7700000E+02     0.4199781E+02
    -0.7697723E+02     0.4200384E+02
    -0.7691223E+02     0.4200471E+02
    -0.7690314E+02     0.4200352E+02
    -0.7685653E+02     0.4200572E+02
    -0.7680866E+02     0.4200581E+02
    -0.7671097E+02     0.4200594E+02
    -0.7665257E+02     0.4200750E+02
    -0.7663998E+02     0.4200636E+02
    -0.7663821E+02     0.4200620E+02
    -0.7661895E+02     0.4200755E+02
    -0.7658022E+02     0.4200609E+02
    -0.7649915E+02     0.4200638E+02
    -0.7647135E+02     0.4200538E+02
    -0.7644186E+02     0.4200431E+02
    -0.7643155E+02     0.4200570E+02
    -0.7642457E+02     0.4200410E+02
    -0.7632935E+02     0.4200453E+02
    -0.7630307E+02     0.4200425E+02
    -0.7613428E+02     0.4200230E+02
    -0.7608304E+02     0.4200165E+02
    -0.7604614E+02     0.4200242E+02
    -0.7604604E+02     0.4200151E+02
    -0.7603211E+02     0.4200102E+02
    -0.7596666E+02     0.4200209E+02
    -0.7594015E+02     0.4200252E+02
    -0.7591502E+02     0.4200112E+02
    -0.7584463E+02     0.4200255E+02
    -0.7579797E+02     0.4200185E+02
    -0.7575543E+02     0.4200119E+02
    -0.7571124E+02     0.4200276E+02
    -0.7566284E+02     0.4200249E+02
    -0.7562931E+02     0.4200424E+02
    -0.7560954E+02     0.4200526E+02
    -0.7554996E+02     0.4200126E+02
    -0.7546080E+02     0.4200132E+02
    -0.7536963E+02     0.4200129E+02
    -0.7536963E+02     0.4200129E+02
    -0.7536387E+02     0.4199735E+02
    -0.7535122E+02     0.4199418E+02
    -0.7534568E+02     0.4199129E+02
    -0.7534288E+02     0.4198800E+02
    -0.7534550E+02     0.4197477E+02
    -0.7534270E+02     0.4197149E+02
    -0.7534270E+02     0.4197149E+02
    -0.7533847E+02     0.4196805E+02
    -0.7533160E+02     0.4196547E+02
    -0.7533160E+02     0.4196547E+02
    -0.7532878E+02     0.4196494E+02
    -0.7532079E+02     0.4195622E+02
    -0.7531903E+02     0.4195105E+02
    -0.7531515E+02     0.4194920E+02
    -0.7530992E+02     0.4194928E+02
    -0.7530077E+02     0.4195302E+02
    -0.7529063E+02     0.4195314E+02
    -0.7528521E+02     0.4194840E+02
    -0.7528521E+02     0.4194840E+02
    -0.7528485E+02     0.4194272E+02
    -0.7527441E+02     0.4191528E+02
    -0.7527441E+02     0.4191528E+02
    -0.7527115E+02     0.4191041E+02
    -0.7527061E+02     0.4190516E+02
    -0.7527797E+02     0.4189005E+02
    -0.7527454E+02     0.4188657E+02
    -0.7526746E+02     0.4188354E+02
    -0.7526411E+02     0.4187776E+02
    -0.7526622E+02     0.4186846E+02
    -0.7526382E+02     0.4186309E+02
    -0.7525936E+02     0.4186151E+02
    -0.7525936E+02     0.4186151E+02
    -0.7524677E+02     0.4186473E+02
    -0.7523119E+02     0.4185800E+02
    -0.7522494E+02     0.4186141E+02
    -0.7522494E+02     0.4186141E+02
    -0.7522341E+02     0.4186448E+02
    -0.7521791E+02     0.4186777E+02
    -0.7520785E+02     0.4186858E+02
    -0.7518835E+02     0.4186119E+02
    -0.7518266E+02     0.4187161E+02
    -0.7517870E+02     0.4187207E+02
    -0.7516850E+02     0.4185313E+02
    -0.7516425E+02     0.4185062E+02
    -0.7515475E+02     0.4185092E+02
    -0.7514700E+02     0.4185320E+02
    -0.7514098E+02     0.4185159E+02
    -0.7514098E+02     0.4185159E+02
    -0.7513708E+02     0.4184726E+02
    -0.7512344E+02     0.4184409E+02
    -0.7511737E+02     0.4183813E+02
    -0.7511488E+02     0.4182721E+02
    -0.7509991E+02     0.4181610E+02
    -0.7509299E+02     0.4181376E+02
    -0.7509299E+02     0.4181376E+02
    -0.7507918E+02     0.4181384E+02
    -0.7507651E+02     0.4181170E+02
    -0.7507641E+02     0.4180757E+02
    -0.7508015E+02     0.4179887E+02
    -0.7508327E+02     0.4179640E+02
    -0.7509539E+02     0.4179481E+02
    -0.7510133E+02     0.4178966E+02
    -0.7510291E+02     0.4178682E+02
    -0.7510291E+02     0.4178682E+02
    -0.7510565E+02     0.4177571E+02
    -0.7510205E+02     0.4177135E+02
    -0.7508996E+02     0.4177128E+02
    -0.7508996E+02     0.4177128E+02
    -0.7508631E+02     0.4177145E+02
    -0.7507569E+02     0.4176952E+02
    -0.7506459E+02     0.4176279E+02
    -0.7505927E+02     0.4175551E+02
    -0.7505623E+02     0.4172791E+02
    -0.7505230E+02     0.4171918E+02
    -0.7505370E+02     0.4171474E+02
    -0.7505903E+02     0.4171284E+02
    -0.7506876E+02     0.4171207E+02
    -0.7507175E+02     0.4170823E+02
    -0.7506142E+02     0.4169938E+02
    -0.7506142E+02     0.4169938E+02
    -0.7505514E+02     0.4168444E+02
    -0.7505514E+02     0.4168444E+02
    -0.7505782E+02     0.4167894E+02
    -0.7506291E+02     0.4167476E+02
    -0.7506291E+02     0.4167476E+02
    -0.7505476E+02     0.4166250E+02
    -0.7504944E+02     0.4163274E+02
    -0.7504944E+02     0.4163274E+02
    -0.7505114E+02     0.4162378E+02
    -0.7506158E+02     0.4162113E+02
    -0.7506408E+02     0.4161847E+02
    -0.7506485E+02     0.4161292E+02
    -0.7506760E+02     0.4161055E+02
    -0.7506760E+02     0.4161055E+02
    -0.7507561E+02     0.4160767E+02
    -0.7507626E+02     0.4160511E+02
    -0.7507626E+02     0.4160511E+02
    -0.7506596E+02     0.4159427E+02
    -0.7505011E+02     0.4158551E+02
    -0.7504466E+02     0.4157365E+02
    -0.7502583E+02     0.4156254E+02
    -0.7502093E+02     0.4155616E+02
    -0.7502015E+02     0.4155138E+02
    -0.7502644E+02     0.4154071E+02
    -0.7500867E+02     0.4152471E+02
    -0.7500166E+02     0.4151546E+02
    -0.7500166E+02     0.4151546E+02
    -0.7500000E+02     0.4151433E+02
    -0.7498890E+02     0.4150676E+02
    -0.7498649E+02     0.4150119E+02
    -0.7498648E+02     0.4149014E+02
    -0.7498648E+02     0.4149014E+02
    -0.7498609E+02     0.4148741E+02
    -0.7498367E+02     0.4148456E+02
    -0.7496924E+02     0.4148053E+02
    -0.7496100E+02     0.4148053E+02
    -0.7495161E+02     0.4148449E+02
    -0.7495161E+02     0.4148449E+02
    -0.7493660E+02     0.4148530E+02
    -0.7492966E+02     0.4148037E+02
    -0.7491814E+02     0.4147873E+02
    -0.7490931E+02     0.4146780E+02
    -0.7489913E+02     0.4146000E+02
    -0.7489366E+02     0.4145308E+02
    -0.7489366E+02     0.4145308E+02
    -0.7489716E+02     0.4144524E+02
    -0.7489446E+02     0.4144263E+02
    -0.7489046E+02     0.4144217E+02
    -0.7487441E+02     0.4144409E+02
    -0.7487441E+02     0.4144409E+02
    -0.7485931E+02     0.4144721E+02
    -0.7485246E+02     0.4144466E+02
    -0.7485246E+02     0.4144466E+02
    -0.7484397E+02     0.4143779E+02
    -0.7483857E+02     0.4143556E+02
    -0.7483075E+02     0.4143667E+02
    -0.7482394E+02     0.4144209E+02
    -0.7482394E+02     0.4144209E+02
    -0.7481430E+02     0.4144565E+02
    -0.7480425E+02     0.4143920E+02
    -0.7480425E+02     0.4143920E+02
    -0.7479923E+02     0.4142918E+02
    -0.7479503E+02     0.4142665E+02
    -0.7477506E+02     0.4142841E+02
    -0.7476150E+02     0.4142684E+02
    -0.7475092E+02     0.4143107E+02
    -0.7474649E+02     0.4143268E+02
    -0.7473966E+02     0.4143143E+02
    -0.7473602E+02     0.4142842E+02
    -0.7473710E+02     0.4142040E+02
    -0.7473710E+02     0.4142040E+02
    -0.7474099E+02     0.4140570E+02
    -0.7474099E+02     0.4140570E+02
    -0.7473798E+02     0.4140033E+02
    -0.7473473E+02     0.4139820E+02
    -0.7472633E+02     0.4139635E+02
    -0.7471899E+02     0.4139285E+02
    -0.7471506E+02     0.4138663E+02
    -0.7471506E+02     0.4138663E+02
    -0.7469265E+02     0.4136518E+02
    -0.7469282E+02     0.4136178E+02
    -0.7469282E+02     0.4136178E+02
    -0.7469595E+02     0.4135804E+02
    -0.7470916E+02     0.4135597E+02
    -0.7471673E+02     0.4135213E+02
    -0.7475974E+02     0.4134555E+02
    -0.7477267E+02     0.4132829E+02
    -0.7479555E+02     0.4132547E+02
    -0.7480016E+02     0.4131948E+02
    -0.7479378E+02     0.4131318E+02
    -0.7479941E+02     0.4130828E+02
    -0.7481090E+02     0.4130423E+02
    -0.7481402E+02     0.4130215E+02
    -0.7481691E+02     0.4130024E+02
    -0.7484209E+02     0.4128007E+02
    -0.7484209E+02     0.4128007E+02
    -0.7484643E+02     0.4127456E+02
    -0.7484643E+02     0.4127456E+02
    -0.7484859E+02     0.4126205E+02
    -0.7484859E+02     0.4126205E+02
    -0.7484814E+02     0.4125726E+02
    -0.7485032E+02     0.4125462E+02
    -0.7485909E+02     0.4125093E+02
    -0.7487369E+02     0.4123179E+02
    -0.7486768E+02     0.4122615E+02
    -0.7486608E+02     0.4122211E+02
    -0.7488254E+02     0.4119071E+02
    -0.7488924E+02     0.4118140E+02
    -0.7490244E+02     0.4117013E+02
    -0.7491572E+02     0.4115014E+02
    -0.7493613E+02     0.4113502E+02
    -0.7493613E+02     0.4113502E+02
    -0.7494792E+02     0.4113137E+02
    -0.7495858E+02     0.4112231E+02
    -0.7495858E+02     0.4112231E+02
    -0.7496622E+02     0.4111662E+02
    -0.7498320E+02     0.4111017E+02
    -0.7499247E+02     0.4109933E+02
    -0.7499633E+02     0.4109224E+02
    -0.7499342E+02     0.4109034E+02
    -0.7498947E+02     0.4109032E+02
    -0.7497398E+02     0.4109646E+02
    -0.7497038E+02     0.4109368E+02
    -0.7497156E+02     0.4109017E+02
    -0.7497984E+02     0.4108490E+02
    -0.7497984E+02     0.4108490E+02
    -0.7500000E+02     0.4107458E+02
    -0.7501025E+02     0.4106933E+02
    -0.7502069E+02     0.4106024E+02
    -0.7502609E+02     0.4105182E+02
    -0.7502762E+02     0.4104503E+02
    -0.7504673E+02     0.4103100E+02
    -0.7506783E+02     0.4102113E+02
    -0.7509005E+02     0.4101465E+02
    -0.7510451E+02     0.4100803E+02
    -0.7513380E+02     0.4099460E+02
    -0.7513613E+02     0.4098757E+02
    -0.7513613E+02     0.4098757E+02
    -0.7513927E+02     0.4098257E+02
    -0.7513927E+02     0.4098257E+02
    -0.7513837E+02     0.4097748E+02
    -0.7513440E+02     0.4097241E+02
    -0.7512321E+02     0.4096468E+02
    -0.7509922E+02     0.4092360E+02
    -0.7509922E+02     0.4092360E+02
    -0.7508933E+02     0.4091843E+02
    -0.7508933E+02     0.4091843E+02
    -0.7508342E+02     0.4091195E+02
    -0.7507892E+02     0.4089532E+02
    -0.7507610E+02     0.4089100E+02
    -0.7506878E+02     0.4088514E+02
    -0.7505990E+02     0.4087804E+02
    -0.7505817E+02     0.4086228E+02
    -0.7506837E+02     0.4084812E+02
    -0.7509393E+02     0.4084938E+02
    -0.7509880E+02     0.4084424E+02
    -0.7508765E+02     0.4082797E+02
    -0.7508899E+02     0.4081936E+02
    -0.7509864E+02     0.4081376E+02
    -0.7510606E+02     0.4079872E+02
    -0.7511221E+02     0.4079501E+02
    -0.7512708E+02     0.4078600E+02
    -0.7513923E+02     0.4077578E+02
    -0.7516896E+02     0.4077903E+02
    -0.7517567E+02     0.4077643E+02
    -0.7518302E+02     0.4076363E+02
    -0.7519601E+02     0.4075682E+02
    -0.7520045E+02     0.4075007E+02
    -0.7519207E+02     0.4074342E+02
    -0.7518830E+02     0.4073468E+02
    -0.7519249E+02     0.4072245E+02
    -0.7519613E+02     0.4071897E+02
    -0.7519613E+02     0.4071897E+02
    -0.7520463E+02     0.4070402E+02
    -0.7520872E+02     0.4069071E+02
    -0.7520762E+02     0.4068871E+02
    -0.7520551E+02     0.4068562E+02
    -0.7518967E+02     0.4068103E+02
    -0.7518499E+02     0.4067766E+02
    -0.7518499E+02     0.4067766E+02
    -0.7518793E+02     0.4067149E+02
    -0.7519998E+02     0.4066046E+02
    -0.7520392E+02     0.4065129E+02
    -0.7519534E+02     0.4064242E+02
    -0.7519332E+02     0.4063109E+02
    -0.7519332E+02     0.4063109E+02
    -0.7519717E+02     0.4062326E+02
    -0.7520568E+02     0.4061795E+02
    -0.7519774E+02     0.4059868E+02
    -0.7519825E+02     0.4059475E+02
    -0.7520221E+02     0.4058008E+02
    -0.7519942E+02     0.4057634E+02
    -0.7518697E+02     0.4056903E+02
    -0.7517700E+02     0.4056571E+02
    -0.7517109E+02     0.4056674E+02
    -0.7516125E+02     0.4057373E+02
    -0.7515176E+02     0.4057519E+02
    -0.7515176E+02     0.4057519E+02
    -0.7513776E+02     0.4057770E+02
    -0.7511623E+02     0.4057562E+02
    -0.7509793E+02     0.4056808E+02
    -0.7507272E+02     0.4054344E+02
    -0.7506873E+02     0.4052902E+02
    -0.7506869E+02     0.4050545E+02
    -0.7507027E+02     0.4049269E+02
    -0.7507449E+02     0.4045881E+02
    -0.7506927E+02     0.4043105E+02
    -0.7505897E+02     0.4041739E+02
    -0.7503011E+02     0.4040431E+02
    -0.7501733E+02     0.4040988E+02
    -0.7500303E+02     0.4041124E+02
    -0.7500000E+02     0.4041153E+02
    -0.7499782E+02     0.4041174E+02
    -0.7499049E+02     0.4040725E+02
    -0.7497527E+02     0.4040359E+02
    -0.7495401E+02     0.4037425E+02
    -0.7494684E+02     0.4034781E+02
    -0.7494301E+02     0.4034070E+02
    -0.7493594E+02     0.4033295E+02
    -0.7492058E+02     0.4032158E+02
    -0.7491113E+02     0.4031754E+02
    -0.7490788E+02     0.4031615E+02
    -0.7489653E+02     0.4031390E+02
    -0.7488174E+02     0.4030290E+02
    -0.7486627E+02     0.4027812E+02
    -0.7485338E+02     0.4025238E+02
    -0.7483619E+02     0.4024202E+02
    -0.7481123E+02     0.4023143E+02
    -0.7480678E+02     0.4022857E+02
    -0.7478257E+02     0.4021301E+02
    -0.7477131E+02     0.4019328E+02
    -0.7475756E+02     0.4018139E+02
    -0.7473169E+02     0.4016404E+02
    -0.7472667E+02     0.4015495E+02
    -0.7473166E+02     0.4014536E+02
    -0.7474737E+02     0.4013724E+02
    -0.7475117E+02     0.4013776E+02
    -0.7475594E+02     0.4013842E+02
    -0.7476529E+02     0.4013631E+02
    -0.7477773E+02     0.4012714E+02
    -0.7478535E+02     0.4012350E+02
    -0.7480063E+02     0.4012271E+02
    -0.7482536E+02     0.4012711E+02
    -0.7483564E+02     0.4011764E+02
    -0.7484216E+02     0.4010146E+02
    -0.7485190E+02     0.4009201E+02
    -0.7486764E+02     0.4008324E+02
    -0.7487640E+02     0.4008165E+02
    -0.7493063E+02     0.4007177E+02
    -0.7494962E+02     0.4006541E+02
    -0.7496552E+02     0.4005793E+02
    -0.7500000E+02     0.4003548E+02
    -0.7501781E+02     0.4002388E+02
    -0.7502093E+02     0.4002185E+02
    -0.7505489E+02     0.4000906E+02
    -0.7505988E+02     0.4000000E+02
    -0.7505988E+02     0.4000000E+02
    -0.7506115E+02     0.3998611E+02
    -0.7507323E+02     0.3997757E+02
    -0.7508388E+02     0.3997356E+02
    -0.7509497E+02     0.3996682E+02
    -0.7510921E+02     0.3996224E+02
    -0.7512100E+02     0.3995896E+02
    -0.7513244E+02     0.3995131E+02
    -0.7513654E+02     0.3994159E+02
    -0.7513116E+02     0.3991416E+02
    -0.7513432E+02     0.3989433E+02
    -0.7514239E+02     0.3988268E+02
    -0.7515103E+02     0.3987677E+02
    -0.7516642E+02     0.3987268E+02
    -0.7517542E+02     0.3987136E+02
    -0.7518850E+02     0.3986624E+02
    -0.7519273E+02     0.3986458E+02
    -0.7520709E+02     0.3985725E+02
    -0.7521658E+02     0.3985228E+02
    -0.7524072E+02     0.3984547E+02
    -0.7526375E+02     0.3984299E+02
    -0.7530495E+02     0.3983968E+02
    -0.7531599E+02     0.3983887E+02
    -0.7532283E+02     0.3983886E+02
    -0.7534455E+02     0.3983265E+02
    -0.7534460E+02     0.3983173E+02
    -0.7535746E+02     0.3982433E+02
    -0.7537226E+02     0.3981379E+02
    -0.7537546E+02     0.3980930E+02
    -0.7538216E+02     0.3980642E+02
    -0.7538216E+02     0.3980642E+02
    -0.7539083E+02     0.3981140E+02
    -0.7539146E+02     0.3981176E+02
    -0.7539211E+02     0.3981211E+02
    -0.7539276E+02     0.3981247E+02
    -0.7539341E+02     0.3981282E+02
    -0.7539407E+02     0.3981316E+02
    -0.7539472E+02     0.3981351E+02
    -0.7539538E+02     0.3981386E+02
    -0.7539603E+02     0.3981420E+02
    -0.7539669E+02     0.3981454E+02
    -0.7539735E+02     0.3981488E+02
    -0.7539802E+02     0.3981522E+02
    -0.7539868E+02     0.3981555E+02
    -0.7539913E+02     0.3981577E+02
    -0.7539980E+02     0.3981610E+02
    -0.7540025E+02     0.3981632E+02
    -0.7540092E+02     0.3981665E+02
    -0.7540159E+02     0.3981697E+02
    -0.7540226E+02     0.3981730E+02
    -0.7540294E+02     0.3981762E+02
    -0.7540362E+02     0.3981794E+02
    -0.7540430E+02     0.3981825E+02
    -0.7540475E+02     0.3981846E+02
    -0.7540543E+02     0.3981877E+02
    -0.7540589E+02     0.3981898E+02
    -0.7540635E+02     0.3981919E+02
    -0.7540681E+02     0.3981939E+02
    -0.7540726E+02     0.3981960E+02
    -0.7540772E+02     0.3981980E+02
    -0.7540819E+02     0.3982000E+02
    -0.7540865E+02     0.3982020E+02
    -0.7540911E+02     0.3982040E+02
    -0.7540980E+02     0.3982070E+02
    -0.7541049E+02     0.3982100E+02
    -0.7541096E+02     0.3982119E+02
    -0.7541142E+02     0.3982139E+02
    -0.7541189E+02     0.3982158E+02
    -0.7541235E+02     0.3982177E+02
    -0.7541283E+02     0.3982197E+02
    -0.7541329E+02     0.3982216E+02
    -0.7541376E+02     0.3982235E+02
    -0.7541423E+02     0.3982254E+02
    -0.7541470E+02     0.3982273E+02
    -0.7541517E+02     0.3982291E+02
    -0.7541564E+02     0.3982310E+02
    -0.7541611E+02     0.3982328E+02
    -0.7541659E+02     0.3982347E+02
    -0.7541706E+02     0.3982365E+02
    -0.7541753E+02     0.3982383E+02
    -0.7541801E+02     0.3982402E+02
    -0.7541849E+02     0.3982420E+02
    -0.7541896E+02     0.3982438E+02
    -0.7541943E+02     0.3982455E+02
    -0.7541991E+02     0.3982473E+02
    -0.7542039E+02     0.3982491E+02
    -0.7542087E+02     0.3982508E+02
    -0.7542135E+02     0.3982525E+02
    -0.7542183E+02     0.3982543E+02
    -0.7542231E+02     0.3982560E+02
    -0.7542279E+02     0.3982577E+02
    -0.7542327E+02     0.3982594E+02
    -0.7542375E+02     0.3982611E+02
    -0.7542424E+02     0.3982627E+02
    -0.7542472E+02     0.3982644E+02
    -0.7542520E+02     0.3982661E+02
    -0.7542569E+02     0.3982677E+02
    -0.7542617E+02     0.3982693E+02
    -0.7542666E+02     0.3982710E+02
    -0.7542715E+02     0.3982726E+02
    -0.7542764E+02     0.3982742E+02
    -0.7542812E+02     0.3982758E+02
    -0.7542861E+02     0.3982774E+02
    -0.7542910E+02     0.3982790E+02
    -0.7542959E+02     0.3982805E+02
    -0.7543008E+02     0.3982821E+02
    -0.7543056E+02     0.3982836E+02
    -0.7543106E+02     0.3982851E+02
    -0.7543155E+02     0.3982867E+02
    -0.7543204E+02     0.3982882E+02
    -0.7543253E+02     0.3982897E+02
    -0.7543303E+02     0.3982912E+02
    -0.7543353E+02     0.3982926E+02
    -0.7543401E+02     0.3982941E+02
    -0.7543451E+02     0.3982956E+02
    -0.7543501E+02     0.3982970E+02
    -0.7543550E+02     0.3982984E+02
    -0.7543600E+02     0.3982999E+02
    -0.7543649E+02     0.3983013E+02
    -0.7543699E+02     0.3983027E+02
    -0.7543749E+02     0.3983041E+02
    -0.7543799E+02     0.3983054E+02
    -0.7543849E+02     0.3983068E+02
    -0.7543899E+02     0.3983082E+02
    -0.7543948E+02     0.3983095E+02
    -0.7543999E+02     0.3983109E+02
    -0.7544049E+02     0.3983122E+02
    -0.7544099E+02     0.3983135E+02
    -0.7544149E+02     0.3983148E+02
    -0.7544199E+02     0.3983161E+02
    -0.7544250E+02     0.3983174E+02
    -0.7544300E+02     0.3983187E+02
    -0.7544350E+02     0.3983199E+02
    -0.7544401E+02     0.3983212E+02
    -0.7544451E+02     0.3983224E+02
    -0.7544501E+02     0.3983237E+02
    -0.7544553E+02     0.3983249E+02
    -0.7544603E+02     0.3983261E+02
    -0.7544653E+02     0.3983273E+02
    -0.7544704E+02     0.3983285E+02
    -0.7544755E+02     0.3983297E+02
    -0.7544806E+02     0.3983308E+02
    -0.7544856E+02     0.3983319E+02
    -0.7544907E+02     0.3983331E+02
    -0.7544958E+02     0.3983342E+02
    -0.7545009E+02     0.3983353E+02
    -0.7545060E+02     0.3983365E+02
    -0.7545111E+02     0.3983376E+02
    -0.7545162E+02     0.3983387E+02
    -0.7545213E+02     0.3983397E+02
    -0.7545264E+02     0.3983408E+02
    -0.7545316E+02     0.3983419E+02
    -0.7545367E+02     0.3983429E+02
    -0.7545418E+02     0.3983439E+02
    -0.7545469E+02     0.3983450E+02
    -0.7545521E+02     0.3983459E+02
    -0.7545572E+02     0.3983470E+02
    -0.7545623E+02     0.3983480E+02
    -0.7545675E+02     0.3983489E+02
    -0.7545726E+02     0.3983499E+02
    -0.7545778E+02     0.3983509E+02
    -0.7545829E+02     0.3983518E+02
    -0.7545881E+02     0.3983527E+02
    -0.7545933E+02     0.3983537E+02
    -0.7545984E+02     0.3983546E+02
    -0.7546036E+02     0.3983555E+02
    -0.7546088E+02     0.3983564E+02
    -0.7546140E+02     0.3983572E+02
    -0.7546191E+02     0.3983581E+02
    -0.7546243E+02     0.3983590E+02
    -0.7546294E+02     0.3983598E+02
    -0.7546346E+02     0.3983606E+02
    -0.7546398E+02     0.3983615E+02
    -0.7546450E+02     0.3983623E+02
    -0.7546502E+02     0.3983631E+02
    -0.7546554E+02     0.3983639E+02
    -0.7546606E+02     0.3983646E+02
    -0.7546658E+02     0.3983654E+02
    -0.7546710E+02     0.3983662E+02
    -0.7546762E+02     0.3983669E+02
    -0.7546815E+02     0.3983677E+02
    -0.7546867E+02     0.3983684E+02
    -0.7546918E+02     0.3983691E+02
    -0.7546971E+02     0.3983698E+02
    -0.7547023E+02     0.3983705E+02
    -0.7547076E+02     0.3983711E+02
    -0.7547128E+02     0.3983718E+02
    -0.7547180E+02     0.3983725E+02
    -0.7547232E+02     0.3983731E+02
    -0.7547285E+02     0.3983737E+02
    -0.7547337E+02     0.3983744E+02
    -0.7547389E+02     0.3983750E+02
    -0.7547442E+02     0.3983755E+02
    -0.7547494E+02     0.3983762E+02
    -0.7547546E+02     0.3983767E+02
    -0.7547599E+02     0.3983773E+02
    -0.7547652E+02     0.3983778E+02
    -0.7547704E+02     0.3983784E+02
    -0.7547756E+02     0.3983789E+02
    -0.7547809E+02     0.3983794E+02
    -0.7547861E+02     0.3983799E+02
    -0.7547914E+02     0.3983804E+02
    -0.7547967E+02     0.3983809E+02
    -0.7548019E+02     0.3983814E+02
    -0.7548072E+02     0.3983818E+02
    -0.7548125E+02     0.3983823E+02
    -0.7548177E+02     0.3983828E+02
    -0.7548230E+02     0.3983832E+02
    -0.7548283E+02     0.3983836E+02
    -0.7548335E+02     0.3983840E+02
    -0.7548388E+02     0.3983844E+02
    -0.7548441E+02     0.3983848E+02
    -0.7548494E+02     0.3983852E+02
    -0.7548547E+02     0.3983855E+02
    -0.7548599E+02     0.3983858E+02
    -0.7548652E+02     0.3983862E+02
    -0.7548705E+02     0.3983865E+02
    -0.7548758E+02     0.3983868E+02
    -0.7548811E+02     0.3983871E+02
    -0.7548863E+02     0.3983875E+02
    -0.7548916E+02     0.3983877E+02
    -0.7548969E+02     0.3983880E+02
    -0.7549022E+02     0.3983883E+02
    -0.7549075E+02     0.3983885E+02
    -0.7549128E+02     0.3983887E+02
    -0.7549181E+02     0.3983890E+02
    -0.7549233E+02     0.3983892E+02
    -0.7549286E+02     0.3983894E+02
    -0.7549339E+02     0.3983895E+02
    -0.7549392E+02     0.3983897E+02
    -0.7549445E+02     0.3983899E+02
    -0.7549498E+02     0.3983901E+02
    -0.7549551E+02     0.3983902E+02
    -0.7549604E+02     0.3983904E+02
    -0.7549657E+02     0.3983905E+02
    -0.7549710E+02     0.3983906E+02
    -0.7549763E+02     0.3983907E+02
    -0.7549815E+02     0.3983908E+02
    -0.7549869E+02     0.3983908E+02
    -0.7549921E+02     0.3983909E+02
    -0.7549975E+02     0.3983910E+02
    -0.7550027E+02     0.3983910E+02
    -0.7550081E+02     0.3983910E+02
    -0.7550134E+02     0.3983910E+02
    -0.7550187E+02     0.3983911E+02
    -0.7550240E+02     0.3983911E+02
    -0.7550292E+02     0.3983910E+02
    -0.7550346E+02     0.3983910E+02
    -0.7550398E+02     0.3983910E+02
    -0.7550452E+02     0.3983909E+02
    -0.7550504E+02     0.3983909E+02
    -0.7550558E+02     0.3983908E+02
    -0.7550610E+02     0.3983907E+02
    -0.7550663E+02     0.3983906E+02
    -0.7550716E+02     0.3983905E+02
    -0.7550769E+02     0.3983904E+02
    -0.7550822E+02     0.3983903E+02
    -0.7550875E+02     0.3983901E+02
    -0.7550928E+02     0.3983900E+02
    -0.7550981E+02     0.3983898E+02
    -0.7551034E+02     0.3983896E+02
    -0.7551087E+02     0.3983895E+02
    -0.7553098E+02     0.3983764E+02
    -0.7555896E+02     0.3983626E+02
    -0.7555896E+02     0.3983626E+02
    -0.7557749E+02     0.3983495E+02
    -0.7557836E+02     0.3983486E+02
    -0.7559512E+02     0.3983316E+02
    -0.7561883E+02     0.3982833E+02
    -0.7563365E+02     0.3982280E+02
    -0.7566386E+02     0.3981219E+02
    -0.7568420E+02     0.3980291E+02
    -0.7570073E+02     0.3979261E+02
    -0.7573030E+02     0.3976960E+02
    -0.7574477E+02     0.3975831E+02
    -0.7575426E+02     0.3974575E+02
    -0.7576155E+02     0.3973541E+02
    -0.7576743E+02     0.3973007E+02
    -0.7577487E+02     0.3971653E+02
    -0.7577908E+02     0.3971527E+02
    -0.7578709E+02     0.3971537E+02
    -0.7581082E+02     0.3971566E+02
    -0.7583514E+02     0.3971585E+02
    -0.7584498E+02     0.3971497E+02
    -0.7585442E+02     0.3971614E+02
    -0.7587169E+02     0.3971499E+02
    -0.7589962E+02     0.3971412E+02
    -0.7591530E+02     0.3971522E+02
    -0.7597614E+02     0.3971518E+02
    -0.7599780E+02     0.3971504E+02
    -0.7602424E+02     0.3971434E+02
    -0.7603733E+02     0.3971352E+02
    -0.7605454E+02     0.3971349E+02
    -0.7606843E+02     0.3971498E+02
    -0.7609249E+02     0.3971420E+02
    -0.7616547E+02     0.3971460E+02
    -0.7618501E+02     0.3971575E+02
    -0.7619157E+02     0.3971499E+02
    -0.7621263E+02     0.3971433E+02
    -0.7622068E+02     0.3971408E+02
    -0.7623069E+02     0.3971615E+02
    -0.7625537E+02     0.3971466E+02
    -0.7626370E+02     0.3971417E+02
    -0.7628067E+02     0.3971273E+02
    -0.7629813E+02     0.3971382E+02
    -0.7634618E+02     0.3971423E+02
    -0.7636166E+02     0.3971297E+02
    -0.7637830E+02     0.3971243E+02
    -0.7638210E+02     0.3971389E+02
    -0.7640314E+02     0.3971458E+02
    -0.7641172E+02     0.3971500E+02
    -0.7646696E+02     0.3971346E+02
    -0.7658331E+02     0.3971226E+02
    -0.7660077E+02     0.3971353E+02
    -0.7662543E+02     0.3971220E+02
    -0.7664738E+02     0.3971242E+02
    -0.7664735E+02     0.3971334E+02
    -0.7665451E+02     0.3971211E+02
    -0.7671683E+02     0.3971174E+02
    -0.7674709E+02     0.3971165E+02
    -0.7675149E+02     0.3971310E+02
    -0.7676608E+02     0.3971156E+02
    -0.7679602E+02     0.3971213E+02
    -0.7681327E+02     0.3971062E+02
    -0.7682870E+02     0.3971068E+02
    -0.7684137E+02     0.3971012E+02
    -0.7684203E+02     0.3971009E+02
    -0.7685424E+02     0.3970956E+02
    -0.7686666E+02     0.3971093E+02
    -0.7691471E+02     0.3971112E+02
    -0.7693486E+02     0.3971194E+02
    -0.7697105E+02     0.3971213E+02
    -0.7699300E+02     0.3971205E+02
    -0.7701405E+02     0.3971219E+02
    -0.7702172E+02     0.3971392E+02
    -0.7704223E+02     0.3971244E+02
    -0.7710185E+02     0.3971253E+02
    -0.7710954E+02     0.3971212E+02
    -0.7870793E+02     0.3971245E+02
    -0.7875124E+02     0.3971192E+02
    -0.7875390E+02     0.3971284E+02
    -0.7877052E+02     0.3971193E+02
    -0.7877734E+02     0.3971155E+02
    -0.7878386E+02     0.3971180E+02
    -0.7879067E+02     0.3971320E+02
    -0.7880314E+02     0.3971118E+02
    -0.7882924E+02     0.3971148E+02
    -0.7886512E+02     0.3971112E+02
    -0.7887906E+02     0.3971185E+02
    -0.7890377E+02     0.3971168E+02
    -0.7890724E+02     0.3971163E+02
    -0.7894905E+02     0.3971109E+02
    -0.7897337E+02     0.3971228E+02
    -0.7901845E+02     0.3971189E+02
    -0.7903713E+02     0.3971100E+02
    -0.7904069E+02     0.3971260E+02
    -0.7906412E+02     0.3971194E+02
    -0.7908073E+02     0.3971219E+02
    -0.7909258E+02     0.3971288E+02
    -0.7910919E+02     0.3971290E+02
    -0.7916544E+02     0.3971274E+02
    -0.7920261E+02     0.3971338E+02
    -0.7923019E+02     0.3971246E+02
    -0.7925066E+02     0.3971360E+02
    -0.7926134E+02     0.3971268E+02
    -0.7935653E+02     0.3971167E+02
    -0.7938500E+02     0.3971232E+02
    -0.7939954E+02     0.3971115E+02
    -0.7942119E+02     0.3971249E+02
    -0.7943275E+02     0.3971064E+02
    -0.7945054E+02     0.3971106E+02
    -0.7945529E+02     0.3971265E+02
    -0.7947635E+02     0.3971254E+02
    -0.7952202E+02     0.3971227E+02
    -0.7952795E+02     0.3971065E+02
    -0.7953981E+02     0.3971222E+02
    -0.7956532E+02     0.3971123E+02
    -0.7957095E+02     0.3971007E+02
    -0.7960891E+02     0.3971178E+02
    -0.7961782E+02     0.3971381E+02
    -0.7963352E+02     0.3971078E+02
    -0.7971746E+02     0.3971206E+02
    -0.7974385E+02     0.3971149E+02
    -0.7976224E+02     0.3971141E+02
    -0.7977261E+02     0.3971045E+02
    -0.7978271E+02     0.3971201E+02
    -0.7980584E+02     0.3971189E+02
    -0.7989688E+02     0.3971165E+02
    -0.7991319E+02     0.3971140E+02
    -0.7992061E+02     0.3971128E+02
    -0.7992225E+02     0.3970929E+02
    -0.7992981E+02     0.3971215E+02
    -0.7993126E+02     0.3970985E+02
    -0.7994405E+02     0.3971206E+02
    -0.7996155E+02     0.3971242E+02
    -0.7996838E+02     0.3971444E+02
    -0.7998913E+02     0.3971270E+02
    -0.8000000E+02     0.3971247E+02
    -0.8002026E+02     0.3971204E+02
    -0.8003034E+02     0.3971152E+02
    -0.8003807E+02     0.3971307E+02
    -0.8005317E+02     0.3971091E+02
    -0.8012555E+02     0.3971223E+02
    -0.8013122E+02     0.3971447E+02
    -0.8017651E+02     0.3971468E+02
    -0.8018757E+02     0.3971473E+02
    -0.8019020E+02     0.3971173E+02
    -0.8019469E+02     0.3971467E+02
    -0.8020358E+02     0.3971460E+02
    -0.8021400E+02     0.3971658E+02
    -0.8023058E+02     0.3971438E+02
    -0.8023056E+02     0.3971347E+02
    -0.8024539E+02     0.3971380E+02
    -0.8025786E+02     0.3971416E+02
    -0.8026764E+02     0.3971384E+02
    -0.8026818E+02     0.3971340E+02
    -0.8028693E+02     0.3971437E+02
    -0.8035158E+02     0.3971402E+02
    -0.8036110E+02     0.3971576E+02
    -0.8037975E+02     0.3971376E+02
    -0.8039814E+02     0.3971381E+02
    -0.8041323E+02     0.3971138E+02
    -0.8042364E+02     0.3971333E+02
    -0.8050605E+02     0.3971067E+02
    -0.8051706E+02     0.3971236E+02
    -0.8051878E+02     0.3972565E+02
    -0.8051870E+02     0.3973801E+02
    -0.8051659E+02     0.3975338E+02
    -0.8051900E+02     0.3978792E+02
    -0.8051960E+02     0.3980165E+02
    -0.8052099E+02     0.3983299E+02
    -0.8052086E+02     0.3985886E+02
    -0.8052374E+02     0.3987005E+02
    -0.8052187E+02     0.3988243E+02
    -0.8052489E+02     0.3996777E+02
    -0.8052355E+02     0.3999250E+02
    -0.8052411E+02     0.4000000E+02
    -0.8051874E+02     0.4008818E+02
    -0.8051759E+02     0.4021394E+02
    -0.8051643E+02     0.4033972E+02
    -0.8051527E+02     0.4046551E+02
    -0.8051490E+02     0.4063011E+02
    -0.8051517E+02     0.4070625E+02
    -0.8051571E+02     0.4083208E+02
    -0.8051624E+02     0.4095792E+02
    -0.8051678E+02     0.4108378E+02
    -0.8051595E+02     0.4125311E+02
    -0.8051642E+02     0.4137956E+02
    -0.8051639E+02     0.4150545E+02
    -0.8051636E+02     0.4163135E+02
    -0.8051632E+02     0.4175726E+02
    -0.8051629E+02     0.4188317E+02
    -0.8051627E+02     0.4197527E+02
    -0.8051627E+02     0.4197527E+02
    -0.8050836E+02     0.4197914E+02
    -0.8045605E+02     0.4199276E+02
    -0.8044740E+02     0.4199793E+02
    -0.8036947E+02     0.4202108E+02
    -0.8029420E+02     0.4204497E+02
    -0.8022655E+02     0.4207347E+02
    -0.8021617E+02     0.4207627E+02
    -0.8018280E+02     0.4209029E+02
    -0.8015295E+02     0.4210651E+02
    -0.8014545E+02     0.4211630E+02
    -0.8014225E+02     0.4211777E+02
END
END
