rhode_island
1
    -0.7158058E+02     0.4170950E+02
    -0.7180550E+02     0.4142881E+02
    -0.7179858E+02     0.4144363E+02
    -0.7179157E+02     0.4155362E+02
    -0.7179131E+02     0.4155783E+02
    -0.7179227E+02     0.4157223E+02
    -0.7178934E+02     0.4162176E+02
    -0.7179034E+02     0.4167938E+02
    -0.7179065E+02     0.4169705E+02
    -0.7178902E+02     0.4170145E+02
    -0.7179224E+02     0.4173159E+02
    -0.7179406E+02     0.4180495E+02
    -0.7179623E+02     0.4189200E+02
    -0.7179482E+02     0.4192799E+02
    -0.7179523E+02     0.4193075E+02
    -0.7179660E+02     0.4193985E+02
    -0.7179592E+02     0.4201177E+02
    -0.7163604E+02     0.4201645E+02
    -0.7162720E+02     0.4201657E+02
    -0.7146714E+02     0.4201880E+02
    -0.7145840E+02     0.4201913E+02
    -0.7140332E+02     0.4202115E+02
    -0.7138020E+02     0.4201937E+02
    -0.7137759E+02     0.4201553E+02
    -0.7138016E+02     0.4197930E+02
    -0.7137856E+02     0.4196972E+02
    -0.7138214E+02     0.4195273E+02
    -0.7138244E+02     0.4195132E+02
    -0.7138117E+02     0.4192410E+02
    -0.7138117E+02     0.4192410E+02
    -0.7138073E+02     0.4190866E+02
    -0.7134153E+02     0.4191231E+02
    -0.7133788E+02     0.4187833E+02
    -0.7133788E+02     0.4187833E+02
    -0.7133775E+02     0.4185109E+02
    -0.7134394E+02     0.4183092E+02
    -0.7134369E+02     0.4182511E+02
    -0.7134038E+02     0.4181601E+02
    -0.7133482E+02     0.4180848E+02
    -0.7132760E+02     0.4178629E+02
    -0.7131737E+02     0.4178285E+02
    -0.7131101E+02     0.4177680E+02
    -0.7129447E+02     0.4176809E+02
    -0.7129387E+02     0.4176778E+02
    -0.7129387E+02     0.4176778E+02
    -0.7129797E+02     0.4174759E+02
    -0.7130089E+02     0.4174410E+02
    -0.7132152E+02     0.4175556E+02
    -0.7132192E+02     0.4175807E+02
    -0.7131899E+02     0.4176134E+02
    -0.7131109E+02     0.4176288E+02
    -0.7130907E+02     0.4176590E+02
    -0.7131597E+02     0.4177033E+02
    -0.7132235E+02     0.4176905E+02
    -0.7132578E+02     0.4177859E+02
    -0.7132911E+02     0.4177784E+02
    -0.7133099E+02     0.4177093E+02
    -0.7132724E+02     0.4175315E+02
    -0.7132435E+02     0.4174955E+02
    -0.7130753E+02     0.4174189E+02
    -0.7130007E+02     0.4173061E+02
    -0.7130045E+02     0.4172464E+02
    -0.7130377E+02     0.4172343E+02
    -0.7130686E+02     0.4172428E+02
    -0.7130891E+02     0.4172195E+02
    -0.7130746E+02     0.4171602E+02
    -0.7130947E+02     0.4171255E+02
    -0.7131445E+02     0.4171473E+02
    -0.7131921E+02     0.4171944E+02
    -0.7131812E+02     0.4172102E+02
    -0.7131632E+02     0.4172362E+02
    -0.7131731E+02     0.4172543E+02
    -0.7132567E+02     0.4172823E+02
    -0.7133855E+02     0.4172909E+02
    -0.7134666E+02     0.4173304E+02
    -0.7135278E+02     0.4174092E+02
    -0.7136287E+02     0.4176451E+02
    -0.7136523E+02     0.4176240E+02
    -0.7136607E+02     0.4175253E+02
    -0.7136788E+02     0.4175180E+02
    -0.7137148E+02     0.4175768E+02
    -0.7137381E+02     0.4177022E+02
    -0.7137638E+02     0.4177337E+02
    -0.7137318E+02     0.4177779E+02
    -0.7137981E+02     0.4179047E+02
    -0.7137844E+02     0.4179462E+02
    -0.7138173E+02     0.4179694E+02
    -0.7138348E+02     0.4179817E+02
    -0.7138577E+02     0.4180201E+02
    -0.7138505E+02     0.4180684E+02
    -0.7138929E+02     0.4180583E+02
    -0.7138929E+02     0.4180583E+02
    -0.7139742E+02     0.4180244E+02
    -0.7139742E+02     0.4180244E+02
    -0.7139288E+02     0.4179590E+02
    -0.7139826E+02     0.4178502E+02
    -0.7139484E+02     0.4177571E+02
    -0.7139657E+02     0.4177316E+02
    -0.7139989E+02     0.4177216E+02
    -0.7140071E+02     0.4176963E+02
    -0.7139030E+02     0.4176162E+02
    -0.7138704E+02     0.4175665E+02
    -0.7139452E+02     0.4175213E+02
    -0.7138808E+02     0.4175205E+02
    -0.7138616E+02     0.4174980E+02
    -0.7138855E+02     0.4174059E+02
    -0.7139384E+02     0.4174276E+02
    -0.7139678E+02     0.4173995E+02
    -0.7138311E+02     0.4172674E+02
    -0.7137842E+02     0.4172410E+02
    -0.7136768E+02     0.4172319E+02
    -0.7136478E+02     0.4171936E+02
    -0.7137350E+02     0.4171849E+02
    -0.7137123E+02     0.4171235E+02
    -0.7137158E+02     0.4169792E+02
    -0.7137809E+02     0.4169251E+02
    -0.7138095E+02     0.4167963E+02
    -0.7138605E+02     0.4167745E+02
    -0.7139222E+02     0.4167869E+02
    -0.7139509E+02     0.4168160E+02
    -0.7139145E+02     0.4169794E+02
    -0.7139248E+02     0.4170066E+02
    -0.7140071E+02     0.4170025E+02
    -0.7140311E+02     0.4169127E+02
    -0.7140618E+02     0.4169166E+02
    -0.7141165E+02     0.4169863E+02
    -0.7141855E+02     0.4170283E+02
    -0.7142159E+02     0.4170230E+02
    -0.7142150E+02     0.4170024E+02
    -0.7141210E+02     0.4169450E+02
    -0.7141727E+02     0.4169370E+02
    -0.7141560E+02     0.4169030E+02
    -0.7141890E+02     0.4168863E+02
    -0.7142211E+02     0.4168902E+02
    -0.7143948E+02     0.4169114E+02
    -0.7145276E+02     0.4169450E+02
    -0.7145700E+02     0.4169372E+02
    -0.7145793E+02     0.4168637E+02
    -0.7145461E+02     0.4167981E+02
    -0.7145399E+02     0.4167204E+02
    -0.7145675E+02     0.4166488E+02
    -0.7146317E+02     0.4165740E+02
    -0.7146217E+02     0.4165536E+02
    -0.7145879E+02     0.4165498E+02
    -0.7145287E+02     0.4165969E+02
    -0.7144894E+02     0.4166826E+02
    -0.7143690E+02     0.4167288E+02
    -0.7143198E+02     0.4167207E+02
    -0.7142107E+02     0.4166637E+02
    -0.7141973E+02     0.4166365E+02
    -0.7143005E+02     0.4166182E+02
    -0.7143622E+02     0.4165579E+02
    -0.7144118E+02     0.4165494E+02
    -0.7144312E+02     0.4165303E+02
    -0.7143912E+02     0.4165311E+02
    -0.7142744E+02     0.4165775E+02
    -0.7141451E+02     0.4165530E+02
    -0.7141193E+02     0.4165169E+02
    -0.7141318E+02     0.4164479E+02
    -0.7140957E+02     0.4163091E+02
    -0.7141070E+02     0.4162859E+02
    -0.7141928E+02     0.4162932E+02
    -0.7142343E+02     0.4162625E+02
    -0.7142269E+02     0.4162306E+02
    -0.7141330E+02     0.4162487E+02
    -0.7141041E+02     0.4162127E+02
    -0.7142061E+02     0.4160914E+02
    -0.7141747E+02     0.4160692E+02
    -0.7141167E+02     0.4160682E+02
    -0.7141178E+02     0.4159446E+02
    -0.7141987E+02     0.4159061E+02
    -0.7143968E+02     0.4158509E+02
    -0.7144311E+02     0.4158413E+02
    -0.7144991E+02     0.4158650E+02
    -0.7145284E+02     0.4158323E+02
    -0.7145692E+02     0.4159389E+02
    -0.7146002E+02     0.4158741E+02
    -0.7146516E+02     0.4158638E+02
    -0.7145605E+02     0.4157995E+02
    -0.7145496E+02     0.4157539E+02
    -0.7144944E+02     0.4157483E+02
    -0.7144856E+02     0.4156821E+02
    -0.7143674E+02     0.4156230E+02
    -0.7143683E+02     0.4155703E+02
    -0.7144128E+02     0.4155396E+02
    -0.7143932E+02     0.4155056E+02
    -0.7143262E+02     0.4155095E+02
    -0.7142974E+02     0.4154758E+02
    -0.7142452E+02     0.4154678E+02
    -0.7142229E+02     0.4154431E+02
    -0.7142607E+02     0.4153209E+02
    -0.7142312E+02     0.4151911E+02
    -0.7142341E+02     0.4151836E+02
    -0.7142920E+02     0.4150363E+02
    -0.7142287E+02     0.4147470E+02
    -0.7142428E+02     0.4147192E+02
    -0.7143472E+02     0.4147397E+02
    -0.7143578E+02     0.4147006E+02
    -0.7143040E+02     0.4145759E+02
    -0.7144381E+02     0.4144263E+02
    -0.7145786E+02     0.4145124E+02
    -0.7145910E+02     0.4145922E+02
    -0.7145647E+02     0.4147232E+02
    -0.7145555E+02     0.4147693E+02
    -0.7145631E+02     0.4148837E+02
    -0.7145791E+02     0.4149016E+02
    -0.7146583E+02     0.4145243E+02
    -0.7147083E+02     0.4144820E+02
    -0.7148009E+02     0.4144577E+02
    -0.7148137E+02     0.4144543E+02
    -0.7148006E+02     0.4144295E+02
    -0.7147668E+02     0.4144234E+02
    -0.7146408E+02     0.4144698E+02
    -0.7145793E+02     0.4144551E+02
    -0.7145219E+02     0.4143901E+02
    -0.7146564E+02     0.4143275E+02
    -0.7146929E+02     0.4142534E+02
    -0.7146668E+02     0.4142105E+02
    -0.7146169E+02     0.4141796E+02
    -0.7145862E+02     0.4140979E+02
    -0.7146357E+02     0.4140441E+02
    -0.7146693E+02     0.4139724E+02
    -0.7147832E+02     0.4139285E+02
    -0.7148843E+02     0.4137224E+02
    -0.7148842E+02     0.4136469E+02
    -0.7149234E+02     0.4136391E+02
    -0.7149495E+02     0.4136459E+02
    -0.7149879E+02     0.4136559E+02
    -0.7150483E+02     0.4137186E+02
    -0.7151505E+02     0.4137620E+02
    -0.7150936E+02     0.4139328E+02
    -0.7150700E+02     0.4139493E+02
    -0.7150237E+02     0.4139344E+02
    -0.7150726E+02     0.4138668E+02
    -0.7150591E+02     0.4138328E+02
    -0.7150051E+02     0.4138524E+02
    -0.7149683E+02     0.4139174E+02
    -0.7149924E+02     0.4139855E+02
    -0.7149721E+02     0.4140844E+02
    -0.7149881E+02     0.4141046E+02
    -0.7150584E+02     0.4141121E+02
    -0.7150304E+02     0.4141700E+02
    -0.7149796E+02     0.4141941E+02
    -0.7149732E+02     0.4142606E+02
    -0.7149959E+02     0.4142944E+02
    -0.7150264E+02     0.4142960E+02
    -0.7150500E+02     0.4142772E+02
    -0.7150534E+02     0.4142130E+02
    -0.7150838E+02     0.4142182E+02
    -0.7151239E+02     0.4142251E+02
    -0.7151444E+02     0.4142063E+02
    -0.7151271E+02     0.4141540E+02
    -0.7151533E+02     0.4141259E+02
    -0.7151488E+02     0.4140894E+02
    -0.7152290E+02     0.4138975E+02
    -0.7152801E+02     0.4138803E+02
    -0.7153201E+02     0.4138931E+02
    -0.7153749E+02     0.4139674E+02
    -0.7154247E+02     0.4139936E+02
    -0.7154664E+02     0.4139721E+02
    -0.7154652E+02     0.4139423E+02
    -0.7153959E+02     0.4138867E+02
    -0.7154041E+02     0.4138659E+02
    -0.7154821E+02     0.4138389E+02
    -0.7154659E+02     0.4138164E+02
    -0.7154259E+02     0.4138036E+02
    -0.7152384E+02     0.4138309E+02
    -0.7152072E+02     0.4138110E+02
    -0.7152516E+02     0.4137825E+02
    -0.7154299E+02     0.4137554E+02
    -0.7154657E+02     0.4137588E+02
    -0.7155460E+02     0.4137664E+02
    -0.7157067E+02     0.4137557E+02
    -0.7157628E+02     0.4137864E+02
    -0.7158209E+02     0.4137232E+02
    -0.7162255E+02     0.4136562E+02
    -0.7164261E+02     0.4135826E+02
    -0.7164626E+02     0.4135840E+02
    -0.7164939E+02     0.4136038E+02
    -0.7164409E+02     0.4136440E+02
    -0.7162791E+02     0.4137007E+02
    -0.7161337E+02     0.4137134E+02
    -0.7162103E+02     0.4137962E+02
    -0.7162171E+02     0.4137926E+02
    -0.7163680E+02     0.4137145E+02
    -0.7164262E+02     0.4137268E+02
    -0.7165111E+02     0.4137201E+02
    -0.7165299E+02     0.4137334E+02
    -0.7165526E+02     0.4138336E+02
    -0.7165916E+02     0.4138212E+02
    -0.7165996E+02     0.4137271E+02
    -0.7166805E+02     0.4136290E+02
    -0.7167445E+02     0.4136342E+02
    -0.7168285E+02     0.4136069E+02
    -0.7169566E+02     0.4136175E+02
    -0.7170579E+02     0.4135005E+02
    -0.7170238E+02     0.4134853E+02
    -0.7169077E+02     0.4135409E+02
    -0.7167068E+02     0.4135939E+02
    -0.7166011E+02     0.4136218E+02
    -0.7165906E+02     0.4135900E+02
    -0.7166077E+02     0.4135644E+02
    -0.7168504E+02     0.4134828E+02
    -0.7169980E+02     0.4134516E+02
    -0.7172205E+02     0.4133292E+02
    -0.7172572E+02     0.4133329E+02
    -0.7173027E+02     0.4134004E+02
    -0.7172493E+02     0.4134293E+02
    -0.7172244E+02     0.4134848E+02
    -0.7172350E+02     0.4135166E+02
    -0.7173853E+02     0.4134785E+02
    -0.7174339E+02     0.4134188E+02
    -0.7175327E+02     0.4133872E+02
    -0.7175747E+02     0.4133946E+02
    -0.7176067E+02     0.4133603E+02
    -0.7175537E+02     0.4133553E+02
    -0.7173901E+02     0.4133845E+02
    -0.7173802E+02     0.4133664E+02
    -0.7175711E+02     0.4132860E+02
    -0.7176377E+02     0.4132797E+02
    -0.7176839E+02     0.4132945E+02
    -0.7177461E+02     0.4133913E+02
    -0.7177708E+02     0.4133999E+02
    -0.7178098E+02     0.4133874E+02
    -0.7178658E+02     0.4134157E+02
    -0.7179102E+02     0.4133894E+02
    -0.7179652E+02     0.4133971E+02
    -0.7179957E+02     0.4133576E+02
    -0.7180977E+02     0.4133363E+02
    -0.7181685E+02     0.4133012E+02
    -0.7181982E+02     0.4132795E+02
    -0.7181779E+02     0.4132591E+02
    -0.7180616E+02     0.4133122E+02
    -0.7179507E+02     0.4133471E+02
    -0.7178510E+02     0.4133589E+02
    -0.7178021E+02     0.4133533E+02
    -0.7177764E+02     0.4133219E+02
    -0.7178145E+02     0.4132911E+02
    -0.7179506E+02     0.4132762E+02
    -0.7180159E+02     0.4132424E+02
    -0.7182124E+02     0.4132212E+02
    -0.7183597E+02     0.4131853E+02
    -0.7185858E+02     0.4130832E+02
    -0.7187481E+02     0.4131086E+02
    -0.7189324E+02     0.4130877E+02
    -0.7189512E+02     0.4130986E+02
    -0.7189179E+02     0.4131659E+02
    -0.7187462E+02     0.4131339E+02
    -0.7186829E+02     0.4131447E+02
    -0.7186043E+02     0.4132178E+02
    -0.7185211E+02     0.4132589E+02
    -0.7185448E+02     0.4133109E+02
    -0.7184042E+02     0.4133582E+02
    -0.7183614E+02     0.4133524E+02
    -0.7183450E+02     0.4133941E+02
    -0.7183672E+02     0.4134782E+02
    -0.7183571E+02     0.4135220E+02
    -0.7183734E+02     0.4135467E+02
    -0.7184325E+02     0.4135749E+02
    -0.7184570E+02     0.4136430E+02
    -0.7184570E+02     0.4136430E+02
    -0.7184636E+02     0.4136542E+02
    -0.7183910E+02     0.4137271E+02
    -0.7183760E+02     0.4137985E+02
    -0.7183969E+02     0.4138552E+02
    -0.7184805E+02     0.4140819E+02
    -0.7184583E+02     0.4141260E+02
    -0.7183414E+02     0.4141680E+02
    -0.7182858E+02     0.4142153E+02
    -0.7182409E+02     0.4142302E+02
    -0.7181295E+02     0.4141919E+02
    -0.7180808E+02     0.4141909E+02
    -0.7180575E+02     0.4142144E+02
    -0.7180550E+02     0.4142881E+02
END
2
    -0.7128101E+02     0.4171283E+02
    -0.7128715E+02     0.4176423E+02
    -0.7128260E+02     0.4176184E+02
    -0.7126614E+02     0.4175531E+02
    -0.7125734E+02     0.4174909E+02
    -0.7125734E+02     0.4174909E+02
    -0.7125027E+02     0.4173985E+02
    -0.7123983E+02     0.4172120E+02
    -0.7123685E+02     0.4171586E+02
    -0.7123438E+02     0.4171261E+02
    -0.7123438E+02     0.4171261E+02
    -0.7124490E+02     0.4170269E+02
    -0.7124892E+02     0.4170375E+02
    -0.7124801E+02     0.4171224E+02
    -0.7125131E+02     0.4171881E+02
    -0.7126574E+02     0.4172858E+02
    -0.7126933E+02     0.4173469E+02
    -0.7126513E+02     0.4174485E+02
    -0.7126765E+02     0.4174686E+02
    -0.7127063E+02     0.4174474E+02
    -0.7127144E+02     0.4174157E+02
    -0.7127356E+02     0.4173323E+02
    -0.7127176E+02     0.4172594E+02
    -0.7126459E+02     0.4171419E+02
    -0.7125631E+02     0.4170543E+02
    -0.7125030E+02     0.4169159E+02
    -0.7124358E+02     0.4168349E+02
    -0.7124560E+02     0.4167200E+02
    -0.7125591E+02     0.4166995E+02
    -0.7126399E+02     0.4165742E+02
    -0.7126574E+02     0.4164708E+02
    -0.7127605E+02     0.4165327E+02
    -0.7127817E+02     0.4166147E+02
    -0.7127963E+02     0.4166716E+02
    -0.7128813E+02     0.4167385E+02
    -0.7129128E+02     0.4168431E+02
    -0.7129459E+02     0.4168310E+02
    -0.7130505E+02     0.4166067E+02
    -0.7130405E+02     0.4165840E+02
    -0.7130674E+02     0.4165697E+02
    -0.7130955E+02     0.4165851E+02
    -0.7131340E+02     0.4167926E+02
    -0.7131140E+02     0.4168297E+02
    -0.7130686E+02     0.4168421E+02
    -0.7130280E+02     0.4168178E+02
    -0.7130187E+02     0.4170561E+02
    -0.7129729E+02     0.4171476E+02
    -0.7129363E+02     0.4172204E+02
    -0.7129245E+02     0.4173123E+02
    -0.7129467E+02     0.4174148E+02
    -0.7128692E+02     0.4173867E+02
    -0.7128584E+02     0.4174236E+02
    -0.7128886E+02     0.4174962E+02
    -0.7128955E+02     0.4175968E+02
    -0.7128715E+02     0.4176423E+02
END
3
    -0.7129049E+02     0.4164680E+02
    -0.7129115E+02     0.4164036E+02
    -0.7129414E+02     0.4164694E+02
    -0.7129280E+02     0.4165177E+02
    -0.7128940E+02     0.4165070E+02
    -0.7128518E+02     0.4164415E+02
    -0.7128568E+02     0.4164139E+02
    -0.7129115E+02     0.4164036E+02
END
4
    -0.7117264E+02     0.4158246E+02
    -0.7112547E+02     0.4154219E+02
    -0.7112079E+02     0.4149974E+02
    -0.7112079E+02     0.4149974E+02
    -0.7112971E+02     0.4149625E+02
    -0.7113110E+02     0.4150103E+02
    -0.7112849E+02     0.4150497E+02
    -0.7114125E+02     0.4152120E+02
    -0.7114259E+02     0.4151591E+02
    -0.7113970E+02     0.4150315E+02
    -0.7114116E+02     0.4150129E+02
    -0.7114458E+02     0.4150092E+02
    -0.7114632E+02     0.4150073E+02
    -0.7114307E+02     0.4149530E+02
    -0.7114687E+02     0.4149064E+02
    -0.7114702E+02     0.4148606E+02
    -0.7115528E+02     0.4147857E+02
    -0.7116499E+02     0.4147746E+02
    -0.7116998E+02     0.4147232E+02
    -0.7117538E+02     0.4147015E+02
    -0.7117719E+02     0.4146119E+02
    -0.7119032E+02     0.4146207E+02
    -0.7119510E+02     0.4145945E+02
    -0.7120211E+02     0.4145977E+02
    -0.7120432E+02     0.4146201E+02
    -0.7120443E+02     0.4146498E+02
    -0.7119743E+02     0.4147337E+02
    -0.7119628E+02     0.4148369E+02
    -0.7120198E+02     0.4148976E+02
    -0.7120408E+02     0.4149704E+02
    -0.7120971E+02     0.4150105E+02
    -0.7121071E+02     0.4150354E+02
    -0.7121033E+02     0.4150592E+02
    -0.7120822E+02     0.4151893E+02
    -0.7121362E+02     0.4153324E+02
    -0.7121172E+02     0.4153969E+02
    -0.7121282E+02     0.4154470E+02
    -0.7122179E+02     0.4154795E+02
    -0.7122311E+02     0.4155090E+02
    -0.7121474E+02     0.4158060E+02
    -0.7121584E+02     0.4158562E+02
    -0.7122085E+02     0.4158895E+02
    -0.7122157E+02     0.4159214E+02
    -0.7121423E+02     0.4159985E+02
    -0.7121903E+02     0.4160593E+02
    -0.7122121E+02     0.4161527E+02
    -0.7121923E+02     0.4161966E+02
    -0.7121761E+02     0.4161960E+02
    -0.7121526E+02     0.4161951E+02
    -0.7121001E+02     0.4160955E+02
    -0.7120633E+02     0.4160917E+02
    -0.7120555E+02     0.4161285E+02
    -0.7120885E+02     0.4161964E+02
    -0.7121675E+02     0.4162704E+02
    -0.7121926E+02     0.4163729E+02
    -0.7121571E+02     0.4165682E+02
    -0.7120962E+02     0.4167412E+02
    -0.7120734E+02     0.4167751E+02
    -0.7120734E+02     0.4167751E+02
    -0.7117839E+02     0.4166922E+02
    -0.7114201E+02     0.4166458E+02
    -0.7114269E+02     0.4163980E+02
    -0.7114269E+02     0.4163980E+02
    -0.7114242E+02     0.4162027E+02
    -0.7113939E+02     0.4160754E+02
    -0.7113226E+02     0.4159322E+02
    -0.7112965E+02     0.4158000E+02
    -0.7112655E+02     0.4155195E+02
    -0.7112655E+02     0.4155195E+02
    -0.7112924E+02     0.4155235E+02
    -0.7113244E+02     0.4154793E+02
    -0.7113050E+02     0.4154477E+02
    -0.7112547E+02     0.4154219E+02
END
5
    -0.7132406E+02     0.4160968E+02
    -0.7133081E+02     0.4158388E+02
    -0.7133762E+02     0.4158648E+02
    -0.7134068E+02     0.4159465E+02
    -0.7133963E+02     0.4160681E+02
    -0.7133128E+02     0.4162004E+02
    -0.7132998E+02     0.4162579E+02
    -0.7133471E+02     0.4162958E+02
    -0.7135265E+02     0.4163560E+02
    -0.7135530E+02     0.4164104E+02
    -0.7135477E+02     0.4165089E+02
    -0.7135269E+02     0.4165229E+02
    -0.7134703E+02     0.4165610E+02
    -0.7135427E+02     0.4166167E+02
    -0.7135291E+02     0.4166582E+02
    -0.7134924E+02     0.4166567E+02
    -0.7134357E+02     0.4166121E+02
    -0.7134026E+02     0.4165487E+02
    -0.7134512E+02     0.4164607E+02
    -0.7134219E+02     0.4164132E+02
    -0.7133440E+02     0.4163737E+02
    -0.7131618E+02     0.4163227E+02
    -0.7131297E+02     0.4162822E+02
    -0.7130919E+02     0.4161708E+02
    -0.7131084E+02     0.4160445E+02
    -0.7131856E+02     0.4159055E+02
    -0.7132504E+02     0.4158469E+02
    -0.7133081E+02     0.4158388E+02
END
6
    -0.7138689E+02     0.4152247E+02
    -0.7139830E+02     0.4145419E+02
    -0.7140440E+02     0.4145451E+02
    -0.7140577E+02     0.4145837E+02
    -0.7140231E+02     0.4147860E+02
    -0.7140321E+02     0.4148590E+02
    -0.7140791E+02     0.4149678E+02
    -0.7140147E+02     0.4149660E+02
    -0.7139448E+02     0.4149640E+02
    -0.7139011E+02     0.4150909E+02
    -0.7139403E+02     0.4151587E+02
    -0.7140126E+02     0.4152143E+02
    -0.7140231E+02     0.4152484E+02
    -0.7139480E+02     0.4155088E+02
    -0.7138675E+02     0.4156319E+02
    -0.7138285E+02     0.4157266E+02
    -0.7137962E+02     0.4157571E+02
    -0.7137043E+02     0.4157500E+02
    -0.7136799E+02     0.4155925E+02
    -0.7137106E+02     0.4154763E+02
    -0.7137224E+02     0.4154314E+02
    -0.7136930E+02     0.4153038E+02
    -0.7137318E+02     0.4152045E+02
    -0.7137198E+02     0.4151315E+02
    -0.7137697E+02     0.4150045E+02
    -0.7137459E+02     0.4149409E+02
    -0.7136665E+02     0.4148603E+02
    -0.7136655E+02     0.4148351E+02
    -0.7137315E+02     0.4148085E+02
    -0.7137952E+02     0.4148025E+02
    -0.7138525E+02     0.4148653E+02
    -0.7139049E+02     0.4148779E+02
    -0.7139162E+02     0.4148547E+02
    -0.7138947E+02     0.4146972E+02
    -0.7139482E+02     0.4146640E+02
    -0.7139830E+02     0.4145419E+02
END
7
    -0.7128542E+02     0.4151612E+02
    -0.7134768E+02     0.4145233E+02
    -0.7135297E+02     0.4145519E+02
    -0.7135909E+02     0.4145597E+02
    -0.7136655E+02     0.4145214E+02
    -0.7136816E+02     0.4145440E+02
    -0.7136749E+02     0.4146059E+02
    -0.7137037E+02     0.4146420E+02
    -0.7136896E+02     0.4146697E+02
    -0.7135610E+02     0.4147321E+02
    -0.7135085E+02     0.4147905E+02
    -0.7134695E+02     0.4148073E+02
    -0.7134493E+02     0.4147574E+02
    -0.7132608E+02     0.4148462E+02
    -0.7133372E+02     0.4149316E+02
    -0.7133017E+02     0.4151178E+02
    -0.7133276E+02     0.4152374E+02
    -0.7133314E+02     0.4152545E+02
    -0.7132636E+02     0.4152376E+02
    -0.7132153E+02     0.4152501E+02
    -0.7131834E+02     0.4152920E+02
    -0.7132180E+02     0.4153989E+02
    -0.7131811E+02     0.4154706E+02
    -0.7131898E+02     0.4155391E+02
    -0.7130659E+02     0.4157272E+02
    -0.7129884E+02     0.4157747E+02
    -0.7129636E+02     0.4158485E+02
    -0.7129738E+02     0.4159536E+02
    -0.7128350E+02     0.4160778E+02
    -0.7128024E+02     0.4162663E+02
    -0.7127766E+02     0.4162846E+02
    -0.7126091E+02     0.4164031E+02
    -0.7125748E+02     0.4163832E+02
    -0.7124953E+02     0.4163826E+02
    -0.7123363E+02     0.4165439E+02
    -0.7123062E+02     0.4165537E+02
    -0.7122705E+02     0.4164972E+02
    -0.7122783E+02     0.4163757E+02
    -0.7123768E+02     0.4163966E+02
    -0.7124176E+02     0.4163453E+02
    -0.7123611E+02     0.4163030E+02
    -0.7123694E+02     0.4162799E+02
    -0.7124828E+02     0.4162089E+02
    -0.7125200E+02     0.4159792E+02
    -0.7125212E+02     0.4159573E+02
    -0.7125237E+02     0.4159127E+02
    -0.7124340E+02     0.4157177E+02
    -0.7124297E+02     0.4156010E+02
    -0.7124099E+02     0.4155602E+02
    -0.7124225E+02     0.4154066E+02
    -0.7123709E+02     0.4152474E+02
    -0.7123810E+02     0.4151900E+02
    -0.7124395E+02     0.4151247E+02
    -0.7124551E+02     0.4150511E+02
    -0.7125092E+02     0.4149515E+02
    -0.7125079E+02     0.4149149E+02
    -0.7124115E+02     0.4148620E+02
    -0.7124702E+02     0.4147901E+02
    -0.7125047E+02     0.4147478E+02
    -0.7125444E+02     0.4147493E+02
    -0.7125475E+02     0.4148339E+02
    -0.7125950E+02     0.4148810E+02
    -0.7126630E+02     0.4149071E+02
    -0.7127450E+02     0.4149007E+02
    -0.7128070E+02     0.4148491E+02
    -0.7128493E+02     0.4148390E+02
    -0.7129190E+02     0.4149108E+02
    -0.7130186E+02     0.4148835E+02
    -0.7130551E+02     0.4147247E+02
    -0.7131236E+02     0.4146820E+02
    -0.7131532E+02     0.4145784E+02
    -0.7131827E+02     0.4145549E+02
    -0.7132113E+02     0.4145863E+02
    -0.7132597E+02     0.4145784E+02
    -0.7133553E+02     0.4146084E+02
    -0.7134768E+02     0.4145233E+02
END
8
    -0.7159110E+02     0.4117589E+02
    -0.7157330E+02     0.4115002E+02
    -0.7159031E+02     0.4115076E+02
    -0.7160366E+02     0.4114992E+02
    -0.7160814E+02     0.4114964E+02
    -0.7161874E+02     0.4115671E+02
    -0.7162452E+02     0.4116412E+02
    -0.7161300E+02     0.4118546E+02
    -0.7160555E+02     0.4118839E+02
    -0.7160439E+02     0.4119666E+02
    -0.7160134E+02     0.4119650E+02
    -0.7159423E+02     0.4118615E+02
    -0.7158715E+02     0.4118357E+02
    -0.7158020E+02     0.4118420E+02
    -0.7157796E+02     0.4118837E+02
    -0.7158177E+02     0.4119972E+02
    -0.7158495E+02     0.4120308E+02
    -0.7159225E+02     0.4120382E+02
    -0.7158958E+02     0.4121799E+02
    -0.7158656E+02     0.4123394E+02
    -0.7158138E+02     0.4123338E+02
    -0.7157662E+02     0.4122869E+02
    -0.7157078E+02     0.4122677E+02
    -0.7156668E+02     0.4122321E+02
    -0.7156580E+02     0.4121659E+02
    -0.7157434E+02     0.4118892E+02
    -0.7157412E+02     0.4118365E+02
    -0.7156225E+02     0.4117547E+02
    -0.7155558E+02     0.4116808E+02
    -0.7155223E+02     0.4116060E+02
    -0.7155474E+02     0.4115528E+02
    -0.7156126E+02     0.4115169E+02
    -0.7157330E+02     0.4115002E+02
END
END
