south_carolina
1
    -0.8018710E+02     0.3255352E+02
    -0.8018243E+02     0.3254717E+02
    -0.8018487E+02     0.3254713E+02
    -0.8019093E+02     0.3255163E+02
    -0.8019215E+02     0.3255849E+02
    -0.8018835E+02     0.3255786E+02
    -0.8018311E+02     0.3255381E+02
    -0.8018060E+02     0.3254995E+02
    -0.8018243E+02     0.3254717E+02
END
2
    -0.8039314E+02     0.3250697E+02
    -0.8041149E+02     0.3246931E+02
    -0.8041721E+02     0.3247036E+02
    -0.8042219E+02     0.3247510E+02
    -0.8042562E+02     0.3248306E+02
    -0.8042520E+02     0.3248812E+02
    -0.8042150E+02     0.3249208E+02
    -0.8041324E+02     0.3250941E+02
    -0.8041183E+02     0.3251860E+02
    -0.8041336E+02     0.3252287E+02
    -0.8041618E+02     0.3253069E+02
    -0.8041573E+02     0.3253482E+02
    -0.8041332E+02     0.3253624E+02
    -0.8040601E+02     0.3253636E+02
    -0.8038295E+02     0.3252321E+02
    -0.8036781E+02     0.3250098E+02
    -0.8036828E+02     0.3249754E+02
    -0.8038084E+02     0.3249022E+02
    -0.8039327E+02     0.3248910E+02
    -0.8039565E+02     0.3248631E+02
    -0.8039472E+02     0.3248174E+02
    -0.8039595E+02     0.3247622E+02
    -0.8040154E+02     0.3247200E+02
    -0.8041149E+02     0.3246931E+02
END
3
    -0.8049198E+02     0.3235005E+02
    -0.8057939E+02     0.3226785E+02
    -0.8058489E+02     0.3226957E+02
    -0.8058701E+02     0.3227023E+02
    -0.8058235E+02     0.3228889E+02
    -0.8057570E+02     0.3229291E+02
    -0.8056595E+02     0.3230271E+02
    -0.8056129E+02     0.3231059E+02
    -0.8056184E+02     0.3232182E+02
    -0.8055107E+02     0.3232361E+02
    -0.8054816E+02     0.3232619E+02
    -0.8054562E+02     0.3233265E+02
    -0.8054602E+02     0.3233769E+02
    -0.8055000E+02     0.3234587E+02
    -0.8053415E+02     0.3234959E+02
    -0.8052183E+02     0.3235416E+02
    -0.8051787E+02     0.3235836E+02
    -0.8051772E+02     0.3235926E+02
    -0.8051598E+02     0.3236940E+02
    -0.8050447E+02     0.3237441E+02
    -0.8049775E+02     0.3237591E+02
    -0.8049522E+02     0.3237205E+02
    -0.8048621E+02     0.3236831E+02
    -0.8048307E+02     0.3237272E+02
    -0.8048622E+02     0.3238000E+02
    -0.8048173E+02     0.3238421E+02
    -0.8047393E+02     0.3238618E+02
    -0.8046979E+02     0.3239381E+02
    -0.8045676E+02     0.3240366E+02
    -0.8044885E+02     0.3241228E+02
    -0.8044457E+02     0.3241419E+02
    -0.8043934E+02     0.3241038E+02
    -0.8043233E+02     0.3239972E+02
    -0.8043189E+02     0.3239547E+02
    -0.8043163E+02     0.3239285E+02
    -0.8043284E+02     0.3238710E+02
    -0.8045399E+02     0.3234410E+02
    -0.8045795E+02     0.3233968E+02
    -0.8046066E+02     0.3233986E+02
    -0.8047845E+02     0.3234964E+02
    -0.8048495E+02     0.3234999E+02
    -0.8048654E+02     0.3234859E+02
    -0.8048594E+02     0.3234608E+02
    -0.8046537E+02     0.3233382E+02
    -0.8046175E+02     0.3232952E+02
    -0.8046358E+02     0.3232697E+02
    -0.8046889E+02     0.3232382E+02
    -0.8048232E+02     0.3231931E+02
    -0.8049536E+02     0.3231107E+02
    -0.8050321E+02     0.3231161E+02
    -0.8050763E+02     0.3231544E+02
    -0.8051251E+02     0.3231627E+02
    -0.8051434E+02     0.3231348E+02
    -0.8051036E+02     0.3230553E+02
    -0.8051189E+02     0.3230161E+02
    -0.8051507E+02     0.3229926E+02
    -0.8052660E+02     0.3229562E+02
    -0.8054420E+02     0.3228637E+02
    -0.8055823E+02     0.3227488E+02
    -0.8057050E+02     0.3226893E+02
    -0.8057939E+02     0.3226785E+02
END
4
    -0.8051820E+02     0.3238227E+02
    -0.8052505E+02     0.3237543E+02
    -0.8052753E+02     0.3237722E+02
    -0.8052385E+02     0.3238141E+02
    -0.8051048E+02     0.3238761E+02
    -0.8050990E+02     0.3238624E+02
    -0.8051626E+02     0.3238063E+02
    -0.8052505E+02     0.3237543E+02
END
5
    -0.8054481E+02     0.3235861E+02
    -0.8053942E+02     0.3235523E+02
    -0.8054781E+02     0.3235531E+02
    -0.8055300E+02     0.3235751E+02
    -0.8055278E+02     0.3235958E+02
    -0.8054229E+02     0.3236183E+02
    -0.8053591E+02     0.3236607E+02
    -0.8053497E+02     0.3236081E+02
    -0.8053942E+02     0.3235523E+02
END
6
    -0.8076411E+02     0.3232685E+02
    -0.8074403E+02     0.3230350E+02
    -0.8074773E+02     0.3230583E+02
    -0.8074899E+02     0.3230662E+02
    -0.8075680E+02     0.3230577E+02
    -0.8076147E+02     0.3230844E+02
    -0.8076963E+02     0.3232043E+02
    -0.8077850E+02     0.3232851E+02
    -0.8078696E+02     0.3234072E+02
    -0.8078735E+02     0.3234507E+02
    -0.8077462E+02     0.3234440E+02
    -0.8074287E+02     0.3232026E+02
    -0.8073553E+02     0.3230871E+02
    -0.8073680E+02     0.3230571E+02
    -0.8074403E+02     0.3230350E+02
END
7
    -0.7917287E+02     0.3334693E+02
    -0.7917376E+02     0.3333996E+02
    -0.7917653E+02     0.3334430E+02
    -0.7917439E+02     0.3335005E+02
    -0.7917058E+02     0.3335236E+02
    -0.7916918E+02     0.3334893E+02
    -0.7917376E+02     0.3333996E+02
END
8
    -0.7923362E+02     0.3328382E+02
    -0.7924019E+02     0.3327601E+02
    -0.7925422E+02     0.3328533E+02
    -0.7925315E+02     0.3328763E+02
    -0.7924355E+02     0.3328379E+02
    -0.7924110E+02     0.3328518E+02
    -0.7923603E+02     0.3329898E+02
    -0.7923331E+02     0.3330106E+02
    -0.7922920E+02     0.3330017E+02
    -0.7922359E+02     0.3328460E+02
    -0.7922411E+02     0.3328185E+02
    -0.7923391E+02     0.3327674E+02
    -0.7924019E+02     0.3327601E+02
END
9
    -0.7921343E+02     0.3328703E+02
    -0.7921560E+02     0.3328801E+02
    -0.7921383E+02     0.3328965E+02
    -0.7921140E+02     0.3328871E+02
    -0.7921139E+02     0.3328627E+02
    -0.7921348E+02     0.3328368E+02
    -0.7921510E+02     0.3328435E+02
    -0.7921560E+02     0.3328801E+02
END
10
    -0.7926432E+02     0.3326969E+02
    -0.7928141E+02     0.3328405E+02
    -0.7927082E+02     0.3327510E+02
    -0.7925667E+02     0.3326835E+02
    -0.7925357E+02     0.3326536E+02
    -0.7925372E+02     0.3326318E+02
    -0.7927551E+02     0.3327236E+02
    -0.7928188E+02     0.3327887E+02
    -0.7928304E+02     0.3328336E+02
    -0.7928141E+02     0.3328405E+02
END
11
    -0.7940334E+02     0.3307608E+02
    -0.7939804E+02     0.3306594E+02
    -0.7940431E+02     0.3306612E+02
    -0.7940495E+02     0.3307414E+02
    -0.7940775E+02     0.3308008E+02
    -0.7940506E+02     0.3308400E+02
    -0.7940231E+02     0.3308150E+02
    -0.7939804E+02     0.3306594E+02
END
12
    -0.7941633E+02     0.3306910E+02
    -0.7941855E+02     0.3306511E+02
    -0.7942084E+02     0.3306917E+02
    -0.7941924E+02     0.3307054E+02
    -0.7941183E+02     0.3307220E+02
    -0.7941117E+02     0.3307058E+02
    -0.7941308E+02     0.3306650E+02
    -0.7941855E+02     0.3306511E+02
END
13
    -0.7935343E+02     0.3304006E+02
    -0.7937091E+02     0.3300284E+02
    -0.7937311E+02     0.3300443E+02
    -0.7936584E+02     0.3301205E+02
    -0.7936863E+02     0.3301845E+02
    -0.7936786E+02     0.3302304E+02
    -0.7936078E+02     0.3302333E+02
    -0.7935889E+02     0.3302494E+02
    -0.7935785E+02     0.3302977E+02
    -0.7935774E+02     0.3303441E+02
    -0.7935767E+02     0.3303803E+02
    -0.7936679E+02     0.3305012E+02
    -0.7936436E+02     0.3305312E+02
    -0.7935916E+02     0.3305063E+02
    -0.7935452E+02     0.3305044E+02
    -0.7934623E+02     0.3306518E+02
    -0.7934245E+02     0.3306910E+02
    -0.7934103E+02     0.3306430E+02
    -0.7934335E+02     0.3305075E+02
    -0.7935663E+02     0.3301785E+02
    -0.7936520E+02     0.3300357E+02
    -0.7937091E+02     0.3300284E+02
END
14
    -0.7938938E+02     0.3305612E+02
    -0.7938366E+02     0.3304724E+02
    -0.7939297E+02     0.3305084E+02
    -0.7940288E+02     0.3305925E+02
    -0.7940181E+02     0.3306132E+02
    -0.7939389E+02     0.3306023E+02
    -0.7938547E+02     0.3306305E+02
    -0.7938190E+02     0.3306078E+02
    -0.7937688E+02     0.3305073E+02
    -0.7937876E+02     0.3304796E+02
    -0.7938366E+02     0.3304724E+02
END
15
    -0.7940772E+02     0.3305368E+02
    -0.7941266E+02     0.3305266E+02
    -0.7941139E+02     0.3305538E+02
    -0.7940752E+02     0.3305594E+02
    -0.7940332E+02     0.3305407E+02
    -0.7940298E+02     0.3305162E+02
    -0.7940395E+02     0.3305108E+02
    -0.7940845E+02     0.3305078E+02
    -0.7941266E+02     0.3305266E+02
END
16
    -0.7939449E+02     0.3303768E+02
    -0.7939760E+02     0.3302626E+02
    -0.7940116E+02     0.3302761E+02
    -0.7941309E+02     0.3304632E+02
    -0.7940819E+02     0.3304659E+02
    -0.7940217E+02     0.3304480E+02
    -0.7939127E+02     0.3304557E+02
    -0.7938224E+02     0.3304220E+02
    -0.7938084E+02     0.3303946E+02
    -0.7938190E+02     0.3303601E+02
    -0.7938620E+02     0.3303048E+02
    -0.7939161E+02     0.3302699E+02
    -0.7939760E+02     0.3302626E+02
END
17
    -0.7937529E+02     0.3302863E+02
    -0.7937877E+02     0.3302411E+02
    -0.7938152E+02     0.3302615E+02
    -0.7937511E+02     0.3303836E+02
    -0.7937266E+02     0.3303860E+02
    -0.7937014E+02     0.3303243E+02
    -0.7937037E+02     0.3302853E+02
    -0.7937415E+02     0.3302506E+02
    -0.7937877E+02     0.3302411E+02
END
18
    -0.7939086E+02     0.3301685E+02
    -0.7937643E+02     0.3300899E+02
    -0.7939417E+02     0.3301138E+02
    -0.7940373E+02     0.3301429E+02
    -0.7940624E+02     0.3301908E+02
    -0.7940574E+02     0.3302299E+02
    -0.7939780E+02     0.3302029E+02
    -0.7938255E+02     0.3302064E+02
    -0.7937679E+02     0.3301724E+02
    -0.7937482E+02     0.3301175E+02
    -0.7937643E+02     0.3300899E+02
END
19
    -0.7962331E+02     0.3292572E+02
    -0.7963420E+02     0.3291227E+02
    -0.7963774E+02     0.3291246E+02
    -0.7964112E+02     0.3292069E+02
    -0.7963654E+02     0.3292394E+02
    -0.7962825E+02     0.3293480E+02
    -0.7962446E+02     0.3293622E+02
    -0.7961214E+02     0.3293083E+02
    -0.7961073E+02     0.3292694E+02
    -0.7961259E+02     0.3292372E+02
    -0.7962639E+02     0.3291808E+02
    -0.7963420E+02     0.3291227E+02
END
20
    -0.7964146E+02     0.3293166E+02
    -0.7964457E+02     0.3293056E+02
    -0.7964433E+02     0.3293423E+02
    -0.7964270E+02     0.3293448E+02
    -0.7963860E+02     0.3293244E+02
    -0.7963802E+02     0.3292969E+02
    -0.7964182E+02     0.3292805E+02
    -0.7964265E+02     0.3292874E+02
    -0.7964457E+02     0.3293056E+02
END
21
    -0.7961661E+02     0.3290442E+02
    -0.7964698E+02     0.3287315E+02
    -0.7965053E+02     0.3287381E+02
    -0.7965718E+02     0.3288269E+02
    -0.7965435E+02     0.3289395E+02
    -0.7965529E+02     0.3290266E+02
    -0.7965208E+02     0.3290636E+02
    -0.7964803E+02     0.3290823E+02
    -0.7963167E+02     0.3290656E+02
    -0.7962469E+02     0.3291305E+02
    -0.7961356E+02     0.3291545E+02
    -0.7960465E+02     0.3292334E+02
    -0.7960387E+02     0.3292403E+02
    -0.7959409E+02     0.3292481E+02
    -0.7958325E+02     0.3292881E+02
    -0.7956664E+02     0.3292850E+02
    -0.7956553E+02     0.3292645E+02
    -0.7957912E+02     0.3290454E+02
    -0.7962218E+02     0.3288922E+02
    -0.7963568E+02     0.3288221E+02
    -0.7964698E+02     0.3287315E+02
END
22
    -0.7975719E+02     0.3284541E+02
    -0.7976157E+02     0.3284585E+02
    -0.7975535E+02     0.3284865E+02
    -0.7975400E+02     0.3284935E+02
    -0.7975317E+02     0.3284775E+02
    -0.7975233E+02     0.3284592E+02
    -0.7975555E+02     0.3284222E+02
    -0.7975825E+02     0.3284036E+02
    -0.7976181E+02     0.3284263E+02
    -0.7976157E+02     0.3284585E+02
END
23
    -0.7971770E+02     0.3283855E+02
    -0.7971944E+02     0.3282471E+02
    -0.7972406E+02     0.3282512E+02
    -0.7973075E+02     0.3283629E+02
    -0.7972839E+02     0.3284205E+02
    -0.7972301E+02     0.3284623E+02
    -0.7971028E+02     0.3284935E+02
    -0.7970591E+02     0.3284756E+02
    -0.7970422E+02     0.3284345E+02
    -0.7970628E+02     0.3283609E+02
    -0.7971944E+02     0.3282471E+02
END
24
    -0.7974633E+02     0.3284050E+02
    -0.7975002E+02     0.3283379E+02
    -0.7975114E+02     0.3283630E+02
    -0.7974911E+02     0.3284573E+02
    -0.7974694E+02     0.3284552E+02
    -0.7974223E+02     0.3284030E+02
    -0.7974677E+02     0.3283451E+02
    -0.7975002E+02     0.3283379E+02
END
25
    -0.7976484E+02     0.3283398E+02
    -0.7976903E+02     0.3283109E+02
    -0.7977096E+02     0.3283314E+02
    -0.7977016E+02     0.3283475E+02
    -0.7976174E+02     0.3283620E+02
    -0.7975848E+02     0.3283623E+02
    -0.7975900E+02     0.3283416E+02
    -0.7975954E+02     0.3283347E+02
    -0.7976332E+02     0.3283160E+02
    -0.7976903E+02     0.3283109E+02
END
26
    -0.7973844E+02     0.3283216E+02
    -0.7973990E+02     0.3282880E+02
    -0.7974262E+02     0.3282947E+02
    -0.7974264E+02     0.3283062E+02
    -0.7974348E+02     0.3283290E+02
    -0.7974242E+02     0.3283544E+02
    -0.7973833E+02     0.3283547E+02
    -0.7973696E+02     0.3283434E+02
    -0.7973368E+02     0.3283276E+02
    -0.7973365E+02     0.3282977E+02
    -0.7973363E+02     0.3282793E+02
    -0.7973553E+02     0.3282792E+02
    -0.7973990E+02     0.3282880E+02
END
27
    -0.7979101E+02     0.3281582E+02
    -0.7979166E+02     0.3281207E+02
    -0.7979357E+02     0.3281229E+02
    -0.7979440E+02     0.3281366E+02
    -0.7979308E+02     0.3281619E+02
    -0.7979066E+02     0.3281874E+02
    -0.7978956E+02     0.3281806E+02
    -0.7978872E+02     0.3281577E+02
    -0.7979166E+02     0.3281207E+02
END
28
    -0.7978250E+02     0.3280975E+02
    -0.7978431E+02     0.3281076E+02
    -0.7978159E+02     0.3281147E+02
    -0.7978022E+02     0.3281033E+02
    -0.7978075E+02     0.3280895E+02
    -0.7978373E+02     0.3280755E+02
    -0.7978483E+02     0.3280869E+02
    -0.7978431E+02     0.3281076E+02
END
29
    -0.7988842E+02     0.3277588E+02
    -0.7989322E+02     0.3277649E+02
    -0.7988726E+02     0.3277839E+02
    -0.7988370E+02     0.3277589E+02
    -0.7988340E+02     0.3277406E+02
    -0.7988502E+02     0.3277267E+02
    -0.7988828E+02     0.3277309E+02
    -0.7989291E+02     0.3277374E+02
    -0.7989322E+02     0.3277649E+02
END
30
    -0.8111359E+02     0.3369242E+02
    -0.8108233E+02     0.3514744E+02
    -0.8106109E+02     0.3514676E+02
    -0.8105971E+02     0.3514568E+02
    -0.8105605E+02     0.3514353E+02
    -0.8105505E+02     0.3513985E+02
    -0.8105586E+02     0.3513652E+02
    -0.8105357E+02     0.3513508E+02
    -0.8104664E+02     0.3512820E+02
    -0.8104478E+02     0.3512601E+02
    -0.8103915E+02     0.3511763E+02
    -0.8103590E+02     0.3511362E+02
    -0.8103533E+02     0.3510957E+02
    -0.8103793E+02     0.3510583E+02
    -0.8104057E+02     0.3510357E+02
    -0.8104680E+02     0.3510123E+02
    -0.8105294E+02     0.3509595E+02
    -0.8105642E+02     0.3509145E+02
    -0.8105894E+02     0.3508549E+02
    -0.8106234E+02     0.3507804E+02
    -0.8106307E+02     0.3507212E+02
    -0.8106199E+02     0.3506549E+02
    -0.8105963E+02     0.3506147E+02
    -0.8104793E+02     0.3504434E+02
    -0.8101404E+02     0.3506034E+02
    -0.8101404E+02     0.3506034E+02
    -0.8099140E+02     0.3507239E+02
    -0.8097955E+02     0.3507969E+02
    -0.8097317E+02     0.3508162E+02
    -0.8095165E+02     0.3509434E+02
    -0.8093781E+02     0.3510052E+02
    -0.8093227E+02     0.3510243E+02
    -0.8090745E+02     0.3507474E+02
    -0.8088759E+02     0.3505257E+02
    -0.8088297E+02     0.3504506E+02
    -0.8086613E+02     0.3502877E+02
    -0.8084698E+02     0.3500768E+02
    -0.8084024E+02     0.3500000E+02
    -0.8082468E+02     0.3498228E+02
    -0.8078471E+02     0.3493713E+02
    -0.8078651E+02     0.3492331E+02
    -0.8079002E+02     0.3489643E+02
    -0.8079111E+02     0.3488103E+02
    -0.8079631E+02     0.3484882E+02
    -0.8079863E+02     0.3482560E+02
    -0.8079776E+02     0.3482377E+02
    -0.8079272E+02     0.3482246E+02
    -0.8075426E+02     0.3482183E+02
    -0.8073697E+02     0.3482045E+02
    -0.8073031E+02     0.3482191E+02
    -0.8071693E+02     0.3482140E+02
    -0.8070596E+02     0.3482277E+02
    -0.8070054E+02     0.3482344E+02
    -0.8069547E+02     0.3482098E+02
    -0.8066788E+02     0.3482018E+02
    -0.8065426E+02     0.3482127E+02
    -0.8058181E+02     0.3481985E+02
    -0.8056317E+02     0.3482098E+02
    -0.8054031E+02     0.3481987E+02
    -0.8051244E+02     0.3481904E+02
    -0.8049156E+02     0.3481927E+02
    -0.8047678E+02     0.3481851E+02
    -0.8038431E+02     0.3481787E+02
    -0.8036594E+02     0.3481921E+02
    -0.8033250E+02     0.3481792E+02
    -0.8029993E+02     0.3481847E+02
    -0.8029433E+02     0.3481668E+02
    -0.8021466E+02     0.3481533E+02
    -0.8019572E+02     0.3481526E+02
    -0.8017371E+02     0.3481407E+02
    -0.8015561E+02     0.3481422E+02
    -0.8013789E+02     0.3481378E+02
    -0.8012079E+02     0.3481335E+02
    -0.8011604E+02     0.3481293E+02
    -0.8003722E+02     0.3481168E+02
    -0.8003302E+02     0.3480988E+02
    -0.8001717E+02     0.3481205E+02
    -0.8000000E+02     0.3481143E+02
    -0.7999572E+02     0.3481128E+02
    -0.7998595E+02     0.3480882E+02
    -0.7997924E+02     0.3480931E+02
    -0.7995840E+02     0.3481084E+02
    -0.7994948E+02     0.3480975E+02
    -0.7993111E+02     0.3481033E+02
    -0.7983585E+02     0.3480904E+02
    -0.7979882E+02     0.3480901E+02
    -0.7979157E+02     0.3480836E+02
    -0.7977143E+02     0.3480703E+02
    -0.7975925E+02     0.3480622E+02
    -0.7975510E+02     0.3480900E+02
    -0.7970356E+02     0.3480830E+02
    -0.7967684E+02     0.3480751E+02
    -0.7966228E+02     0.3479448E+02
    -0.7962116E+02     0.3475951E+02
    -0.7961784E+02     0.3475675E+02
    -0.7959992E+02     0.3474192E+02
    -0.7956081E+02     0.3470922E+02
    -0.7952482E+02     0.3468270E+02
    -0.7950555E+02     0.3466439E+02
    -0.7948241E+02     0.3464608E+02
    -0.7940915E+02     0.3458472E+02
    -0.7940276E+02     0.3458083E+02
    -0.7939829E+02     0.3457533E+02
    -0.7939719E+02     0.3457533E+02
    -0.7936769E+02     0.3455059E+02
    -0.7934879E+02     0.3453638E+02
    -0.7934518E+02     0.3453547E+02
    -0.7932433E+02     0.3451575E+02
    -0.7931796E+02     0.3451053E+02
    -0.7927489E+02     0.3447517E+02
    -0.7924020E+02     0.3444650E+02
    -0.7922578E+02     0.3443571E+02
    -0.7922356E+02     0.3443204E+02
    -0.7921275E+02     0.3442378E+02
    -0.7914654E+02     0.3436593E+02
    -0.7914377E+02     0.3436065E+02
    -0.7913131E+02     0.3435284E+02
    -0.7911415E+02     0.3433883E+02
    -0.7910973E+02     0.3433309E+02
    -0.7908733E+02     0.3431517E+02
    -0.7907406E+02     0.3430368E+02
    -0.7906343E+02     0.3429418E+02
    -0.7906300E+02     0.3429380E+02
    -0.7899397E+02     0.3423380E+02
    -0.7898956E+02     0.3422713E+02
    -0.7898072E+02     0.3422253E+02
    -0.7896500E+02     0.3420873E+02
    -0.7896004E+02     0.3420160E+02
    -0.7894984E+02     0.3419286E+02
    -0.7894321E+02     0.3418987E+02
    -0.7891869E+02     0.3416869E+02
    -0.7889756E+02     0.3414856E+02
    -0.7884873E+02     0.3410594E+02
    -0.7883611E+02     0.3409847E+02
    -0.7882594E+02     0.3408765E+02
    -0.7881879E+02     0.3408304E+02
    -0.7876987E+02     0.3404111E+02
    -0.7876604E+02     0.3403604E+02
    -0.7875147E+02     0.3402520E+02
    -0.7873434E+02     0.3401028E+02
    -0.7872183E+02     0.3399938E+02
    -0.7871003E+02     0.3399038E+02
    -0.7869606E+02     0.3397518E+02
    -0.7869331E+02     0.3397356E+02
    -0.7868809E+02     0.3397170E+02
    -0.7855695E+02     0.3385927E+02
    -0.7855695E+02     0.3385927E+02
    -0.7856172E+02     0.3385832E+02
    -0.7856310E+02     0.3385625E+02
    -0.7856310E+02     0.3385625E+02
    -0.7856337E+02     0.3385442E+02
    -0.7856337E+02     0.3385442E+02
    -0.7856392E+02     0.3385121E+02
    -0.7857245E+02     0.3385006E+02
    -0.7860355E+02     0.3384131E+02
    -0.7861647E+02     0.3383625E+02
    -0.7867423E+02     0.3381947E+02
    -0.7869815E+02     0.3381252E+02
    -0.7874265E+02     0.3378857E+02
    -0.7877863E+02     0.3377220E+02
    -0.7879619E+02     0.3376114E+02
    -0.7880291E+02     0.3375500E+02
    -0.7880852E+02     0.3374987E+02
    -0.7886906E+02     0.3370312E+02
    -0.7891117E+02     0.3366705E+02
    -0.7893251E+02     0.3364875E+02
    -0.7898000E+02     0.3360062E+02
    -0.7900578E+02     0.3356905E+02
    -0.7901703E+02     0.3355526E+02
    -0.7902923E+02     0.3353295E+02
    -0.7904393E+02     0.3351774E+02
    -0.7905429E+02     0.3350943E+02
    -0.7907612E+02     0.3349556E+02
    -0.7909843E+02     0.3347320E+02
    -0.7909912E+02     0.3347204E+02
    -0.7914764E+02     0.3339103E+02
    -0.7915298E+02     0.3337609E+02
    -0.7915446E+02     0.3335620E+02
    -0.7915471E+02     0.3335291E+02
    -0.7915769E+02     0.3334922E+02
    -0.7916070E+02     0.3334921E+02
    -0.7916317E+02     0.3334988E+02
    -0.7916732E+02     0.3335514E+02
    -0.7917088E+02     0.3335603E+02
    -0.7917850E+02     0.3335163E+02
    -0.7918171E+02     0.3334221E+02
    -0.7919016E+02     0.3333917E+02
    -0.7919638E+02     0.3333042E+02
    -0.7919445E+02     0.3332883E+02
    -0.7918522E+02     0.3333691E+02
    -0.7917839E+02     0.3333764E+02
    -0.7917481E+02     0.3333559E+02
    -0.7917368E+02     0.3333124E+02
    -0.7917554E+02     0.3332458E+02
    -0.7917389E+02     0.3332298E+02
    -0.7916869E+02     0.3332347E+02
    -0.7916784E+02     0.3331934E+02
    -0.7917440E+02     0.3329603E+02
    -0.7918032E+02     0.3327500E+02
    -0.7918291E+02     0.3325755E+02
    -0.7917815E+02     0.3321239E+02
    -0.7917946E+02     0.3320618E+02
    -0.7918304E+02     0.3320892E+02
    -0.7919422E+02     0.3323913E+02
    -0.7919976E+02     0.3324736E+02
    -0.7919821E+02     0.3325815E+02
    -0.7920382E+02     0.3327417E+02
    -0.7919713E+02     0.3329027E+02
    -0.7919689E+02     0.3329463E+02
    -0.7919884E+02     0.3329875E+02
    -0.7920324E+02     0.3330148E+02
    -0.7921776E+02     0.3330483E+02
    -0.7924482E+02     0.3330374E+02
    -0.7925436E+02     0.3330001E+02
    -0.7926093E+02     0.3330066E+02
    -0.7927026E+02     0.3330404E+02
    -0.7927026E+02     0.3330404E+02
    -0.7927378E+02     0.3330167E+02
    -0.7927378E+02     0.3330167E+02
    -0.7926720E+02     0.3329623E+02
    -0.7926717E+02     0.3329215E+02
    -0.7926995E+02     0.3329472E+02
    -0.7927695E+02     0.3329741E+02
    -0.7927695E+02     0.3329741E+02
    -0.7928810E+02     0.3328350E+02
    -0.7928810E+02     0.3328350E+02
    -0.7927785E+02     0.3326957E+02
    -0.7926765E+02     0.3326093E+02
    -0.7926409E+02     0.3325980E+02
    -0.7925095E+02     0.3325736E+02
    -0.7921503E+02     0.3324360E+02
    -0.7920923E+02     0.3323629E+02
    -0.7920362E+02     0.3322004E+02
    -0.7920729E+02     0.3320281E+02
    -0.7920532E+02     0.3319617E+02
    -0.7920010E+02     0.3319230E+02
    -0.7919843E+02     0.3318818E+02
    -0.7920459E+02     0.3317484E+02
    -0.7920131E+02     0.3317463E+02
    -0.7919736E+02     0.3317743E+02
    -0.7919317E+02     0.3318042E+02
    -0.7918915E+02     0.3318893E+02
    -0.7918946E+02     0.3319374E+02
    -0.7918755E+02     0.3319421E+02
    -0.7918507E+02     0.3319056E+02
    -0.7918420E+02     0.3318460E+02
    -0.7918793E+02     0.3317425E+02
    -0.7922507E+02     0.3314581E+02
    -0.7923724E+02     0.3313221E+02
    -0.7924104E+02     0.3313057E+02
    -0.7924104E+02     0.3313057E+02
    -0.7924566E+02     0.3312848E+02
    -0.7924812E+02     0.3312915E+02
    -0.7924812E+02     0.3312915E+02
    -0.7925211E+02     0.3311812E+02
    -0.7927910E+02     0.3311565E+02
    -0.7927910E+02     0.3311565E+02
    -0.7928619E+02     0.3311560E+02
    -0.7928619E+02     0.3311560E+02
    -0.7928946E+02     0.3311489E+02
    -0.7931083E+02     0.3309685E+02
    -0.7933281E+02     0.3308569E+02
    -0.7935102E+02     0.3308005E+02
    -0.7935860E+02     0.3307472E+02
    -0.7936758E+02     0.3307259E+02
    -0.7937678E+02     0.3306633E+02
    -0.7938962E+02     0.3306898E+02
    -0.7939456E+02     0.3307215E+02
    -0.7940018E+02     0.3308633E+02
    -0.7940044E+02     0.3308880E+02
    -0.7940079E+02     0.3309206E+02
    -0.7940513E+02     0.3309019E+02
    -0.7940995E+02     0.3308468E+02
    -0.7942184E+02     0.3307309E+02
    -0.7942221E+02     0.3308157E+02
    -0.7943356E+02     0.3307277E+02
    -0.7942805E+02     0.3306708E+02
    -0.7943019E+02     0.3306385E+02
    -0.7944324E+02     0.3306076E+02
    -0.7945001E+02     0.3305681E+02
    -0.7945270E+02     0.3305334E+02
    -0.7944968E+02     0.3305222E+02
    -0.7943829E+02     0.3305667E+02
    -0.7942985E+02     0.3305743E+02
    -0.7943116E+02     0.3305329E+02
    -0.7942649E+02     0.3305012E+02
    -0.7942368E+02     0.3304326E+02
    -0.7941432E+02     0.3303508E+02
    -0.7941594E+02     0.3303323E+02
    -0.7942545E+02     0.3303063E+02
    -0.7942678E+02     0.3302787E+02
    -0.7942484E+02     0.3302490E+02
    -0.7942085E+02     0.3302606E+02
    -0.7941343E+02     0.3302820E+02
    -0.7941177E+02     0.3302661E+02
    -0.7941283E+02     0.3302293E+02
    -0.7941054E+02     0.3301355E+02
    -0.7941294E+02     0.3300940E+02
    -0.7945347E+02     0.3300288E+02
    -0.7949145E+02     0.3298995E+02
    -0.7949988E+02     0.3298827E+02
    -0.7950236E+02     0.3299054E+02
    -0.7950156E+02     0.3299284E+02
    -0.7949485E+02     0.3300047E+02
    -0.7948589E+02     0.3300284E+02
    -0.7948589E+02     0.3300284E+02
    -0.7948948E+02     0.3300717E+02
    -0.7948948E+02     0.3300717E+02
    -0.7949559E+02     0.3301629E+02
    -0.7950825E+02     0.3302627E+02
    -0.7950910E+02     0.3302925E+02
    -0.7950910E+02     0.3302925E+02
    -0.7951378E+02     0.3303242E+02
    -0.7951378E+02     0.3303242E+02
    -0.7952383E+02     0.3303004E+02
    -0.7952383E+02     0.3303004E+02
    -0.7953389E+02     0.3302811E+02
    -0.7953389E+02     0.3302811E+02
    -0.7953767E+02     0.3302487E+02
    -0.7954906E+02     0.3302132E+02
    -0.7957016E+02     0.3300920E+02
    -0.7957941E+02     0.3300217E+02
    -0.7958176E+02     0.3300038E+02
    -0.7960136E+02     0.3297956E+02
    -0.7960641E+02     0.3297056E+02
    -0.7960953E+02     0.3295884E+02
    -0.7961410E+02     0.3295443E+02
    -0.7961935E+02     0.3294108E+02
    -0.7962888E+02     0.3294122E+02
    -0.7963454E+02     0.3293681E+02
    -0.7963918E+02     0.3293768E+02
    -0.7964086E+02     0.3294110E+02
    -0.7963850E+02     0.3294732E+02
    -0.7963125E+02     0.3295427E+02
    -0.7963291E+02     0.3295632E+02
    -0.7963862E+02     0.3295580E+02
    -0.7964863E+02     0.3295112E+02
    -0.7964886E+02     0.3294790E+02
    -0.7965339E+02     0.3294144E+02
    -0.7966228E+02     0.3293470E+02
    -0.7966541E+02     0.3292480E+02
    -0.7966290E+02     0.3292116E+02
    -0.7966074E+02     0.3290826E+02
    -0.7965963E+02     0.3290170E+02
    -0.7966081E+02     0.3288884E+02
    -0.7966270E+02     0.3288813E+02
    -0.7966804E+02     0.3289955E+02
    -0.7967381E+02     0.3290408E+02
    -0.7967622E+02     0.3290061E+02
    -0.7967040E+02     0.3289379E+02
    -0.7966782E+02     0.3288487E+02
    -0.7965902E+02     0.3287762E+02
    -0.7965650E+02     0.3287283E+02
    -0.7965807E+02     0.3286800E+02
    -0.7966504E+02     0.3286128E+02
    -0.7968236E+02     0.3285514E+02
    -0.7969285E+02     0.3284747E+02
    -0.7969719E+02     0.3284673E+02
    -0.7969932E+02     0.3284970E+02
    -0.7969997E+02     0.3285060E+02
    -0.7970792E+02     0.3285488E+02
    -0.7970771E+02     0.3285924E+02
    -0.7970371E+02     0.3286478E+02
    -0.7970116E+02     0.3287582E+02
    -0.7969413E+02     0.3287887E+02
    -0.7968405E+02     0.3287829E+02
    -0.7968165E+02     0.3288107E+02
    -0.7968196E+02     0.3288404E+02
    -0.7968768E+02     0.3288421E+02
    -0.7968771E+02     0.3288697E+02
    -0.7969020E+02     0.3288923E+02
    -0.7970634E+02     0.3287668E+02
    -0.7970753E+02     0.3286566E+02
    -0.7971714E+02     0.3285295E+02
    -0.7972640E+02     0.3285400E+02
    -0.7972948E+02     0.3286016E+02
    -0.7972736E+02     0.3286316E+02
    -0.7973287E+02     0.3286838E+02
    -0.7973779E+02     0.3286947E+02
    -0.7974130E+02     0.3286829E+02
    -0.7974907E+02     0.3286040E+02
    -0.7976041E+02     0.3285546E+02
    -0.7976357E+02     0.3284832E+02
    -0.7976819E+02     0.3284804E+02
    -0.7977303E+02     0.3284432E+02
    -0.7978048E+02     0.3283415E+02
    -0.7979471E+02     0.3282275E+02
    -0.7979708E+02     0.3281791E+02
    -0.7979590E+02     0.3281219E+02
    -0.7979476E+02     0.3280876E+02
    -0.7978761E+02     0.3280379E+02
    -0.7978024E+02     0.3280112E+02
    -0.7977242E+02     0.3280511E+02
    -0.7977464E+02     0.3280830E+02
    -0.7976958E+02     0.3281523E+02
    -0.7977638E+02     0.3281562E+02
    -0.7977726E+02     0.3281974E+02
    -0.7978188E+02     0.3281945E+02
    -0.7978490E+02     0.3282103E+02
    -0.7977654E+02     0.3282571E+02
    -0.7976674E+02     0.3282489E+02
    -0.7975703E+02     0.3283005E+02
    -0.7975294E+02     0.3282872E+02
    -0.7974252E+02     0.3282286E+02
    -0.7972179E+02     0.3281895E+02
    -0.7972095E+02     0.3281736E+02
    -0.7972493E+02     0.3281044E+02
    -0.7973244E+02     0.3280371E+02
    -0.7973864E+02     0.3280066E+02
    -0.7975629E+02     0.3279559E+02
    -0.7976353E+02     0.3279351E+02
    -0.7979881E+02     0.3277294E+02
    -0.7983069E+02     0.3276180E+02
    -0.7984496E+02     0.3275361E+02
    -0.7985312E+02     0.3275466E+02
    -0.7986685E+02     0.3276344E+02
    -0.7986715E+02     0.3276527E+02
    -0.7986446E+02     0.3276645E+02
    -0.7985381E+02     0.3276383E+02
    -0.7985088E+02     0.3276753E+02
    -0.7985638E+02     0.3277113E+02
    -0.7986567E+02     0.3277401E+02
    -0.7988105E+02     0.3278392E+02
    -0.7988679E+02     0.3278568E+02
    -0.7989873E+02     0.3278485E+02
    -0.7990520E+02     0.3278156E+02
    -0.7990520E+02     0.3278156E+02
    -0.7993098E+02     0.3276405E+02
    -0.7993734E+02     0.3275525E+02
    -0.7993734E+02     0.3275525E+02
    -0.7992804E+02     0.3275147E+02
    -0.7992507E+02     0.3275181E+02
    -0.7990092E+02     0.3275455E+02
    -0.7989442E+02     0.3273904E+02
    -0.7989533E+02     0.3272916E+02
    -0.7988528E+02     0.3272883E+02
    -0.7987671E+02     0.3273604E+02
    -0.7987399E+02     0.3273538E+02
    -0.7987485E+02     0.3272230E+02
    -0.7987904E+02     0.3271354E+02
    -0.7988487E+02     0.3270521E+02
    -0.7989745E+02     0.3269405E+02
    -0.7989079E+02     0.3268588E+02
    -0.7989111E+02     0.3268548E+02
    -0.7989664E+02     0.3267847E+02
    -0.7991086E+02     0.3266935E+02
    -0.7993725E+02     0.3265756E+02
    -0.7996896E+02     0.3264043E+02
    -0.7997572E+02     0.3263942E+02
    -0.7997981E+02     0.3264075E+02
    -0.7997717E+02     0.3264468E+02
    -0.7998984E+02     0.3263993E+02
    -0.8000000E+02     0.3263953E+02
    -0.8000745E+02     0.3263924E+02
    -0.8001291E+02     0.3264078E+02
    -0.8001291E+02     0.3264078E+02
    -0.8001717E+02     0.3263659E+02
    -0.8001717E+02     0.3263659E+02
    -0.8000679E+02     0.3263237E+02
    -0.8000074E+02     0.3262786E+02
    -0.8000000E+02     0.3262342E+02
    -0.8000000E+02     0.3262237E+02
    -0.8000299E+02     0.3261752E+02
    -0.8000917E+02     0.3261446E+02
    -0.8007703E+02     0.3260392E+02
    -0.8011375E+02     0.3259562E+02
    -0.8011577E+02     0.3259493E+02
    -0.8012991E+02     0.3259011E+02
    -0.8015379E+02     0.3257762E+02
    -0.8016578E+02     0.3256759E+02
    -0.8017222E+02     0.3256429E+02
    -0.8017953E+02     0.3256395E+02
    -0.8018661E+02     0.3256614E+02
    -0.8019800E+02     0.3257904E+02
    -0.8020488E+02     0.3258422E+02
    -0.8021686E+02     0.3258656E+02
    -0.8022263E+02     0.3259015E+02
    -0.8022263E+02     0.3259015E+02
    -0.8023125E+02     0.3258795E+02
    -0.8023125E+02     0.3258795E+02
    -0.8021770E+02     0.3257508E+02
    -0.8020760E+02     0.3257133E+02
    -0.8020044E+02     0.3256594E+02
    -0.8019954E+02     0.3256182E+02
    -0.8020081E+02     0.3255791E+02
    -0.8020507E+02     0.3255418E+02
    -0.8021478E+02     0.3255197E+02
    -0.8022061E+02     0.3254592E+02
    -0.8022650E+02     0.3254239E+02
    -0.8024130E+02     0.3253759E+02
    -0.8026730E+02     0.3252435E+02
    -0.8028284E+02     0.3251455E+02
    -0.8032394E+02     0.3248861E+02
    -0.8034081E+02     0.3248055E+02
    -0.8034681E+02     0.3248206E+02
    -0.8035023E+02     0.3248980E+02
    -0.8034992E+02     0.3250013E+02
    -0.8035638E+02     0.3251034E+02
    -0.8037012E+02     0.3251883E+02
    -0.8038233E+02     0.3253152E+02
    -0.8038816E+02     0.3253757E+02
    -0.8039528E+02     0.3254089E+02
    -0.8041648E+02     0.3254375E+02
    -0.8041648E+02     0.3254375E+02
    -0.8042352E+02     0.3254318E+02
    -0.8042403E+02     0.3254179E+02
    -0.8042403E+02     0.3254179E+02
    -0.8042583E+02     0.3253809E+02
    -0.8043422E+02     0.3253749E+02
    -0.8043422E+02     0.3253749E+02
    -0.8043383E+02     0.3253246E+02
    -0.8043383E+02     0.3253246E+02
    -0.8043058E+02     0.3253251E+02
    -0.8042538E+02     0.3253008E+02
    -0.8042149E+02     0.3252601E+02
    -0.8041862E+02     0.3251964E+02
    -0.8041875E+02     0.3251322E+02
    -0.8042255E+02     0.3250238E+02
    -0.8042520E+02     0.3249958E+02
    -0.8043033E+02     0.3249881E+02
    -0.8043797E+02     0.3250120E+02
    -0.8044379E+02     0.3250706E+02
    -0.8044652E+02     0.3250771E+02
    -0.8045757E+02     0.3250546E+02
    -0.8047362E+02     0.3251963E+02
    -0.8048048E+02     0.3252295E+02
    -0.8048795E+02     0.3252970E+02
    -0.8049139E+02     0.3253744E+02
    -0.8049328E+02     0.3253695E+02
    -0.8049365E+02     0.3253029E+02
    -0.8048858E+02     0.3252213E+02
    -0.8047407E+02     0.3251572E+02
    -0.8046544E+02     0.3250624E+02
    -0.8046398E+02     0.3250191E+02
    -0.8046633E+02     0.3249820E+02
    -0.8047037E+02     0.3249698E+02
    -0.8048990E+02     0.3249825E+02
    -0.8049644E+02     0.3249997E+02
    -0.8050305E+02     0.3250468E+02
    -0.8051256E+02     0.3251666E+02
    -0.8051256E+02     0.3251666E+02
    -0.8052578E+02     0.3251460E+02
    -0.8052578E+02     0.3251460E+02
    -0.8052816E+02     0.3251226E+02
    -0.8053848E+02     0.3251346E+02
    -0.8054631E+02     0.3251240E+02
    -0.8054631E+02     0.3251240E+02
    -0.8054446E+02     0.3250326E+02
    -0.8054446E+02     0.3250326E+02
    -0.8054306E+02     0.3250145E+02
    -0.8052890E+02     0.3249826E+02
    -0.8052066E+02     0.3249382E+02
    -0.8051095E+02     0.3248413E+02
    -0.8049492E+02     0.3248189E+02
    -0.8048230E+02     0.3247522E+02
    -0.8047977E+02     0.3247137E+02
    -0.8048343E+02     0.3246603E+02
    -0.8048690E+02     0.3246391E+02
    -0.8048690E+02     0.3246391E+02
    -0.8048354E+02     0.3245915E+02
    -0.8048140E+02     0.3244933E+02
    -0.8048205E+02     0.3244244E+02
    -0.8048205E+02     0.3244244E+02
    -0.8047622E+02     0.3243635E+02
    -0.8047050E+02     0.3242338E+02
    -0.8046887E+02     0.3241103E+02
    -0.8046818E+02     0.3240576E+02
    -0.8046963E+02     0.3239840E+02
    -0.8047437E+02     0.3239351E+02
    -0.8047927E+02     0.3239457E+02
    -0.8047972E+02     0.3240213E+02
    -0.8048222E+02     0.3240461E+02
    -0.8048491E+02     0.3240410E+02
    -0.8049252E+02     0.3239411E+02
    -0.8050956E+02     0.3239427E+02
    -0.8051655E+02     0.3239254E+02
    -0.8054166E+02     0.3236917E+02
    -0.8056757E+02     0.3235610E+02
    -0.8056180E+02     0.3235254E+02
    -0.8056141E+02     0.3234796E+02
    -0.8055346E+02     0.3234352E+02
    -0.8055089E+02     0.3233783E+02
    -0.8055242E+02     0.3233436E+02
    -0.8056862E+02     0.3232284E+02
    -0.8057214E+02     0.3231223E+02
    -0.8058944E+02     0.3229128E+02
    -0.8059457E+02     0.3228064E+02
    -0.8060526E+02     0.3227632E+02
    -0.8062200E+02     0.3226547E+02
    -0.8062548E+02     0.3226384E+02
    -0.8064041E+02     0.3225687E+02
    -0.8064664E+02     0.3225768E+02
    -0.8065106E+02     0.3226126E+02
    -0.8064935E+02     0.3226817E+02
    -0.8064514E+02     0.3227238E+02
    -0.8065063E+02     0.3227594E+02
    -0.8064720E+02     0.3227898E+02
    -0.8063779E+02     0.3228077E+02
    -0.8063922E+02     0.3228372E+02
    -0.8064758E+02     0.3228310E+02
    -0.8065117E+02     0.3228602E+02
    -0.8065226E+02     0.3229677E+02
    -0.8065102E+02     0.3231147E+02
    -0.8065451E+02     0.3234144E+02
    -0.8065451E+02     0.3234144E+02
    -0.8066726E+02     0.3234304E+02
    -0.8066726E+02     0.3234304E+02
    -0.8066741E+02     0.3234174E+02
    -0.8067124E+02     0.3230949E+02
    -0.8067504E+02     0.3230001E+02
    -0.8067847E+02     0.3229674E+02
    -0.8068608E+02     0.3229843E+02
    -0.8069567E+02     0.3230352E+02
    -0.8070148E+02     0.3230868E+02
    -0.8071887E+02     0.3233219E+02
    -0.8073734E+02     0.3234536E+02
    -0.8074195E+02     0.3235185E+02
    -0.8074296E+02     0.3235328E+02
    -0.8075610E+02     0.3235898E+02
    -0.8076441E+02     0.3236639E+02
    -0.8079173E+02     0.3241515E+02
    -0.8080459E+02     0.3245869E+02
    -0.8080681E+02     0.3246070E+02
    -0.8080681E+02     0.3246070E+02
    -0.8083049E+02     0.3246527E+02
    -0.8083049E+02     0.3246527E+02
    -0.8083347E+02     0.3246544E+02
    -0.8083452E+02     0.3247367E+02
    -0.8083809E+02     0.3247521E+02
    -0.8084019E+02     0.3247287E+02
    -0.8083733E+02     0.3246766E+02
    -0.8083852E+02     0.3246167E+02
    -0.8083648E+02     0.3245667E+02
    -0.8082942E+02     0.3245612E+02
    -0.8081949E+02     0.3243041E+02
    -0.8081753E+02     0.3241830E+02
    -0.8081816E+02     0.3241209E+02
    -0.8081999E+02     0.3240976E+02
    -0.8082648E+02     0.3241055E+02
    -0.8082648E+02     0.3241055E+02
    -0.8082595E+02     0.3240578E+02
    -0.8082595E+02     0.3240578E+02
    -0.8081644E+02     0.3239906E+02
    -0.8081248E+02     0.3239272E+02
    -0.8081115E+02     0.3238403E+02
    -0.8080582E+02     0.3238666E+02
    -0.8080085E+02     0.3238332E+02
    -0.8079522E+02     0.3237541E+02
    -0.8078923E+02     0.3235466E+02
    -0.8078882E+02     0.3234940E+02
    -0.8079303E+02     0.3234541E+02
    -0.8079871E+02     0.3234553E+02
    -0.8081429E+02     0.3236127E+02
    -0.8081870E+02     0.3236393E+02
    -0.8081870E+02     0.3236393E+02
    -0.8082315E+02     0.3235880E+02
    -0.8082315E+02     0.3235880E+02
    -0.8081551E+02     0.3234703E+02
    -0.8080636E+02     0.3233850E+02
    -0.8080294E+02     0.3233237E+02
    -0.8080278E+02     0.3232664E+02
    -0.8080503E+02     0.3232018E+02
    -0.8080503E+02     0.3232018E+02
    -0.8079890E+02     0.3231343E+02
    -0.8079890E+02     0.3231343E+02
    -0.8079817E+02     0.3231642E+02
    -0.8079523E+02     0.3231763E+02
    -0.8078792E+02     0.3231709E+02
    -0.8078098E+02     0.3231057E+02
    -0.8076311E+02     0.3227974E+02
    -0.8076277E+02     0.3227746E+02
    -0.8076752E+02     0.3227301E+02
    -0.8076752E+02     0.3227301E+02
    -0.8076448E+02     0.3227077E+02
    -0.8076448E+02     0.3227077E+02
    -0.8076127E+02     0.3227176E+02
    -0.8075584E+02     0.3227095E+02
    -0.8075304E+02     0.3226733E+02
    -0.8075293E+02     0.3226321E+02
    -0.8075293E+02     0.3226321E+02
    -0.8074825E+02     0.3225963E+02
    -0.8074825E+02     0.3225963E+02
    -0.8074011E+02     0.3226850E+02
    -0.8072688E+02     0.3226876E+02
    -0.8072250E+02     0.3226632E+02
    -0.8071333E+02     0.3225664E+02
    -0.8070570E+02     0.3225449E+02
    -0.8070156E+02     0.3225113E+02
    -0.8069787E+02     0.3224410E+02
    -0.8069048E+02     0.3224034E+02
    -0.8068384E+02     0.3223451E+02
    -0.8067883E+02     0.3222729E+02
    -0.8067598E+02     0.3222319E+02
    -0.8067422E+02     0.3221772E+02
    -0.8067628E+02     0.3221402E+02
    -0.8069156E+02     0.3219997E+02
    -0.8071745E+02     0.3216899E+02
    -0.8072925E+02     0.3215661E+02
    -0.8073876E+02     0.3214931E+02
    -0.8075498E+02     0.3214098E+02
    -0.8076767E+02     0.3213715E+02
    -0.8077451E+02     0.3213509E+02
    -0.8080203E+02     0.3211643E+02
    -0.8081877E+02     0.3210761E+02
    -0.8082468E+02     0.3210703E+02
    -0.8082824E+02     0.3210902E+02
    -0.8082918E+02     0.3211336E+02
    -0.8082664E+02     0.3211937E+02
    -0.8082351E+02     0.3212288E+02
    -0.8081843E+02     0.3213398E+02
    -0.8079655E+02     0.3215184E+02
    -0.8079118E+02     0.3216249E+02
    -0.8079118E+02     0.3216249E+02
    -0.8079292E+02     0.3216659E+02
    -0.8079292E+02     0.3216659E+02
    -0.8079959E+02     0.3215453E+02
    -0.8080432E+02     0.3215008E+02
    -0.8080917E+02     0.3214999E+02
    -0.8080925E+02     0.3215273E+02
    -0.8079781E+02     0.3216809E+02
    -0.8079781E+02     0.3216809E+02
    -0.8081094E+02     0.3217448E+02
    -0.8081094E+02     0.3217448E+02
    -0.8083302E+02     0.3215409E+02
    -0.8084048E+02     0.3215073E+02
    -0.8084858E+02     0.3214980E+02
    -0.8084858E+02     0.3214980E+02
    -0.8084870E+02     0.3214574E+02
    -0.8084870E+02     0.3214574E+02
    -0.8084106E+02     0.3214246E+02
    -0.8083851E+02     0.3213839E+02
    -0.8084505E+02     0.3212175E+02
    -0.8085614E+02     0.3210410E+02
    -0.8086681E+02     0.3209058E+02
    -0.8087782E+02     0.3208004E+02
    -0.8088050E+02     0.3207953E+02
    -0.8088492E+02     0.3208310E+02
    -0.8088705E+02     0.3208214E+02
    -0.8088990E+02     0.3207841E+02
    -0.8089076E+02     0.3207106E+02
    -0.8090560E+02     0.3205310E+02
    -0.8090560E+02     0.3205310E+02
    -0.8090096E+02     0.3204174E+02
    -0.8090096E+02     0.3204174E+02
    -0.8089978E+02     0.3203832E+02
    -0.8089978E+02     0.3203832E+02
    -0.8089599E+02     0.3203749E+02
    -0.8089391E+02     0.3203088E+02
    -0.8089391E+02     0.3203088E+02
    -0.8088898E+02     0.3202800E+02
    -0.8088781E+02     0.3202482E+02
    -0.8088983E+02     0.3202020E+02
    -0.8088983E+02     0.3202020E+02
    -0.8088839E+02     0.3201651E+02
    -0.8088839E+02     0.3201651E+02
    -0.8089643E+02     0.3201991E+02
    -0.8090141E+02     0.3202087E+02
    -0.8091599E+02     0.3202588E+02
    -0.8093310E+02     0.3203260E+02
    -0.8094189E+02     0.3203701E+02
    -0.8095112E+02     0.3204247E+02
    -0.8096004E+02     0.3205215E+02
    -0.8096386E+02     0.3205595E+02
    -0.8097269E+02     0.3206176E+02
    -0.8097898E+02     0.3206551E+02
    -0.8098360E+02     0.3206824E+02
    -0.8098904E+02     0.3207095E+02
    -0.8100072E+02     0.3207530E+02
    -0.8100744E+02     0.3207904E+02
    -0.8101331E+02     0.3208245E+02
    -0.8101958E+02     0.3208479E+02
    -0.8102664E+02     0.3208606E+02
    -0.8103239E+02     0.3208454E+02
    -0.8103893E+02     0.3208160E+02
    -0.8104634E+02     0.3208075E+02
    -0.8105135E+02     0.3208241E+02
    -0.8108476E+02     0.3209512E+02
    -0.8109731E+02     0.3210050E+02
    -0.8111023E+02     0.3210411E+02
    -0.8111701E+02     0.3210996E+02
    -0.8112048E+02     0.3211587E+02
    -0.8112230E+02     0.3212181E+02
    -0.8112408E+02     0.3212671E+02
    -0.8112674E+02     0.3213298E+02
    -0.8112891E+02     0.3213681E+02
    -0.8113231E+02     0.3213991E+02
    -0.8113943E+02     0.3214293E+02
    -0.8114069E+02     0.3214396E+02
    -0.8114433E+02     0.3215585E+02
    -0.8114575E+02     0.3216216E+02
    -0.8114836E+02     0.3216668E+02
    -0.8115255E+02     0.3216870E+02
    -0.8115652E+02     0.3216942E+02
    -0.8115652E+02     0.3216942E+02
    -0.8116063E+02     0.3217708E+02
    -0.8116085E+02     0.3218482E+02
    -0.8116225E+02     0.3218867E+02
    -0.8116234E+02     0.3219143E+02
    -0.8116120E+02     0.3219754E+02
    -0.8115875E+02     0.3220312E+02
    -0.8115694E+02     0.3220814E+02
    -0.8115707E+02     0.3221256E+02
    -0.8115591E+02     0.3221812E+02
    -0.8115358E+02     0.3222757E+02
    -0.8115768E+02     0.3223468E+02
    -0.8116109E+02     0.3224014E+02
    -0.8116059E+02     0.3224569E+02
    -0.8115867E+02     0.3224683E+02
    -0.8115363E+02     0.3225302E+02
    -0.8115117E+02     0.3225805E+02
    -0.8114743E+02     0.3226421E+02
    -0.8114629E+02     0.3227032E+02
    -0.8114509E+02     0.3227367E+02
    -0.8114248E+02     0.3227372E+02
    -0.8113923E+02     0.3227379E+02
    -0.8113731E+02     0.3227493E+02
    -0.8113277E+02     0.3227613E+02
    -0.8113087E+02     0.3227783E+02
    -0.8113031E+02     0.3228116E+02
    -0.8112778E+02     0.3228398E+02
    -0.8112724E+02     0.3228786E+02
    -0.8112836E+02     0.3230499E+02
    -0.8112974E+02     0.3230773E+02
    -0.8113564E+02     0.3230927E+02
    -0.8113654E+02     0.3231811E+02
    -0.8113805E+02     0.3232527E+02
    -0.8113946E+02     0.3232911E+02
    -0.8113823E+02     0.3233191E+02
    -0.8113441E+02     0.3233530E+02
    -0.8113448E+02     0.3233807E+02
    -0.8114116E+02     0.3234347E+02
    -0.8114587E+02     0.3234890E+02
    -0.8114722E+02     0.3235054E+02
    -0.8114852E+02     0.3235051E+02
    -0.8115045E+02     0.3234937E+02
    -0.8115365E+02     0.3234708E+02
    -0.8115683E+02     0.3234425E+02
    -0.8115872E+02     0.3234200E+02
    -0.8116331E+02     0.3234301E+02
    -0.8116276E+02     0.3234635E+02
    -0.8116283E+02     0.3234911E+02
    -0.8116357E+02     0.3235242E+02
    -0.8116631E+02     0.3235678E+02
    -0.8117289E+02     0.3235886E+02
    -0.8117427E+02     0.3236160E+02
    -0.8117500E+02     0.3236435E+02
    -0.8117579E+02     0.3236932E+02
    -0.8117654E+02     0.3237262E+02
    -0.8118121E+02     0.3237640E+02
    -0.8118327E+02     0.3238023E+02
    -0.8118337E+02     0.3238355E+02
    -0.8118214E+02     0.3238634E+02
    -0.8118098E+02     0.3239135E+02
    -0.8118241E+02     0.3239574E+02
    -0.8118847E+02     0.3240226E+02
    -0.8119450E+02     0.3240822E+02
    -0.8120390E+02     0.3241743E+02
    -0.8120731E+02     0.3242392E+02
    -0.8120925E+02     0.3242990E+02
    -0.8120938E+02     0.3243441E+02
    -0.8120741E+02     0.3243987E+02
    -0.8120642E+02     0.3244259E+02
    -0.8120615E+02     0.3244561E+02
    -0.8120766E+02     0.3244858E+02
    -0.8120699E+02     0.3244980E+02
    -0.8120522E+02     0.3245044E+02
    -0.8120242E+02     0.3245170E+02
    -0.8119967E+02     0.3245477E+02
    -0.8119560E+02     0.3246147E+02
    -0.8119315E+02     0.3246242E+02
    -0.8119321E+02     0.3246482E+02
    -0.8119573E+02     0.3246598E+02
    -0.8120149E+02     0.3246886E+02
    -0.8120803E+02     0.3247414E+02
    -0.8121348E+02     0.3247824E+02
    -0.8123796E+02     0.3250240E+02
    -0.8123917E+02     0.3250718E+02
    -0.8123852E+02     0.3250930E+02
    -0.8123792E+02     0.3251293E+02
    -0.8123761E+02     0.3251474E+02
    -0.8124055E+02     0.3251799E+02
    -0.8124343E+02     0.3251943E+02
    -0.8124915E+02     0.3252081E+02
    -0.8125483E+02     0.3252069E+02
    -0.8125878E+02     0.3252211E+02
    -0.8127542E+02     0.3253228E+02
    -0.8128019E+02     0.3253730E+02
    -0.8128064E+02     0.3254060E+02
    -0.8128223E+02     0.3254628E+02
    -0.8128461E+02     0.3255495E+02
    -0.8128788E+02     0.3255699E+02
    -0.8129324E+02     0.3255807E+02
    -0.8129786E+02     0.3255798E+02
    -0.8130148E+02     0.3256031E+02
    -0.8130261E+02     0.3256239E+02
    -0.8130547E+02     0.3256293E+02
    -0.8131113E+02     0.3256190E+02
    -0.8131609E+02     0.3256179E+02
    -0.8131998E+02     0.3256111E+02
    -0.8132888E+02     0.3256151E+02
    -0.8133858E+02     0.3256491E+02
    -0.8135655E+02     0.3257143E+02
    -0.8135984E+02     0.3257437E+02
    -0.8135961E+02     0.3257859E+02
    -0.8136110E+02     0.3258066E+02
    -0.8136572E+02     0.3258056E+02
    -0.8136821E+02     0.3258080E+02
    -0.8137008E+02     0.3258377E+02
    -0.8137458E+02     0.3259149E+02
    -0.8137637E+02     0.3259175E+02
    -0.8137885E+02     0.3259140E+02
    -0.8138344E+02     0.3259039E+02
    -0.8138664E+02     0.3259062E+02
    -0.8139249E+02     0.3259591E+02
    -0.8139912E+02     0.3260298E+02
    -0.8140280E+02     0.3260711E+02
    -0.8141269E+02     0.3261621E+02
    -0.8141534E+02     0.3262127E+02
    -0.8141905E+02     0.3262660E+02
    -0.8141882E+02     0.3263021E+02
    -0.8141933E+02     0.3263470E+02
    -0.8141815E+02     0.3263712E+02
    -0.8141267E+02     0.3264201E+02
    -0.8140411E+02     0.3264909E+02
    -0.8140136E+02     0.3265128E+02
    -0.8140205E+02     0.3265338E+02
    -0.8140527E+02     0.3265596E+02
    -0.8140720E+02     0.3265751E+02
    -0.8140762E+02     0.3266121E+02
    -0.8140737E+02     0.3267340E+02
    -0.8140859E+02     0.3268238E+02
    -0.8141084E+02     0.3268393E+02
    -0.8141251E+02     0.3268733E+02
    -0.8141199E+02     0.3269079E+02
    -0.8141204E+02     0.3269238E+02
    -0.8141334E+02     0.3269368E+02
    -0.8141682E+02     0.3269466E+02
    -0.8141998E+02     0.3269564E+02
    -0.8142348E+02     0.3269742E+02
    -0.8142896E+02     0.3270206E+02
    -0.8142944E+02     0.3270709E+02
    -0.8142702E+02     0.3271033E+02
    -0.8142490E+02     0.3271249E+02
    -0.8142373E+02     0.3271517E+02
    -0.8142198E+02     0.3271945E+02
    -0.8141889E+02     0.3272111E+02
    -0.8141869E+02     0.3272483E+02
    -0.8142067E+02     0.3272770E+02
    -0.8141953E+02     0.3273143E+02
    -0.8141470E+02     0.3273737E+02
    -0.8141075E+02     0.3274170E+02
    -0.8141145E+02     0.3274381E+02
    -0.8141212E+02     0.3274538E+02
    -0.8141499E+02     0.3274691E+02
    -0.8142065E+02     0.3274731E+02
    -0.8142162E+02     0.3274809E+02
    -0.8142102E+02     0.3274916E+02
    -0.8141675E+02     0.3275296E+02
    -0.8141493E+02     0.3275513E+02
    -0.8141756E+02     0.3275878E+02
    -0.8142046E+02     0.3276110E+02
    -0.8142694E+02     0.3276784E+02
    -0.8142798E+02     0.3277073E+02
    -0.8142686E+02     0.3277500E+02
    -0.8142887E+02     0.3277919E+02
    -0.8142905E+02     0.3278502E+02
    -0.8142734E+02     0.3279036E+02
    -0.8142838E+02     0.3279352E+02
    -0.8143161E+02     0.3279662E+02
    -0.8143237E+02     0.3280058E+02
    -0.8142876E+02     0.3280597E+02
    -0.8142767E+02     0.3281129E+02
    -0.8142589E+02     0.3281425E+02
    -0.8142725E+02     0.3281766E+02
    -0.8143114E+02     0.3282182E+02
    -0.8143191E+02     0.3282604E+02
    -0.8143079E+02     0.3283030E+02
    -0.8143027E+02     0.3283403E+02
    -0.8143098E+02     0.3283666E+02
    -0.8143516E+02     0.3283948E+02
    -0.8143645E+02     0.3284052E+02
    -0.8144056E+02     0.3284148E+02
    -0.8144561E+02     0.3284216E+02
    -0.8144724E+02     0.3284424E+02
    -0.8144792E+02     0.3284582E+02
    -0.8144987E+02     0.3284789E+02
    -0.8145176E+02     0.3284785E+02
    -0.8145420E+02     0.3284567E+02
    -0.8145728E+02     0.3284348E+02
    -0.8145881E+02     0.3284239E+02
    -0.8146134E+02     0.3284312E+02
    -0.8146452E+02     0.3284411E+02
    -0.8146454E+02     0.3284491E+02
    -0.8146336E+02     0.3284732E+02
    -0.8145930E+02     0.3285802E+02
    -0.8145854E+02     0.3286360E+02
    -0.8145995E+02     0.3286834E+02
    -0.8146261E+02     0.3287305E+02
    -0.8146555E+02     0.3287643E+02
    -0.8146998E+02     0.3287738E+02
    -0.8147430E+02     0.3287516E+02
    -0.8147717E+02     0.3287616E+02
    -0.8148225E+02     0.3287790E+02
    -0.8148354E+02     0.3287919E+02
    -0.8148433E+02     0.3288395E+02
    -0.8148186E+02     0.3288559E+02
    -0.8147689E+02     0.3288730E+02
    -0.8147285E+02     0.3288872E+02
    -0.8147144E+02     0.3289352E+02
    -0.8147062E+02     0.3289751E+02
    -0.8147192E+02     0.3289907E+02
    -0.8147316E+02     0.3289852E+02
    -0.8147720E+02     0.3289683E+02
    -0.8148093E+02     0.3289542E+02
    -0.8148254E+02     0.3289671E+02
    -0.8148515E+02     0.3289983E+02
    -0.8148598E+02     0.3290617E+02
    -0.8148676E+02     0.3291066E+02
    -0.8148909E+02     0.3291485E+02
    -0.8149082E+02     0.3291985E+02
    -0.8149219E+02     0.3292326E+02
    -0.8149253E+02     0.3292405E+02
    -0.8149478E+02     0.3292558E+02
    -0.8150023E+02     0.3292864E+02
    -0.8150440E+02     0.3293146E+02
    -0.8150756E+02     0.3294146E+02
    -0.8150865E+02     0.3294620E+02
    -0.8151222E+02     0.3294957E+02
    -0.8151427E+02     0.3295429E+02
    -0.8151561E+02     0.3295691E+02
    -0.8151511E+02     0.3296116E+02
    -0.8151556E+02     0.3296513E+02
    -0.8151434E+02     0.3296622E+02
    -0.8151338E+02     0.3296597E+02
    -0.8151146E+02     0.3296469E+02
    -0.8150325E+02     0.3296383E+02
    -0.8150207E+02     0.3296624E+02
    -0.8150033E+02     0.3297078E+02
    -0.8150053E+02     0.3297714E+02
    -0.8149887E+02     0.3298407E+02
    -0.8149889E+02     0.3298487E+02
    -0.8149627E+02     0.3299129E+02
    -0.8149899E+02     0.3299733E+02
    -0.8150122E+02     0.3299833E+02
    -0.8150347E+02     0.3299987E+02
    -0.8150083E+02     0.3300576E+02
    -0.8150793E+02     0.3301117E+02
    -0.8151545E+02     0.3301020E+02
    -0.8152045E+02     0.3301883E+02
    -0.8152194E+02     0.3302595E+02
    -0.8152866E+02     0.3302897E+02
    -0.8153190E+02     0.3303181E+02
    -0.8153579E+02     0.3303543E+02
    -0.8153897E+02     0.3303642E+02
    -0.8154473E+02     0.3303920E+02
    -0.8154897E+02     0.3304361E+02
    -0.8155278E+02     0.3304457E+02
    -0.8155492E+02     0.3304267E+02
    -0.8156025E+02     0.3304175E+02
    -0.8156435E+02     0.3304192E+02
    -0.8156754E+02     0.3304343E+02
    -0.8156794E+02     0.3304581E+02
    -0.8156808E+02     0.3305005E+02
    -0.8156818E+02     0.3305322E+02
    -0.8156948E+02     0.3305425E+02
    -0.8157352E+02     0.3305283E+02
    -0.8157604E+02     0.3305277E+02
    -0.8157862E+02     0.3305457E+02
    -0.8158165E+02     0.3306033E+02
    -0.8158358E+02     0.3306160E+02
    -0.8158617E+02     0.3306366E+02
    -0.8158909E+02     0.3306624E+02
    -0.8159390E+02     0.3306878E+02
    -0.8159895E+02     0.3306892E+02
    -0.8160212E+02     0.3306964E+02
    -0.8160594E+02     0.3307087E+02
    -0.8160631E+02     0.3307246E+02
    -0.8160479E+02     0.3307409E+02
    -0.8160426E+02     0.3307701E+02
    -0.8160436E+02     0.3308019E+02
    -0.8160757E+02     0.3308170E+02
    -0.8161095E+02     0.3307950E+02
    -0.8161412E+02     0.3307996E+02
    -0.8161697E+02     0.3308042E+02
    -0.8161864E+02     0.3308329E+02
    -0.8161940E+02     0.3308699E+02
    -0.8161949E+02     0.3308963E+02
    -0.8162078E+02     0.3309066E+02
    -0.8162207E+02     0.3309143E+02
    -0.8162553E+02     0.3309134E+02
    -0.8163402E+02     0.3309061E+02
    -0.8164658E+02     0.3308924E+02
    -0.8164945E+02     0.3309050E+02
    -0.8165392E+02     0.3309224E+02
    -0.8166041E+02     0.3309765E+02
    -0.8166618E+02     0.3310069E+02
    -0.8167161E+02     0.3310267E+02
    -0.8167960E+02     0.3310566E+02
    -0.8168628E+02     0.3310761E+02
    -0.8169199E+02     0.3310880E+02
    -0.8169835E+02     0.3311023E+02
    -0.8170728E+02     0.3311345E+02
    -0.8171370E+02     0.3311674E+02
    -0.8171853E+02     0.3311953E+02
    -0.8172173E+02     0.3312078E+02
    -0.8172556E+02     0.3312227E+02
    -0.8172909E+02     0.3312404E+02
    -0.8173199E+02     0.3312609E+02
    -0.8173946E+02     0.3313200E+02
    -0.8174720E+02     0.3313710E+02
    -0.8175603E+02     0.3314616E+02
    -0.8176428E+02     0.3315629E+02
    -0.8176917E+02     0.3316094E+02
    -0.8177150E+02     0.3316433E+02
    -0.8177366E+02     0.3317170E+02
    -0.8177317E+02     0.3317569E+02
    -0.8177147E+02     0.3318103E+02
    -0.8176875E+02     0.3318428E+02
    -0.8176642E+02     0.3318991E+02
    -0.8176501E+02     0.3319472E+02
    -0.8176575E+02     0.3319762E+02
    -0.8176778E+02     0.3320128E+02
    -0.8177009E+02     0.3320414E+02
    -0.8177099E+02     0.3321180E+02
    -0.8177364E+02     0.3321545E+02
    -0.8177557E+02     0.3321646E+02
    -0.8177750E+02     0.3321721E+02
    -0.8178133E+02     0.3321843E+02
    -0.8178316E+02     0.3321679E+02
    -0.8178427E+02     0.3321252E+02
    -0.8178478E+02     0.3320933E+02
    -0.8178533E+02     0.3320692E+02
    -0.8178969E+02     0.3320522E+02
    -0.8179473E+02     0.3320509E+02
    -0.8180584E+02     0.3320693E+02
    -0.8181194E+02     0.3320995E+02
    -0.8181467E+02     0.3321545E+02
    -0.8181646E+02     0.3322124E+02
    -0.8181871E+02     0.3322250E+02
    -0.8182638E+02     0.3322496E+02
    -0.8183157E+02     0.3322880E+02
    -0.8183736E+02     0.3323183E+02
    -0.8184611E+02     0.3323796E+02
    -0.8185194E+02     0.3324205E+02
    -0.8185487E+02     0.3324437E+02
    -0.8185596E+02     0.3324831E+02
    -0.8185483E+02     0.3325206E+02
    -0.8185333E+02     0.3325422E+02
    -0.8185345E+02     0.3325740E+02
    -0.8185233E+02     0.3326114E+02
    -0.8184956E+02     0.3326333E+02
    -0.8184613E+02     0.3326448E+02
    -0.8184299E+02     0.3326509E+02
    -0.8184181E+02     0.3326725E+02
    -0.8184201E+02     0.3327281E+02
    -0.8184460E+02     0.3327433E+02
    -0.8184688E+02     0.3327639E+02
    -0.8184916E+02     0.3327819E+02
    -0.8185303E+02     0.3328048E+02
    -0.8185750E+02     0.3328168E+02
    -0.8186074E+02     0.3328399E+02
    -0.8186688E+02     0.3328780E+02
    -0.8186720E+02     0.3329628E+02
    -0.8185998E+02     0.3329753E+02
    -0.8185632E+02     0.3330134E+02
    -0.8185674E+02     0.3330398E+02
    -0.8185744E+02     0.3330608E+02
    -0.8185905E+02     0.3330684E+02
    -0.8186125E+02     0.3330651E+02
    -0.8186565E+02     0.3330587E+02
    -0.8186783E+02     0.3330475E+02
    -0.8187064E+02     0.3330414E+02
    -0.8187162E+02     0.3330491E+02
    -0.8187232E+02     0.3330675E+02
    -0.8187179E+02     0.3330942E+02
    -0.8187310E+02     0.3331071E+02
    -0.8187600E+02     0.3331222E+02
    -0.8188101E+02     0.3331103E+02
    -0.8188155E+02     0.3330863E+02
    -0.8188397E+02     0.3330565E+02
    -0.8188837E+02     0.3330500E+02
    -0.8188981E+02     0.3330973E+02
    -0.8188998E+02     0.3331450E+02
    -0.8189321E+02     0.3331628E+02
    -0.8189701E+02     0.3331644E+02
    -0.8189835E+02     0.3331852E+02
    -0.8189873E+02     0.3332011E+02
    -0.8189877E+02     0.3332117E+02
    -0.8190102E+02     0.3332217E+02
    -0.8190452E+02     0.3332287E+02
    -0.8190529E+02     0.3332656E+02
    -0.8190601E+02     0.3332893E+02
    -0.8190798E+02     0.3333100E+02
    -0.8191139E+02     0.3332932E+02
    -0.8191168E+02     0.3332851E+02
    -0.8191409E+02     0.3332526E+02
    -0.8191695E+02     0.3332572E+02
    -0.8191764E+02     0.3332729E+02
    -0.8191963E+02     0.3332989E+02
    -0.8192957E+02     0.3334209E+02
    -0.8193375E+02     0.3334383E+02
    -0.8194170E+02     0.3334494E+02
    -0.8194490E+02     0.3334618E+02
    -0.8194621E+02     0.3334747E+02
    -0.8194236E+02     0.3335421E+02
    -0.8194440E+02     0.3335786E+02
    -0.8195135E+02     0.3336616E+02
    -0.8195207E+02     0.3336853E+02
    -0.8195093E+02     0.3337174E+02
    -0.8194904E+02     0.3337180E+02
    -0.8194069E+02     0.3336857E+02
    -0.8193565E+02     0.3336924E+02
    -0.8193330E+02     0.3337381E+02
    -0.8193275E+02     0.3337595E+02
    -0.8193471E+02     0.3337749E+02
    -0.8193840E+02     0.3338322E+02
    -0.8194193E+02     0.3339294E+02
    -0.8194432E+02     0.3339765E+02
    -0.8194830E+02     0.3340231E+02
    -0.8194997E+02     0.3340466E+02
    -0.8195006E+02     0.3340704E+02
    -0.8194852E+02     0.3340814E+02
    -0.8194415E+02     0.3340985E+02
    -0.8193909E+02     0.3340999E+02
    -0.8193623E+02     0.3340953E+02
    -0.8193153E+02     0.3341921E+02
    -0.8193289E+02     0.3342156E+02
    -0.8193518E+02     0.3342362E+02
    -0.8193530E+02     0.3342680E+02
    -0.8193226E+02     0.3343006E+02
    -0.8192855E+02     0.3343228E+02
    -0.8192485E+02     0.3343503E+02
    -0.8192240E+02     0.3343722E+02
    -0.8192122E+02     0.3343937E+02
    -0.8192104E+02     0.3344283E+02
    -0.8192214E+02     0.3344704E+02
    -0.8192426E+02     0.3345282E+02
    -0.8192934E+02     0.3346170E+02
    -0.8193169E+02     0.3346508E+02
    -0.8193687E+02     0.3346839E+02
    -0.8194169E+02     0.3347012E+02
    -0.8194807E+02     0.3347128E+02
    -0.8196215E+02     0.3347540E+02
    -0.8197024E+02     0.3347995E+02
    -0.8198882E+02     0.3348555E+02
    -0.8199142E+02     0.3348734E+02
    -0.8199415E+02     0.3349230E+02
    -0.8199516E+02     0.3349413E+02
    -0.8199622E+02     0.3350497E+02
    -0.8199966E+02     0.3351204E+02
    -0.8200366E+02     0.3351723E+02
    -0.8200860E+02     0.3352214E+02
    -0.8201230E+02     0.3352761E+02
    -0.8201620E+02     0.3353015E+02
    -0.8202296E+02     0.3353315E+02
    -0.8203085E+02     0.3354009E+02
    -0.8204179E+02     0.3355252E+02
    -0.8204971E+02     0.3356052E+02
    -0.8205889E+02     0.3356849E+02
    -0.8206895E+02     0.3357431E+02
    -0.8208179E+02     0.3357819E+02
    -0.8209333E+02     0.3358158E+02
    -0.8210338E+02     0.3358713E+02
    -0.8211283E+02     0.3359349E+02
    -0.8211511E+02     0.3359502E+02
    -0.8212022E+02     0.3359594E+02
    -0.8212302E+02     0.3359453E+02
    -0.8212962E+02     0.3359301E+02
    -0.8213432E+02     0.3359182E+02
    -0.8213941E+02     0.3359221E+02
    -0.8214519E+02     0.3359389E+02
    -0.8215428E+02     0.3359921E+02
    -0.8215694E+02     0.3360231E+02
    -0.8215836E+02     0.3360572E+02
    -0.8216165E+02     0.3360881E+02
    -0.8216713E+02     0.3361104E+02
    -0.8216905E+02     0.3361151E+02
    -0.8217530E+02     0.3361218E+02
    -0.8217530E+02     0.3361218E+02
    -0.8217678E+02     0.3361466E+02
    -0.8218877E+02     0.3361841E+02
    -0.8219595E+02     0.3362530E+02
    -0.8220097E+02     0.3363295E+02
    -0.8220404E+02     0.3364617E+02
    -0.8220408E+02     0.3365903E+02
    -0.8220408E+02     0.3365903E+02
    -0.8220770E+02     0.3366991E+02
    -0.8221202E+02     0.3367493E+02
    -0.8221817E+02     0.3368277E+02
    -0.8223609E+02     0.3370199E+02
    -0.8223882E+02     0.3372624E+02
    -0.8225218E+02     0.3375103E+02
    -0.8226644E+02     0.3376406E+02
    -0.8227576E+02     0.3377380E+02
    -0.8228493E+02     0.3377954E+02
    -0.8229603E+02     0.3378264E+02
    -0.8229994E+02     0.3378596E+02
    -0.8230145E+02     0.3379708E+02
    -0.8232390E+02     0.3381701E+02
    -0.8232985E+02     0.3381969E+02
    -0.8234794E+02     0.3383346E+02
    -0.8236504E+02     0.3384010E+02
    -0.8238163E+02     0.3385075E+02
    -0.8238728E+02     0.3385459E+02
    -0.8239462E+02     0.3385751E+02
    -0.8239642E+02     0.3385946E+02
    -0.8240794E+02     0.3386369E+02
    -0.8241526E+02     0.3386632E+02
    -0.8243092E+02     0.3387128E+02
    -0.8243943E+02     0.3387731E+02
    -0.8244901E+02     0.3388417E+02
    -0.8245357E+02     0.3388631E+02
    -0.8247587E+02     0.3390136E+02
    -0.8249049E+02     0.3391350E+02
    -0.8251023E+02     0.3393234E+02
    -0.8251374E+02     0.3393394E+02
    -0.8252540E+02     0.3394102E+02
    -0.8253307E+02     0.3394335E+02
    -0.8253954E+02     0.3394200E+02
    -0.8254536E+02     0.3394181E+02
    -0.8255775E+02     0.3394972E+02
    -0.8256031E+02     0.3395307E+02
    -0.8256310E+02     0.3396128E+02
    -0.8258738E+02     0.3400344E+02
    -0.8259164E+02     0.3400645E+02
    -0.8260230E+02     0.3402242E+02
    -0.8260230E+02     0.3402242E+02
    -0.8260436E+02     0.3403266E+02
    -0.8261440E+02     0.3404287E+02
    -0.8262512E+02     0.3405562E+02
    -0.8262749E+02     0.3405835E+02
    -0.8263154E+02     0.3406056E+02
    -0.8263729E+02     0.3406318E+02
    -0.8264315E+02     0.3406814E+02
    -0.8264870E+02     0.3407872E+02
    -0.8264970E+02     0.3409002E+02
    -0.8264970E+02     0.3409002E+02
    -0.8265666E+02     0.3409643E+02
    -0.8266532E+02     0.3410985E+02
    -0.8266897E+02     0.3411535E+02
    -0.8267337E+02     0.3411907E+02
    -0.8267748E+02     0.3412561E+02
    -0.8268491E+02     0.3413064E+02
    -0.8270509E+02     0.3413700E+02
    -0.8271340E+02     0.3414305E+02
    -0.8272603E+02     0.3416829E+02
    -0.8272718E+02     0.3417457E+02
    -0.8272668E+02     0.3418197E+02
    -0.8273277E+02     0.3419407E+02
    -0.8273275E+02     0.3421129E+02
    -0.8273878E+02     0.3423991E+02
    -0.8274204E+02     0.3424613E+02
    -0.8274789E+02     0.3426210E+02
    -0.8275273E+02     0.3426580E+02
    -0.8276244E+02     0.3427391E+02
    -0.8277083E+02     0.3428101E+02
    -0.8277530E+02     0.3428578E+02
    -0.8278596E+02     0.3430475E+02
    -0.8278835E+02     0.3431029E+02
    -0.8279508E+02     0.3432658E+02
    -0.8280202E+02     0.3433830E+02
    -0.8281992E+02     0.3435084E+02
    -0.8281992E+02     0.3435084E+02
    -0.8282399E+02     0.3435329E+02
    -0.8282845E+02     0.3435782E+02
    -0.8283746E+02     0.3437999E+02
    -0.8284101E+02     0.3439485E+02
    -0.8284427E+02     0.3440363E+02
    -0.8284686E+02     0.3441010E+02
    -0.8285692E+02     0.3442318E+02
    -0.8286271E+02     0.3443340E+02
    -0.8286621E+02     0.3444673E+02
    -0.8286761E+02     0.3445441E+02
    -0.8286940E+02     0.3445771E+02
    -0.8287476E+02     0.3445954E+02
    -0.8288080E+02     0.3446236E+02
    -0.8288307E+02     0.3446732E+02
    -0.8288750E+02     0.3447457E+02
    -0.8289092E+02     0.3447815E+02
    -0.8289825E+02     0.3448260E+02
    -0.8291016E+02     0.3448521E+02
    -0.8291830E+02     0.3448560E+02
    -0.8293202E+02     0.3448377E+02
    -0.8294822E+02     0.3448270E+02
    -0.8295955E+02     0.3448196E+02
    -0.8296930E+02     0.3448196E+02
    -0.8297845E+02     0.3448230E+02
    -0.8298782E+02     0.3448264E+02
    -0.8299101E+02     0.3448169E+02
    -0.8299258E+02     0.3448063E+02
    -0.8299531E+02     0.3447834E+02
    -0.8299886E+02     0.3447620E+02
    -0.8300407E+02     0.3447501E+02
    -0.8300857E+02     0.3447552E+02
    -0.8301512E+02     0.3447663E+02
    -0.8302053E+02     0.3447912E+02
    -0.8302555E+02     0.3448197E+02
    -0.8302934E+02     0.3448452E+02
    -0.8303512E+02     0.3448633E+02
    -0.8303799E+02     0.3448690E+02
    -0.8304381E+02     0.3448938E+02
    -0.8305172E+02     0.3449313E+02
    -0.8305730E+02     0.3449898E+02
    -0.8306236E+02     0.3450249E+02
    -0.8306972E+02     0.3450324E+02
    -0.8307445E+02     0.3450441E+02
    -0.8307751E+02     0.3450867E+02
    -0.8307984E+02     0.3451430E+02
    -0.8308311E+02     0.3452225E+02
    -0.8308639E+02     0.3453054E+02
    -0.8309027E+02     0.3453477E+02
    -0.8309494E+02     0.3453864E+02
    -0.8309787E+02     0.3454021E+02
    -0.8310050E+02     0.3453994E+02
    -0.8310471E+02     0.3453895E+02
    -0.8311096E+02     0.3454175E+02
    -0.8311703E+02     0.3454892E+02
    -0.8312096E+02     0.3455416E+02
    -0.8312525E+02     0.3455837E+02
    -0.8313068E+02     0.3456086E+02
    -0.8314073E+02     0.3456654E+02
    -0.8314558E+02     0.3457343E+02
    -0.8314863E+02     0.3457735E+02
    -0.8315572E+02     0.3458079E+02
    -0.8316016E+02     0.3458382E+02
    -0.8316184E+02     0.3458493E+02
    -0.8316280E+02     0.3458759E+02
    -0.8316252E+02     0.3458995E+02
    -0.8316303E+02     0.3459195E+02
    -0.8316514E+02     0.3459322E+02
    -0.8316823E+02     0.3459394E+02
    -0.8317091E+02     0.3459468E+02
    -0.8317361E+02     0.3459576E+02
    -0.8317434E+02     0.3459792E+02
    -0.8317367E+02     0.3460063E+02
    -0.8317012E+02     0.3460278E+02
    -0.8316661E+02     0.3460560E+02
    -0.8316676E+02     0.3460828E+02
    -0.8316810E+02     0.3461059E+02
    -0.8317100E+02     0.3461149E+02
    -0.8317670E+02     0.3461161E+02
    -0.8318484E+02     0.3461165E+02
    -0.8319174E+02     0.3461139E+02
    -0.8319783E+02     0.3461116E+02
    -0.8320193E+02     0.3461169E+02
    -0.8320781E+02     0.3461517E+02
    -0.8321154E+02     0.3461637E+02
    -0.8321807E+02     0.3461680E+02
    -0.8322665E+02     0.3461749E+02
    -0.8323444E+02     0.3461854E+02
    -0.8323946E+02     0.3462104E+02
    -0.8324528E+02     0.3462318E+02
    -0.8324869E+02     0.3462607E+02
    -0.8325016E+02     0.3463073E+02
    -0.8325121E+02     0.3463506E+02
    -0.8325350E+02     0.3463968E+02
    -0.8325697E+02     0.3464358E+02
    -0.8326118E+02     0.3464611E+02
    -0.8326450E+02     0.3464733E+02
    -0.8328252E+02     0.3464934E+02
    -0.8328252E+02     0.3464934E+02
    -0.8328467E+02     0.3464791E+02
    -0.8328894E+02     0.3464958E+02
    -0.8328603E+02     0.3465222E+02
    -0.8328846E+02     0.3465557E+02
    -0.8329227E+02     0.3465886E+02
    -0.8329929E+02     0.3465973E+02
    -0.8330754E+02     0.3467203E+02
    -0.8331645E+02     0.3467672E+02
    -0.8332809E+02     0.3468039E+02
    -0.8334271E+02     0.3468277E+02
    -0.8334563E+02     0.3468495E+02
    -0.8334563E+02     0.3468495E+02
    -0.8334761E+02     0.3469225E+02
    -0.8334991E+02     0.3469687E+02
    -0.8335313E+02     0.3470346E+02
    -0.8335387E+02     0.3470949E+02
    -0.8335485E+02     0.3471248E+02
    -0.8335647E+02     0.3471948E+02
    -0.8335787E+02     0.3472279E+02
    -0.8335651E+02     0.3472755E+02
    -0.8335308E+02     0.3473172E+02
    -0.8335048E+02     0.3473619E+02
    -0.8334776E+02     0.3473864E+02
    -0.8334379E+02     0.3474048E+02
    -0.8334023E+02     0.3474230E+02
    -0.8333591E+02     0.3474549E+02
    -0.8333322E+02     0.3474828E+02
    -0.8333010E+02     0.3475076E+02
    -0.8332736E+02     0.3475288E+02
    -0.8332661E+02     0.3475392E+02
    -0.8332463E+02     0.3475706E+02
    -0.8332463E+02     0.3475706E+02
    -0.8332777E+02     0.3478611E+02
    -0.8332584E+02     0.3479562E+02
    -0.8331041E+02     0.3480337E+02
    -0.8330841E+02     0.3480736E+02
    -0.8331005E+02     0.3482062E+02
    -0.8330672E+02     0.3482099E+02
    -0.8330502E+02     0.3481577E+02
    -0.8330270E+02     0.3481448E+02
    -0.8329968E+02     0.3481530E+02
    -0.8329755E+02     0.3481699E+02
    -0.8329633E+02     0.3482440E+02
    -0.8329305E+02     0.3482568E+02
    -0.8328742E+02     0.3482476E+02
    -0.8328285E+02     0.3481828E+02
    -0.8327834E+02     0.3481754E+02
    -0.8327458E+02     0.3481999E+02
    -0.8327278E+02     0.3482719E+02
    -0.8327294E+02     0.3482876E+02
    -0.8327345E+02     0.3483360E+02
    -0.8327617E+02     0.3483716E+02
    -0.8327508E+02     0.3484226E+02
    -0.8327213E+02     0.3484422E+02
    -0.8325855E+02     0.3484592E+02
    -0.8325565E+02     0.3484879E+02
    -0.8325520E+02     0.3485524E+02
    -0.8325330E+02     0.3485624E+02
    -0.8325240E+02     0.3486455E+02
    -0.8324974E+02     0.3486673E+02
    -0.8324608E+02     0.3486618E+02
    -0.8324370E+02     0.3486835E+02
    -0.8324280E+02     0.3487206E+02
    -0.8324611E+02     0.3487606E+02
    -0.8324403E+02     0.3487867E+02
    -0.8323457E+02     0.3487928E+02
    -0.8322839E+02     0.3488321E+02
    -0.8322235E+02     0.3488023E+02
    -0.8322026E+02     0.3488744E+02
    -0.8321864E+02     0.3488819E+02
    -0.8321593E+02     0.3488026E+02
    -0.8321124E+02     0.3488113E+02
    -0.8320761E+02     0.3488588E+02
    -0.8320602E+02     0.3489214E+02
    -0.8320216E+02     0.3489299E+02
    -0.8319858E+02     0.3489841E+02
    -0.8319411E+02     0.3489836E+02
    -0.8318649E+02     0.3490648E+02
    -0.8317250E+02     0.3491728E+02
    -0.8317206E+02     0.3491762E+02
    -0.8316874E+02     0.3491821E+02
    -0.8316303E+02     0.3491613E+02
    -0.8316187E+02     0.3492009E+02
    -0.8316301E+02     0.3492533E+02
    -0.8315981E+02     0.3492798E+02
    -0.8315675E+02     0.3492810E+02
    -0.8315184E+02     0.3492531E+02
    -0.8314352E+02     0.3492633E+02
    -0.8313644E+02     0.3493441E+02
    -0.8313231E+02     0.3493527E+02
    -0.8312709E+02     0.3493202E+02
    -0.8312106E+02     0.3493387E+02
    -0.8312036E+02     0.3493642E+02
    -0.8312791E+02     0.3494624E+02
    -0.8312753E+02     0.3494924E+02
    -0.8312267E+02     0.3495219E+02
    -0.8312379E+02     0.3496180E+02
    -0.8312189E+02     0.3496762E+02
    -0.8311477E+02     0.3497984E+02
    -0.8310973E+02     0.3498464E+02
    -0.8310019E+02     0.3499917E+02
    -0.8310019E+02     0.3499917E+02
    -0.8309665E+02     0.3500000E+02
    -0.8304369E+02     0.3501243E+02
    -0.8302522E+02     0.3501762E+02
    -0.8301388E+02     0.3502006E+02
    -0.8295644E+02     0.3503430E+02
    -0.8295047E+02     0.3503817E+02
    -0.8293826E+02     0.3503993E+02
    -0.8291641E+02     0.3504499E+02
    -0.8290177E+02     0.3504866E+02
    -0.8288411E+02     0.3505358E+02
    -0.8286889E+02     0.3505681E+02
    -0.8283959E+02     0.3506414E+02
    -0.8283298E+02     0.3506584E+02
    -0.8279179E+02     0.3507640E+02
    -0.8277840E+02     0.3507704E+02
    -0.8277760E+02     0.3506558E+02
    -0.8276511E+02     0.3506136E+02
    -0.8276040E+02     0.3506219E+02
    -0.8274726E+02     0.3506856E+02
    -0.8272704E+02     0.3508525E+02
    -0.8271851E+02     0.3508732E+02
    -0.8269578E+02     0.3509283E+02
    -0.8269063E+02     0.3509666E+02
    -0.8269090E+02     0.3511549E+02
    -0.8268399E+02     0.3511753E+02
    -0.8267293E+02     0.3511395E+02
    -0.8266087E+02     0.3511316E+02
    -0.8264858E+02     0.3512018E+02
    -0.8263770E+02     0.3512072E+02
    -0.8262205E+02     0.3512761E+02
    -0.8260079E+02     0.3513419E+02
    -0.8259110E+02     0.3513654E+02
    -0.8257101E+02     0.3513780E+02
    -0.8256416E+02     0.3514121E+02
    -0.8255322E+02     0.3515393E+02
    -0.8254823E+02     0.3515499E+02
    -0.8253802E+02     0.3515160E+02
    -0.8252849E+02     0.3515118E+02
    -0.8251470E+02     0.3515616E+02
    -0.8250040E+02     0.3515541E+02
    -0.8249096E+02     0.3516394E+02
    -0.8248625E+02     0.3516523E+02
    -0.8246259E+02     0.3517484E+02
    -0.8245719E+02     0.3517315E+02
    -0.8245509E+02     0.3516264E+02
    -0.8245190E+02     0.3515997E+02
    -0.8244327E+02     0.3516113E+02
    -0.8242889E+02     0.3517208E+02
    -0.8242578E+02     0.3518526E+02
    -0.8241987E+02     0.3519139E+02
    -0.8240662E+02     0.3519612E+02
    -0.8239495E+02     0.3520516E+02
    -0.8238874E+02     0.3520395E+02
    -0.8238272E+02     0.3519355E+02
    -0.8237997E+02     0.3518076E+02
    -0.8237296E+02     0.3518049E+02
    -0.8236833E+02     0.3518360E+02
    -0.8235844E+02     0.3518846E+02
    -0.8234886E+02     0.3518687E+02
    -0.8233917E+02     0.3518254E+02
    -0.8233411E+02     0.3518176E+02
    -0.8232581E+02     0.3518427E+02
    -0.8231519E+02     0.3518478E+02
    -0.8230242E+02     0.3518741E+02
    -0.8227069E+02     0.3519214E+02
    -0.8225719E+02     0.3519043E+02
    -0.8223254E+02     0.3519014E+02
    -0.8222779E+02     0.3519026E+02
    -0.8220761E+02     0.3518963E+02
    -0.8219809E+02     0.3518975E+02
    -0.8218914E+02     0.3518987E+02
    -0.8217398E+02     0.3518864E+02
    -0.8209214E+02     0.3518606E+02
    -0.8208430E+02     0.3518581E+02
    -0.8203751E+02     0.3518441E+02
    -0.8200644E+02     0.3518423E+02
    -0.8195683E+02     0.3518219E+02
    -0.8187163E+02     0.3517863E+02
    -0.8185683E+02     0.3517952E+02
    -0.8184733E+02     0.3518009E+02
    -0.8183861E+02     0.3517868E+02
    -0.8183858E+02     0.3517776E+02
    -0.8181897E+02     0.3517728E+02
    -0.8179911E+02     0.3517749E+02
    -0.8179514E+02     0.3517596E+02
    -0.8173042E+02     0.3517369E+02
    -0.8169621E+02     0.3517143E+02
    -0.8168980E+02     0.3517203E+02
    -0.8164694E+02     0.3517063E+02
    -0.8162679E+02     0.3517058E+02
    -0.8158195E+02     0.3516828E+02
    -0.8154003E+02     0.3516744E+02
    -0.8153016E+02     0.3516724E+02
    -0.8150493E+02     0.3516544E+02
    -0.8146896E+02     0.3516264E+02
    -0.8146822E+02     0.3516339E+02
    -0.8146487E+02     0.3516341E+02
    -0.8143353E+02     0.3516360E+02
    -0.8142816E+02     0.3516163E+02
    -0.8138588E+02     0.3516035E+02
    -0.8136852E+02     0.3515952E+02
    -0.8133693E+02     0.3516056E+02
    -0.8133326E+02     0.3515925E+02
    -0.8132549E+02     0.3515908E+02
    -0.8132178E+02     0.3515900E+02
    -0.8128397E+02     0.3515714E+02
    -0.8126126E+02     0.3515547E+02
    -0.8123215E+02     0.3515460E+02
    -0.8120637E+02     0.3515274E+02
    -0.8120468E+02     0.3515271E+02
    -0.8119771E+02     0.3515258E+02
    -0.8118706E+02     0.3515238E+02
    -0.8115797E+02     0.3515264E+02
    -0.8115205E+02     0.3515090E+02
    -0.8111986E+02     0.3514959E+02
    -0.8108233E+02     0.3514744E+02
END
END
