south_dakota
1
    -0.1002576E+03     0.4368195E+02
    -0.9851446E+02     0.4299528E+02
    -0.9868590E+02     0.4299276E+02
    -0.9885746E+02     0.4298997E+02
    -0.9902900E+02     0.4298693E+02
    -0.9908962E+02     0.4298759E+02
    -0.9926119E+02     0.4298929E+02
    -0.9943278E+02     0.4299073E+02
    -0.9960437E+02     0.4299190E+02
    -0.9977597E+02     0.4299281E+02
    -0.9994757E+02     0.4299346E+02
    -0.1000000E+03     0.4299359E+02
    -0.1000907E+03     0.4299380E+02
    -0.1001192E+03     0.4299393E+02
    -0.1002908E+03     0.4299455E+02
    -0.1004624E+03     0.4299490E+02
    -0.1006340E+03     0.4299500E+02
    -0.1008056E+03     0.4299483E+02
    -0.1009393E+03     0.4299451E+02
    -0.1009772E+03     0.4299496E+02
    -0.1011488E+03     0.4299681E+02
    -0.1013204E+03     0.4299841E+02
    -0.1014920E+03     0.4299974E+02
    -0.1016517E+03     0.4299912E+02
    -0.1018234E+03     0.4299821E+02
    -0.1019950E+03     0.4299703E+02
    -0.1021666E+03     0.4299559E+02
    -0.1021953E+03     0.4299532E+02
    -0.1023382E+03     0.4299678E+02
    -0.1025098E+03     0.4299829E+02
    -0.1026814E+03     0.4299955E+02
    -0.1028530E+03     0.4300053E+02
    -0.1030246E+03     0.4300126E+02
    -0.1031962E+03     0.4300172E+02
    -0.1033679E+03     0.4300192E+02
    -0.1035395E+03     0.4300186E+02
    -0.1035949E+03     0.4300179E+02
    -0.1037111E+03     0.4300248E+02
    -0.1038827E+03     0.4300328E+02
    -0.1040558E+03     0.4300143E+02
    -0.1040561E+03     0.4304873E+02
    -0.1040566E+03     0.4317458E+02
    -0.1040574E+03     0.4330397E+02
    -0.1040578E+03     0.4337284E+02
    -0.1040586E+03     0.4349870E+02
    -0.1040593E+03     0.4362457E+02
    -0.1040601E+03     0.4375042E+02
    -0.1040609E+03     0.4387628E+02
    -0.1040617E+03     0.4400214E+02
    -0.1040625E+03     0.4412799E+02
    -0.1040628E+03     0.4423879E+02
    -0.1040631E+03     0.4436464E+02
    -0.1040635E+03     0.4449048E+02
    -0.1040638E+03     0.4461632E+02
    -0.1040641E+03     0.4474215E+02
    -0.1040645E+03     0.4486798E+02
    -0.1040648E+03     0.4500000E+02
    -0.1040468E+03     0.4500000E+02
    -0.1040468E+03     0.4506081E+02
    -0.1040468E+03     0.4518662E+02
    -0.1040468E+03     0.4531242E+02
    -0.1040468E+03     0.4543821E+02
    -0.1040468E+03     0.4556399E+02
    -0.1040468E+03     0.4568976E+02
    -0.1040468E+03     0.4581552E+02
    -0.1040468E+03     0.4594127E+02
    -0.1038665E+03     0.4594238E+02
    -0.1036861E+03     0.4594322E+02
    -0.1035057E+03     0.4594379E+02
    -0.1033253E+03     0.4594407E+02
    -0.1031449E+03     0.4594409E+02
    -0.1030372E+03     0.4594397E+02
    -0.1028568E+03     0.4594381E+02
    -0.1026764E+03     0.4594338E+02
    -0.1024960E+03     0.4594267E+02
    -0.1024113E+03     0.4594225E+02
    -0.1023868E+03     0.4593620E+02
    -0.1023171E+03     0.4593695E+02
    -0.1021368E+03     0.4593869E+02
    -0.1019564E+03     0.4594017E+02
    -0.1017760E+03     0.4594136E+02
    -0.1015956E+03     0.4594228E+02
    -0.1014152E+03     0.4594293E+02
    -0.1012348E+03     0.4594330E+02
    -0.1010544E+03     0.4594339E+02
    -0.1008740E+03     0.4594321E+02
    -0.1006936E+03     0.4594275E+02
    -0.1005133E+03     0.4594202E+02
    -0.1003329E+03     0.4594101E+02
    -0.1001525E+03     0.4593973E+02
    -0.1000000E+03     0.4593842E+02
    -0.9997211E+02     0.4593818E+02
    -0.9979176E+02     0.4593634E+02
    -0.9975469E+02     0.4593593E+02
    -0.9957432E+02     0.4593656E+02
    -0.9939394E+02     0.4593690E+02
    -0.9921356E+02     0.4593698E+02
    -0.9903318E+02     0.4593678E+02
    -0.9888685E+02     0.4593641E+02
    -0.9885281E+02     0.4593618E+02
    -0.9867244E+02     0.4593479E+02
    -0.9849209E+02     0.4593312E+02
    -0.9835102E+02     0.4593163E+02
    -0.9831174E+02     0.4593191E+02
    -0.9813139E+02     0.4593303E+02
    -0.9805244E+02     0.4593344E+02
    -0.9787208E+02     0.4593262E+02
    -0.9769173E+02     0.4593152E+02
    -0.9762457E+02     0.4593104E+02
    -0.9751137E+02     0.4593160E+02
    -0.9733101E+02     0.4593227E+02
    -0.9715064E+02     0.4593266E+02
    -0.9697028E+02     0.4593278E+02
    -0.9678991E+02     0.4593262E+02
    -0.9660954E+02     0.4593219E+02
    -0.9657138E+02     0.4593206E+02
    -0.9657138E+02     0.4593206E+02
    -0.9657745E+02     0.4591352E+02
    -0.9657702E+02     0.4586978E+02
    -0.9658158E+02     0.4585767E+02
    -0.9658636E+02     0.4583509E+02
    -0.9659335E+02     0.4582451E+02
    -0.9661684E+02     0.4580043E+02
    -0.9662755E+02     0.4578131E+02
    -0.9663940E+02     0.4576765E+02
    -0.9666586E+02     0.4574476E+02
    -0.9670303E+02     0.4572332E+02
    -0.9675075E+02     0.4570549E+02
    -0.9677750E+02     0.4568929E+02
    -0.9682348E+02     0.4566141E+02
    -0.9684737E+02     0.4565139E+02
    -0.9686211E+02     0.4561722E+02
    -0.9687607E+02     0.4560097E+02
    -0.9685972E+02     0.4558941E+02
    -0.9685435E+02     0.4558669E+02
    -0.9684135E+02     0.4557574E+02
    -0.9683418E+02     0.4557482E+02
    -0.9683093E+02     0.4557284E+02
    -0.9682349E+02     0.4556174E+02
    -0.9680811E+02     0.4555749E+02
    -0.9680177E+02     0.4555231E+02
    -0.9679816E+02     0.4554842E+02
    -0.9677164E+02     0.4551984E+02
    -0.9675901E+02     0.4550207E+02
    -0.9674632E+02     0.4546370E+02
    -0.9672084E+02     0.4543670E+02
    -0.9670191E+02     0.4541662E+02
    -0.9668694E+02     0.4541067E+02
    -0.9665307E+02     0.4541054E+02
    -0.9660892E+02     0.4540353E+02
    -0.9657632E+02     0.4538609E+02
    -0.9656966E+02     0.4538415E+02
    -0.9652509E+02     0.4537120E+02
    -0.9649731E+02     0.4535175E+02
    -0.9645774E+02     0.4529387E+02
    -0.9645774E+02     0.4529387E+02
    -0.9645759E+02     0.4525367E+02
    -0.9645711E+02     0.4512787E+02
    -0.9645663E+02     0.4500206E+02
    -0.9645663E+02     0.4500000E+02
    -0.9645616E+02     0.4487625E+02
    -0.9645569E+02     0.4475042E+02
    -0.9645694E+02     0.4463824E+02
    -0.9645834E+02     0.4451241E+02
    -0.9645973E+02     0.4438657E+02
    -0.9646112E+02     0.4426073E+02
    -0.9646137E+02     0.4423765E+02
    -0.9645996E+02     0.4413489E+02
    -0.9645824E+02     0.4400904E+02
    -0.9645749E+02     0.4395407E+02
    -0.9645763E+02     0.4388319E+02
    -0.9645787E+02     0.4375734E+02
    -0.9645811E+02     0.4363147E+02
    -0.9645835E+02     0.4350562E+02
    -0.9660801E+02     0.4350232E+02
    -0.9660801E+02     0.4350232E+02
    -0.9660508E+02     0.4349923E+02
    -0.9659587E+02     0.4349568E+02
    -0.9659267E+02     0.4349190E+02
    -0.9659544E+02     0.4346564E+02
    -0.9659705E+02     0.4346162E+02
    -0.9659734E+02     0.4346090E+02
    -0.9660583E+02     0.4345641E+02
    -0.9660874E+02     0.4345078E+02
    -0.9660704E+02     0.4344361E+02
    -0.9660358E+02     0.4343890E+02
    -0.9659464E+02     0.4343193E+02
    -0.9658613E+02     0.4343207E+02
    -0.9657839E+02     0.4343476E+02
    -0.9657402E+02     0.4342979E+02
    -0.9657696E+02     0.4342371E+02
    -0.9657545E+02     0.4341815E+02
    -0.9653230E+02     0.4339225E+02
    -0.9653084E+02     0.4338623E+02
    -0.9653261E+02     0.4337429E+02
    -0.9654396E+02     0.4329781E+02
    -0.9654628E+02     0.4329606E+02
    -0.9656264E+02     0.4329553E+02
    -0.9656948E+02     0.4329647E+02
    -0.9657633E+02     0.4330177E+02
    -0.9658132E+02     0.4330219E+02
    -0.9659248E+02     0.4329985E+02
    -0.9659425E+02     0.4329694E+02
    -0.9658900E+02     0.4329124E+02
    -0.9658636E+02     0.4328839E+02
    -0.9658678E+02     0.4328245E+02
    -0.9658961E+02     0.4327774E+02
    -0.9659490E+02     0.4327382E+02
    -0.9659228E+02     0.4327097E+02
    -0.9658405E+02     0.4327204E+02
    -0.9657868E+02     0.4326794E+02
    -0.9657152E+02     0.4326722E+02
    -0.9656673E+02     0.4326383E+02
    -0.9656128E+02     0.4325652E+02
    -0.9656332E+02     0.4324972E+02
    -0.9657349E+02     0.4324323E+02
    -0.9657324E+02     0.4323336E+02
    -0.9656641E+02     0.4322784E+02
    -0.9655553E+02     0.4322651E+02
    -0.9654356E+02     0.4322744E+02
    -0.9653085E+02     0.4322077E+02
    -0.9651772E+02     0.4321920E+02
    -0.9651127E+02     0.4321843E+02
    -0.9649574E+02     0.4322952E+02
    -0.9649036E+02     0.4323024E+02
    -0.9648506E+02     0.4322545E+02
    -0.9647968E+02     0.4321287E+02
    -0.9647749E+02     0.4319514E+02
    -0.9647850E+02     0.4318097E+02
    -0.9647363E+02     0.4315695E+02
    -0.9646339E+02     0.4314235E+02
    -0.9645414E+02     0.4313613E+02
    -0.9645145E+02     0.4313432E+02
    -0.9644817E+02     0.4312320E+02
    -0.9646146E+02     0.4310354E+02
    -0.9646646E+02     0.4309044E+02
    -0.9646674E+02     0.4307785E+02
    -0.9647014E+02     0.4306950E+02
    -0.9646912E+02     0.4306625E+02
    -0.9648492E+02     0.4306388E+02
    -0.9650549E+02     0.4305160E+02
    -0.9652273E+02     0.4304652E+02
    -0.9652638E+02     0.4304345E+02
    -0.9651727E+02     0.4303532E+02
    -0.9651720E+02     0.4302729E+02
    -0.9651551E+02     0.4302471E+02
    -0.9650072E+02     0.4301727E+02
    -0.9649928E+02     0.4301103E+02
    -0.9650241E+02     0.4300656E+02
    -0.9651712E+02     0.4299727E+02
    -0.9652519E+02     0.4298910E+02
    -0.9652720E+02     0.4298276E+02
    -0.9652379E+02     0.4297346E+02
    -0.9651608E+02     0.4297202E+02
    -0.9651138E+02     0.4296795E+02
    -0.9651151E+02     0.4296154E+02
    -0.9651862E+02     0.4294920E+02
    -0.9651826E+02     0.4294529E+02
    -0.9652805E+02     0.4293925E+02
    -0.9652711E+02     0.4293486E+02
    -0.9652942E+02     0.4293311E+02
    -0.9653900E+02     0.4293439E+02
    -0.9654584E+02     0.4293030E+02
    -0.9655106E+02     0.4292247E+02
    -0.9655254E+02     0.4291474E+02
    -0.9654969E+02     0.4290180E+02
    -0.9654742E+02     0.4289850E+02
    -0.9654171E+02     0.4289553E+02
    -0.9654105E+02     0.4289162E+02
    -0.9654740E+02     0.4288544E+02
    -0.9654744E+02     0.4288399E+02
    -0.9654760E+02     0.4287811E+02
    -0.9655579E+02     0.4287247E+02
    -0.9655867E+02     0.4286684E+02
    -0.9655757E+02     0.4286016E+02
    -0.9655371E+02     0.4285291E+02
    -0.9655511E+02     0.4285067E+02
    -0.9656412E+02     0.4284666E+02
    -0.9656687E+02     0.4284286E+02
    -0.9656562E+02     0.4283846E+02
    -0.9657145E+02     0.4283524E+02
    -0.9657344E+02     0.4282890E+02
    -0.9658080E+02     0.4283055E+02
    -0.9658240E+02     0.4283451E+02
    -0.9658613E+02     0.4283465E+02
    -0.9658910E+02     0.4283224E+02
    -0.9659492E+02     0.4282008E+02
    -0.9660065E+02     0.4281366E+02
    -0.9660263E+02     0.4280754E+02
    -0.9660213E+02     0.4280111E+02
    -0.9660465E+02     0.4279616E+02
    -0.9660922E+02     0.4279124E+02
    -0.9661205E+02     0.4278819E+02
    -0.9661782E+02     0.4278565E+02
    -0.9662563E+02     0.4278526E+02
    -0.9662993E+02     0.4278152E+02
    -0.9663721E+02     0.4277056E+02
    -0.9663959E+02     0.4276309E+02
    -0.9663828E+02     0.4275937E+02
    -0.9663248E+02     0.4275778E+02
    -0.9663268E+02     0.4275481E+02
    -0.9663918E+02     0.4274612E+02
    -0.9664262E+02     0.4273662E+02
    -0.9663676E+02     0.4271761E+02
    -0.9663029E+02     0.4270752E+02
    -0.9662112E+02     0.4270076E+02
    -0.9660951E+02     0.4269781E+02
    -0.9660457E+02     0.4269281E+02
    -0.9659465E+02     0.4269244E+02
    -0.9658953E+02     0.4268560E+02
    -0.9658241E+02     0.4268075E+02
    -0.9658241E+02     0.4267617E+02
    -0.9657545E+02     0.4267797E+02
    -0.9657176E+02     0.4267737E+02
    -0.9656764E+02     0.4267401E+02
    -0.9656583E+02     0.4266867E+02
    -0.9656718E+02     0.4266276E+02
    -0.9656367E+02     0.4265942E+02
    -0.9655901E+02     0.4265948E+02
    -0.9655515E+02     0.4266139E+02
    -0.9655023E+02     0.4266075E+02
    -0.9654778E+02     0.4265661E+02
    -0.9654244E+02     0.4264762E+02
    -0.9653036E+02     0.4263822E+02
    -0.9652696E+02     0.4263351E+02
    -0.9652602E+02     0.4262935E+02
    -0.9652798E+02     0.4262347E+02
    -0.9653320E+02     0.4261977E+02
    -0.9653370E+02     0.4261704E+02
    -0.9653082E+02     0.4261372E+02
    -0.9652465E+02     0.4261325E+02
    -0.9651825E+02     0.4261599E+02
    -0.9650919E+02     0.4260350E+02
    -0.9649892E+02     0.4258179E+02
    -0.9650613E+02     0.4257634E+02
    -0.9650416E+02     0.4256458E+02
    -0.9650089E+02     0.4256239E+02
    -0.9649104E+02     0.4256133E+02
    -0.9648798E+02     0.4255639E+02
    -0.9648775E+02     0.4253759E+02
    -0.9648882E+02     0.4253572E+02
    -0.9649199E+02     0.4253020E+02
    -0.9649974E+02     0.4252568E+02
    -0.9650124E+02     0.4252207E+02
    -0.9649903E+02     0.4251809E+02
    -0.9648722E+02     0.4251420E+02
    -0.9648435E+02     0.4251088E+02
    -0.9648106E+02     0.4250044E+02
    -0.9646918E+02     0.4248973E+02
    -0.9648279E+02     0.4248770E+02
    -0.9649208E+02     0.4248632E+02
    -0.9650594E+02     0.4249165E+02
    -0.9653112E+02     0.4251081E+02
    -0.9654856E+02     0.4252058E+02
    -0.9655875E+02     0.4252288E+02
    -0.9657116E+02     0.4252145E+02
    -0.9658264E+02     0.4251471E+02
    -0.9659454E+02     0.4251133E+02
    -0.9660823E+02     0.4250994E+02
    -0.9661894E+02     0.4251418E+02
    -0.9662565E+02     0.4252018E+02
    -0.9662742E+02     0.4254130E+02
    -0.9663431E+02     0.4255400E+02
    -0.9664780E+02     0.4256504E+02
    -0.9668336E+02     0.4258289E+02
    -0.9669730E+02     0.4258987E+02
    -0.9671268E+02     0.4261150E+02
    -0.9671332E+02     0.4262109E+02
    -0.9670101E+02     0.4264935E+02
    -0.9670119E+02     0.4265606E+02
    -0.9670583E+02     0.4266436E+02
    -0.9673787E+02     0.4267033E+02
    -0.9675077E+02     0.4266876E+02
    -0.9678303E+02     0.4266481E+02
    -0.9680025E+02     0.4266926E+02
    -0.9680914E+02     0.4268203E+02
    -0.9681119E+02     0.4269024E+02
    -0.9681042E+02     0.4270169E+02
    -0.9681989E+02     0.4270586E+02
    -0.9684484E+02     0.4271154E+02
    -0.9687773E+02     0.4272287E+02
    -0.9688359E+02     0.4272489E+02
    -0.9691658E+02     0.4272701E+02
    -0.9695908E+02     0.4272276E+02
    -0.9696859E+02     0.4272643E+02
    -0.9696724E+02     0.4273739E+02
    -0.9696900E+02     0.4275037E+02
    -0.9697253E+02     0.4275624E+02
    -0.9698130E+02     0.4276133E+02
    -0.9699226E+02     0.4276266E+02
    -0.9700085E+02     0.4276057E+02
    -0.9700582E+02     0.4276058E+02
    -0.9701580E+02     0.4276060E+02
    -0.9702732E+02     0.4276339E+02
    -0.9704813E+02     0.4276314E+02
    -0.9709151E+02     0.4276604E+02
    -0.9713001E+02     0.4277402E+02
    -0.9715096E+02     0.4278237E+02
    -0.9716524E+02     0.4279337E+02
    -0.9717643E+02     0.4280187E+02
    -0.9720907E+02     0.4281059E+02
    -0.9721624E+02     0.4281888E+02
    -0.9721758E+02     0.4282043E+02
    -0.9722643E+02     0.4284656E+02
    -0.9723396E+02     0.4285111E+02
    -0.9724676E+02     0.4285487E+02
    -0.9726294E+02     0.4285635E+02
    -0.9728579E+02     0.4285516E+02
    -0.9731396E+02     0.4286323E+02
    -0.9732761E+02     0.4286366E+02
    -0.9735232E+02     0.4285919E+02
    -0.9735918E+02     0.4285794E+02
    -0.9739770E+02     0.4286727E+02
    -0.9741470E+02     0.4286588E+02
    -0.9745212E+02     0.4284884E+02
    -0.9745667E+02     0.4284898E+02
    -0.9749238E+02     0.4286201E+02
    -0.9750793E+02     0.4286343E+02
    -0.9751024E+02     0.4286299E+02
    -0.9754674E+02     0.4285597E+02
    -0.9759170E+02     0.4285489E+02
    -0.9761309E+02     0.4285647E+02
    -0.9767940E+02     0.4284939E+02
    -0.9768377E+02     0.4284892E+02
    -0.9776096E+02     0.4285346E+02
    -0.9779184E+02     0.4286053E+02
    -0.9781059E+02     0.4286295E+02
    -0.9782819E+02     0.4286247E+02
    -0.9784790E+02     0.4285869E+02
    -0.9787588E+02     0.4284557E+02
    -0.9789273E+02     0.4283358E+02
    -0.9791252E+02     0.4281449E+02
    -0.9792634E+02     0.4279763E+02
    -0.9794273E+02     0.4278505E+02
    -0.9794321E+02     0.4278468E+02
    -0.9796319E+02     0.4277467E+02
    -0.9797707E+02     0.4276976E+02
    -0.9799468E+02     0.4276830E+02
    -0.9803351E+02     0.4277168E+02
    -0.9806030E+02     0.4278239E+02
    -0.9808241E+02     0.4279633E+02
    -0.9809400E+02     0.4280251E+02
    -0.9813319E+02     0.4282339E+02
    -0.9813987E+02     0.4283408E+02
    -0.9814940E+02     0.4283909E+02
    -0.9819981E+02     0.4284651E+02
    -0.9823843E+02     0.4286144E+02
    -0.9826701E+02     0.4287247E+02
    -0.9828828E+02     0.4287726E+02
    -0.9831134E+02     0.4288591E+02
    -0.9836084E+02     0.4290089E+02
    -0.9838685E+02     0.4291772E+02
    -0.9838914E+02     0.4291872E+02
    -0.9840988E+02     0.4292779E+02
    -0.9844668E+02     0.4293623E+02
    -0.9846209E+02     0.4294182E+02
    -0.9847471E+02     0.4295213E+02
    -0.9850890E+02     0.4299445E+02
    -0.9851446E+02     0.4299528E+02
END
END
