tennessee
1
    -0.8771667E+02     0.3593324E+02
    -0.8952170E+02     0.3639764E+02
    -0.8952248E+02     0.3640096E+02
    -0.8954979E+02     0.3644014E+02
    -0.8954880E+02     0.3644424E+02
    -0.8954436E+02     0.3644919E+02
    -0.8952564E+02     0.3645610E+02
    -0.8952325E+02     0.3645883E+02
    -0.8952209E+02     0.3646015E+02
    -0.8952125E+02     0.3646770E+02
    -0.8952253E+02     0.3647967E+02
    -0.8953918E+02     0.3651585E+02
    -0.8955327E+02     0.3653568E+02
    -0.8955785E+02     0.3655116E+02
    -0.8955417E+02     0.3655888E+02
    -0.8953727E+02     0.3656996E+02
    -0.8953541E+02     0.3657082E+02
    -0.8951498E+02     0.3658023E+02
    -0.8950529E+02     0.3658047E+02
    -0.8949259E+02     0.3657742E+02
    -0.8948016E+02     0.3656703E+02
    -0.8947091E+02     0.3655510E+02
    -0.8946752E+02     0.3654654E+02
    -0.8946960E+02     0.3652020E+02
    -0.8948187E+02     0.3649746E+02
    -0.8949063E+02     0.3648122E+02
    -0.8949173E+02     0.3646633E+02
    -0.8948782E+02     0.3645637E+02
    -0.8947608E+02     0.3645104E+02
    -0.8946552E+02     0.3645240E+02
    -0.8946056E+02     0.3645595E+02
    -0.8943754E+02     0.3647904E+02
    -0.8941762E+02     0.3650266E+02
    -0.8940856E+02     0.3650152E+02
    -0.8936604E+02     0.3650531E+02
    -0.8933775E+02     0.3650897E+02
    -0.8930072E+02     0.3651012E+02
    -0.8926906E+02     0.3650950E+02
    -0.8911272E+02     0.3650634E+02
    -0.8910147E+02     0.3650611E+02
    -0.8895635E+02     0.3650557E+02
    -0.8879998E+02     0.3650480E+02
    -0.8873143E+02     0.3650446E+02
    -0.8864272E+02     0.3650463E+02
    -0.8859087E+02     0.3650471E+02
    -0.8854430E+02     0.3650280E+02
    -0.8848640E+02     0.3650335E+02
    -0.8840426E+02     0.3650407E+02
    -0.8833005E+02     0.3650302E+02
    -0.8828065E+02     0.3650193E+02
    -0.8820897E+02     0.3650032E+02
    -0.8819553E+02     0.3650171E+02
    -0.8812442E+02     0.3650110E+02
    -0.8805445E+02     0.3650047E+02
    -0.8804169E+02     0.3651540E+02
    -0.8803704E+02     0.3653291E+02
    -0.8803847E+02     0.3656419E+02
    -0.8803902E+02     0.3656649E+02
    -0.8804659E+02     0.3659823E+02
    -0.8804899E+02     0.3660130E+02
    -0.8807008E+02     0.3666977E+02
    -0.8806854E+02     0.3667730E+02
    -0.8805836E+02     0.3668107E+02
    -0.8805466E+02     0.3668082E+02
    -0.8789852E+02     0.3667013E+02
    -0.8785350E+02     0.3666701E+02
    -0.8785088E+02     0.3666301E+02
    -0.8785218E+02     0.3663504E+02
    -0.8778111E+02     0.3663673E+02
    -0.8762453E+02     0.3664029E+02
    -0.8755099E+02     0.3664190E+02
    -0.8746790E+02     0.3664239E+02
    -0.8739136E+02     0.3664469E+02
    -0.8738515E+02     0.3664442E+02
    -0.8737991E+02     0.3664627E+02
    -0.8737087E+02     0.3664475E+02
    -0.8728948E+02     0.3664568E+02
    -0.8723608E+02     0.3664443E+02
    -0.8715380E+02     0.3664180E+02
    -0.8709870E+02     0.3664179E+02
    -0.8699727E+02     0.3664579E+02
    -0.8684077E+02     0.3665180E+02
    -0.8681126E+02     0.3665291E+02
    -0.8677792E+02     0.3665205E+02
    -0.8668423E+02     0.3665499E+02
    -0.8659436E+02     0.3665775E+02
    -0.8658370E+02     0.3665127E+02
    -0.8655370E+02     0.3665158E+02
    -0.8644917E+02     0.3665308E+02
    -0.8642841E+02     0.3665286E+02
    -0.8634737E+02     0.3665199E+02
    -0.8630098E+02     0.3664670E+02
    -0.8627226E+02     0.3664540E+02
    -0.8611587E+02     0.3663820E+02
    -0.8602172E+02     0.3663429E+02
    -0.8600832E+02     0.3663419E+02
    -0.8600000E+02     0.3663278E+02
    -0.8597975E+02     0.3663195E+02
    -0.8592219E+02     0.3663011E+02
    -0.8590967E+02     0.3662736E+02
    -0.8589517E+02     0.3662816E+02
    -0.8587637E+02     0.3662875E+02
    -0.8585515E+02     0.3662762E+02
    -0.8579484E+02     0.3662702E+02
    -0.8576089E+02     0.3662749E+02
    -0.8571501E+02     0.3662515E+02
    -0.8569409E+02     0.3662421E+02
    -0.8566096E+02     0.3662415E+02
    -0.8564359E+02     0.3662462E+02
    -0.8560411E+02     0.3662373E+02
    -0.8554479E+02     0.3662112E+02
    -0.8552833E+02     0.3662221E+02
    -0.8551743E+02     0.3662163E+02
    -0.8549117E+02     0.3662162E+02
    -0.8547144E+02     0.3662127E+02
    -0.8544296E+02     0.3662206E+02
    -0.8537775E+02     0.3662059E+02
    -0.8534570E+02     0.3661970E+02
    -0.8533161E+02     0.3661835E+02
    -0.8528086E+02     0.3661908E+02
    -0.8527173E+02     0.3661908E+02
    -0.8520212E+02     0.3661957E+02
    -0.8519313E+02     0.3661772E+02
    -0.8515804E+02     0.3661785E+02
    -0.8514307E+02     0.3661629E+02
    -0.8509266E+02     0.3661761E+02
    -0.8505939E+02     0.3661555E+02
    -0.8502135E+02     0.3661441E+02
    -0.8500000E+02     0.3661481E+02
    -0.8498972E+02     0.3661501E+02
    -0.8497365E+02     0.3661371E+02
    -0.8495721E+02     0.3661128E+02
    -0.8495244E+02     0.3661243E+02
    -0.8492490E+02     0.3661052E+02
    -0.8490426E+02     0.3660920E+02
    -0.8483602E+02     0.3660459E+02
    -0.8481973E+02     0.3660420E+02
    -0.8480135E+02     0.3660253E+02
    -0.8478190E+02     0.3660182E+02
    -0.8476492E+02     0.3659962E+02
    -0.8474486E+02     0.3659847E+02
    -0.8471548E+02     0.3659844E+02
    -0.8470121E+02     0.3659840E+02
    -0.8463291E+02     0.3659667E+02
    -0.8459589E+02     0.3659741E+02
    -0.8454985E+02     0.3659579E+02
    -0.8451792E+02     0.3659605E+02
    -0.8446541E+02     0.3659560E+02
    -0.8444592E+02     0.3659415E+02
    -0.8444421E+02     0.3659420E+02
    -0.8442713E+02     0.3659473E+02
    -0.8440485E+02     0.3659409E+02
    -0.8440479E+02     0.3659317E+02
    -0.8438548E+02     0.3659446E+02
    -0.8436482E+02     0.3659259E+02
    -0.8433578E+02     0.3659337E+02
    -0.8428809E+02     0.3659241E+02
    -0.8425422E+02     0.3659337E+02
    -0.8424250E+02     0.3659295E+02
    -0.8421841E+02     0.3659073E+02
    -0.8420338E+02     0.3659204E+02
    -0.8418338E+02     0.3659150E+02
    -0.8417925E+02     0.3658937E+02
    -0.8416108E+02     0.3659058E+02
    -0.8413470E+02     0.3659025E+02
    -0.8412054E+02     0.3658971E+02
    -0.8408048E+02     0.3658814E+02
    -0.8407503E+02     0.3658696E+02
    -0.8406245E+02     0.3658677E+02
    -0.8405190E+02     0.3658661E+02
    -0.8403365E+02     0.3658633E+02
    -0.8402894E+02     0.3658399E+02
    -0.8401978E+02     0.3658344E+02
    -0.8397855E+02     0.3658531E+02
    -0.8397281E+02     0.3658462E+02
    -0.8390720E+02     0.3658398E+02
    -0.8386096E+02     0.3658302E+02
    -0.8381957E+02     0.3658208E+02
    -0.8380107E+02     0.3658256E+02
    -0.8377396E+02     0.3658199E+02
    -0.8374181E+02     0.3658156E+02
    -0.8373801E+02     0.3658151E+02
    -0.8372172E+02     0.3658074E+02
    -0.8369636E+02     0.3658100E+02
    -0.8368754E+02     0.3659121E+02
    -0.8367748E+02     0.3659798E+02
    -0.8367303E+02     0.3659657E+02
    -0.8361973E+02     0.3659693E+02
    -0.8360721E+02     0.3659652E+02
    -0.8359317E+02     0.3659606E+02
    -0.8357442E+02     0.3659720E+02
    -0.8356014E+02     0.3659680E+02
    -0.8352512E+02     0.3659760E+02
    -0.8350345E+02     0.3659746E+02
    -0.8345128E+02     0.3659747E+02
    -0.8342564E+02     0.3659792E+02
    -0.8335867E+02     0.3659818E+02
    -0.8333044E+02     0.3659800E+02
    -0.8329628E+02     0.3659893E+02
    -0.8327812E+02     0.3659518E+02
    -0.8327027E+02     0.3659223E+02
    -0.8323441E+02     0.3659321E+02
    -0.8319962E+02     0.3659299E+02
    -0.8318757E+02     0.3659132E+02
    -0.8318761E+02     0.3659224E+02
    -0.8316112E+02     0.3659242E+02
    -0.8312063E+02     0.3659214E+02
    -0.8308957E+02     0.3659222E+02
    -0.8305192E+02     0.3659160E+02
    -0.8303084E+02     0.3659181E+02
    -0.8297436E+02     0.3659084E+02
    -0.8292677E+02     0.3659094E+02
    -0.8292073E+02     0.3658974E+02
    -0.8283533E+02     0.3659166E+02
    -0.8279314E+02     0.3659143E+02
    -0.8278345E+02     0.3659138E+02
    -0.8277006E+02     0.3659155E+02
    -0.8273566E+02     0.3659325E+02
    -0.8265581E+02     0.3659357E+02
    -0.8252925E+02     0.3659407E+02
    -0.8250912E+02     0.3659348E+02
    -0.8250320E+02     0.3659502E+02
    -0.8248499E+02     0.3659575E+02
    -0.8247384E+02     0.3659467E+02
    -0.8245470E+02     0.3659381E+02
    -0.8243138E+02     0.3659467E+02
    -0.8238010E+02     0.3659489E+02
    -0.8235954E+02     0.3659382E+02
    -0.8235046E+02     0.3659497E+02
    -0.8234186E+02     0.3659359E+02
    -0.8232307E+02     0.3659385E+02
    -0.8230846E+02     0.3659216E+02
    -0.8229112E+02     0.3659307E+02
    -0.8226746E+02     0.3659351E+02
    -0.8208733E+02     0.3659123E+02
    -0.8207417E+02     0.3658971E+02
    -0.8205992E+02     0.3658959E+02
    -0.8205570E+02     0.3659107E+02
    -0.8196146E+02     0.3659258E+02
    -0.8194322E+02     0.3659253E+02
    -0.8194022E+02     0.3659605E+02
    -0.8192892E+02     0.3661536E+02
    -0.8190978E+02     0.3661395E+02
    -0.8189843E+02     0.3661536E+02
    -0.8181316E+02     0.3661333E+02
    -0.8179492E+02     0.3661349E+02
    -0.8177980E+02     0.3661290E+02
    -0.8177977E+02     0.3661198E+02
    -0.8176411E+02     0.3661232E+02
    -0.8171251E+02     0.3661157E+02
    -0.8166632E+02     0.3661069E+02
    -0.8165771E+02     0.3660902E+02
    -0.8166015E+02     0.3660484E+02
    -0.8167403E+02     0.3659331E+02
    -0.8167642E+02     0.3658799E+02
    -0.8167985E+02     0.3658814E+02
    -0.8168732E+02     0.3657237E+02
    -0.8169316E+02     0.3655021E+02
    -0.8169413E+02     0.3653595E+02
    -0.8169299E+02     0.3651807E+02
    -0.8169118E+02     0.3651512E+02
    -0.8169069E+02     0.3649079E+02
    -0.8169633E+02     0.3647139E+02
    -0.8170192E+02     0.3645061E+02
    -0.8171693E+02     0.3642228E+02
    -0.8173551E+02     0.3639939E+02
    -0.8173751E+02     0.3639085E+02
    -0.8173360E+02     0.3637532E+02
    -0.8172530E+02     0.3635598E+02
    -0.8172480E+02     0.3634933E+02
    -0.8172651E+02     0.3634080E+02
    -0.8174413E+02     0.3634134E+02
    -0.8174667E+02     0.3634060E+02
    -0.8175548E+02     0.3634087E+02
    -0.8176013E+02     0.3634422E+02
    -0.8177347E+02     0.3635243E+02
    -0.8178987E+02     0.3635897E+02
    -0.8180299E+02     0.3636075E+02
    -0.8181831E+02     0.3636019E+02
    -0.8183960E+02     0.3635122E+02
    -0.8185679E+02     0.3633891E+02
    -0.8186993E+02     0.3632460E+02
    -0.8187656E+02     0.3631918E+02
    -0.8187981E+02     0.3631451E+02
    -0.8189389E+02     0.3630294E+02
    -0.8190546E+02     0.3629281E+02
    -0.8192004E+02     0.3627962E+02
    -0.8192904E+02     0.3626908E+02
    -0.8193401E+02     0.3626507E+02
    -0.8195110E+02     0.3624309E+02
    -0.8196302E+02     0.3622720E+02
    -0.8198141E+02     0.3620220E+02
    -0.8199323E+02     0.3617552E+02
    -0.8200055E+02     0.3615858E+02
    -0.8201276E+02     0.3614337E+02
    -0.8202731E+02     0.3613040E+02
    -0.8204646E+02     0.3611984E+02
    -0.8206409E+02     0.3611414E+02
    -0.8208048E+02     0.3611306E+02
    -0.8209016E+02     0.3610662E+02
    -0.8209637E+02     0.3610624E+02
    -0.8210180E+02     0.3610749E+02
    -0.8211173E+02     0.3610735E+02
    -0.8212331E+02     0.3610720E+02
    -0.8212897E+02     0.3611486E+02
    -0.8213119E+02     0.3612859E+02
    -0.8213361E+02     0.3613266E+02
    -0.8214703E+02     0.3614336E+02
    -0.8218468E+02     0.3614978E+02
    -0.8220540E+02     0.3615821E+02
    -0.8221455E+02     0.3616028E+02
    -0.8222116E+02     0.3615552E+02
    -0.8222237E+02     0.3615021E+02
    -0.8223294E+02     0.3614512E+02
    -0.8225343E+02     0.3613266E+02
    -0.8227518E+02     0.3613118E+02
    -0.8229308E+02     0.3613279E+02
    -0.8230849E+02     0.3612825E+02
    -0.8231276E+02     0.3612883E+02
    -0.8232986E+02     0.3612425E+02
    -0.8236275E+02     0.3611122E+02
    -0.8238084E+02     0.3610339E+02
    -0.8239571E+02     0.3609289E+02
    -0.8240877E+02     0.3607991E+02
    -0.8241422E+02     0.3607023E+02
    -0.8242456E+02     0.3605789E+02
    -0.8243895E+02     0.3603614E+02
    -0.8245780E+02     0.3601312E+02
    -0.8247392E+02     0.3599959E+02
    -0.8250050E+02     0.3598577E+02
    -0.8252409E+02     0.3597523E+02
    -0.8254046E+02     0.3596812E+02
    -0.8256299E+02     0.3595945E+02
    -0.8257455E+02     0.3595889E+02
    -0.8258462E+02     0.3596274E+02
    -0.8260327E+02     0.3596267E+02
    -0.8261042E+02     0.3596453E+02
    -0.8261210E+02     0.3597069E+02
    -0.8260926E+02     0.3597697E+02
    -0.8261075E+02     0.3599163E+02
    -0.8261044E+02     0.3600404E+02
    -0.8260618E+02     0.3601680E+02
    -0.8259467E+02     0.3602539E+02
    -0.8258936E+02     0.3603358E+02
    -0.8259008E+02     0.3603701E+02
    -0.8259541E+02     0.3604237E+02
    -0.8260496E+02     0.3604738E+02
    -0.8260823E+02     0.3605096E+02
    -0.8261818E+02     0.3605849E+02
    -0.8263089E+02     0.3606433E+02
    -0.8264729E+02     0.3606409E+02
    -0.8265981E+02     0.3605913E+02
    -0.8267640E+02     0.3605015E+02
    -0.8271928E+02     0.3602822E+02
    -0.8274474E+02     0.3601553E+02
    -0.8274991E+02     0.3601101E+02
    -0.8275491E+02     0.3600903E+02
    -0.8277703E+02     0.3599160E+02
    -0.8278436E+02     0.3598472E+02
    -0.8278862E+02     0.3596667E+02
    -0.8279174E+02     0.3596061E+02
    -0.8279240E+02     0.3595645E+02
    -0.8280009E+02     0.3594542E+02
    -0.8280568E+02     0.3593170E+02
    -0.8281428E+02     0.3592202E+02
    -0.8282191E+02     0.3592202E+02
    -0.8284470E+02     0.3593833E+02
    -0.8285632E+02     0.3594487E+02
    -0.8286632E+02     0.3594732E+02
    -0.8287904E+02     0.3594738E+02
    -0.8289399E+02     0.3594484E+02
    -0.8290401E+02     0.3594125E+02
    -0.8290996E+02     0.3593600E+02
    -0.8292137E+02     0.3592195E+02
    -0.8291970E+02     0.3591052E+02
    -0.8290860E+02     0.3589685E+02
    -0.8290280E+02     0.3587566E+02
    -0.8290586E+02     0.3586868E+02
    -0.8291402E+02     0.3586797E+02
    -0.8292085E+02     0.3586293E+02
    -0.8292484E+02     0.3585798E+02
    -0.8292520E+02     0.3584166E+02
    -0.8292779E+02     0.3583675E+02
    -0.8294009E+02     0.3582810E+02
    -0.8295652E+02     0.3581173E+02
    -0.8296284E+02     0.3580234E+02
    -0.8297068E+02     0.3578923E+02
    -0.8297839E+02     0.3577934E+02
    -0.8298962E+02     0.3577232E+02
    -0.8299632E+02     0.3577095E+02
    -0.8300432E+02     0.3577300E+02
    -0.8301130E+02     0.3577737E+02
    -0.8301948E+02     0.3577847E+02
    -0.8302095E+02     0.3577867E+02
    -0.8303331E+02     0.3578333E+02
    -0.8305520E+02     0.3578676E+02
    -0.8307917E+02     0.3578667E+02
    -0.8309579E+02     0.3578038E+02
    -0.8309933E+02     0.3577774E+02
    -0.8310578E+02     0.3577133E+02
    -0.8311073E+02     0.3576864E+02
    -0.8313152E+02     0.3576727E+02
    -0.8315171E+02     0.3576476E+02
    -0.8315551E+02     0.3576188E+02
    -0.8316275E+02     0.3576003E+02
    -0.8317055E+02     0.3575241E+02
    -0.8317875E+02     0.3573606E+02
    -0.8318410E+02     0.3573037E+02
    -0.8319149E+02     0.3572598E+02
    -0.8320525E+02     0.3572483E+02
    -0.8323440E+02     0.3572707E+02
    -0.8324752E+02     0.3572456E+02
    -0.8325330E+02     0.3572183E+02
    -0.8325533E+02     0.3571740E+02
    -0.8325563E+02     0.3570682E+02
    -0.8326224E+02     0.3569281E+02
    -0.8326701E+02     0.3568713E+02
    -0.8327802E+02     0.3568193E+02
    -0.8328964E+02     0.3567234E+02
    -0.8329716E+02     0.3565990E+02
    -0.8330629E+02     0.3565660E+02
    -0.8331106E+02     0.3565621E+02
    -0.8332917E+02     0.3566316E+02
    -0.8334042E+02     0.3566300E+02
    -0.8334515E+02     0.3566169E+02
    -0.8335275E+02     0.3565614E+02
    -0.8336298E+02     0.3564177E+02
    -0.8336844E+02     0.3563859E+02
    -0.8338474E+02     0.3563273E+02
    -0.8339658E+02     0.3562243E+02
    -0.8341003E+02     0.3561576E+02
    -0.8341581E+02     0.3561325E+02
    -0.8343785E+02     0.3560948E+02
    -0.8344293E+02     0.3560976E+02
    -0.8344997E+02     0.3560445E+02
    -0.8345491E+02     0.3560221E+02
    -0.8346037E+02     0.3559374E+02
    -0.8347179E+02     0.3558644E+02
    -0.8348107E+02     0.3558105E+02
    -0.8349052E+02     0.3556853E+02
    -0.8350581E+02     0.3556499E+02
    -0.8352508E+02     0.3556223E+02
    -0.8352960E+02     0.3556275E+02
    -0.8353987E+02     0.3556008E+02
    -0.8356406E+02     0.3555988E+02
    -0.8357957E+02     0.3556069E+02
    -0.8358998E+02     0.3556559E+02
    -0.8360521E+02     0.3557629E+02
    -0.8361390E+02     0.3557574E+02
    -0.8364001E+02     0.3556466E+02
    -0.8365602E+02     0.3556406E+02
    -0.8367559E+02     0.3556677E+02
    -0.8369636E+02     0.3556576E+02
    -0.8371164E+02     0.3556725E+02
    -0.8372466E+02     0.3556354E+02
    -0.8374567E+02     0.3556205E+02
    -0.8376095E+02     0.3555847E+02
    -0.8377161E+02     0.3555783E+02
    -0.8380074E+02     0.3554108E+02
    -0.8382996E+02     0.3552110E+02
    -0.8385174E+02     0.3551841E+02
    -0.8385777E+02     0.3552048E+02
    -0.8387173E+02     0.3551878E+02
    -0.8387886E+02     0.3551574E+02
    -0.8389092E+02     0.3550562E+02
    -0.8390092E+02     0.3549396E+02
    -0.8390116E+02     0.3548866E+02
    -0.8390598E+02     0.3547974E+02
    -0.8391202E+02     0.3547743E+02
    -0.8392347E+02     0.3547318E+02
    -0.8392347E+02     0.3547318E+02
    -0.8394633E+02     0.3546342E+02
    -0.8395394E+02     0.3545921E+02
    -0.8397679E+02     0.3544197E+02
    -0.8398569E+02     0.3544047E+02
    -0.8399655E+02     0.3543406E+02
    -0.8401720E+02     0.3540862E+02
    -0.8401839E+02     0.3540053E+02
    -0.8401072E+02     0.3538981E+02
    -0.8400895E+02     0.3537448E+02
    -0.8400945E+02     0.3536872E+02
    -0.8401350E+02     0.3536143E+02
    -0.8403422E+02     0.3534679E+02
    -0.8403713E+02     0.3533932E+02
    -0.8403226E+02     0.3532848E+02
    -0.8403475E+02     0.3531873E+02
    -0.8403106E+02     0.3530877E+02
    -0.8402779E+02     0.3529649E+02
    -0.8403192E+02     0.3528598E+02
    -0.8403608E+02     0.3528052E+02
    -0.8403748E+02     0.3528046E+02
    -0.8404591E+02     0.3527161E+02
    -0.8405763E+02     0.3526608E+02
    -0.8406461E+02     0.3526096E+02
    -0.8407182E+02     0.3525975E+02
    -0.8408615E+02     0.3525111E+02
    -0.8409599E+02     0.3524703E+02
    -0.8411526E+02     0.3524577E+02
    -0.8413034E+02     0.3524032E+02
    -0.8415902E+02     0.3524165E+02
    -0.8417418E+02     0.3523757E+02
    -0.8419237E+02     0.3523703E+02
    -0.8419835E+02     0.3524299E+02
    -0.8420120E+02     0.3525275E+02
    -0.8420634E+02     0.3525851E+02
    -0.8421618E+02     0.3526338E+02
    -0.8422599E+02     0.3526343E+02
    -0.8423683E+02     0.3525745E+02
    -0.8426736E+02     0.3523500E+02
    -0.8428385E+02     0.3522533E+02
    -0.8429072E+02     0.3521883E+02
    -0.8429311E+02     0.3521229E+02
    -0.8429561E+02     0.3519448E+02
    -0.8429447E+02     0.3517683E+02
    -0.8429832E+02     0.3516700E+02
    -0.8429704E+02     0.3515993E+02
    -0.8429897E+02     0.3514215E+02
    -0.8430837E+02     0.3507066E+02
    -0.8430875E+02     0.3506771E+02
    -0.8431134E+02     0.3506001E+02
    -0.8431137E+02     0.3505173E+02
    -0.8431325E+02     0.3503303E+02
    -0.8431556E+02     0.3502121E+02
    -0.8431763E+02     0.3500000E+02
    -0.8433360E+02     0.3500000E+02
    -0.8441690E+02     0.3500000E+02
    -0.8450020E+02     0.3500000E+02
    -0.8458350E+02     0.3500000E+02
    -0.8466680E+02     0.3500000E+02
    -0.8475010E+02     0.3500000E+02
    -0.8483340E+02     0.3500000E+02
    -0.8491670E+02     0.3500000E+02
    -0.8500000E+02     0.3500000E+02
    -0.8500200E+02     0.3500000E+02
    -0.8508530E+02     0.3500000E+02
    -0.8516860E+02     0.3500000E+02
    -0.8525190E+02     0.3500000E+02
    -0.8533520E+02     0.3500000E+02
    -0.8541850E+02     0.3500000E+02
    -0.8550180E+02     0.3500000E+02
    -0.8558510E+02     0.3500000E+02
    -0.8560789E+02     0.3500000E+02
    -0.8566840E+02     0.3500000E+02
    -0.8575170E+02     0.3500000E+02
    -0.8583500E+02     0.3500000E+02
    -0.8591830E+02     0.3500000E+02
    -0.8600000E+02     0.3500000E+02
    -0.8600160E+02     0.3500000E+02
    -0.8608490E+02     0.3500000E+02
    -0.8616820E+02     0.3500000E+02
    -0.8625150E+02     0.3500000E+02
    -0.8633480E+02     0.3500000E+02
    -0.8641810E+02     0.3500000E+02
    -0.8650140E+02     0.3500000E+02
    -0.8658470E+02     0.3500000E+02
    -0.8666800E+02     0.3500000E+02
    -0.8675130E+02     0.3500000E+02
    -0.8678833E+02     0.3500000E+02
    -0.8683462E+02     0.3500000E+02
    -0.8684362E+02     0.3500002E+02
    -0.8688324E+02     0.3500046E+02
    -0.8691790E+02     0.3500000E+02
    -0.8700120E+02     0.3500000E+02
    -0.8708450E+02     0.3500000E+02
    -0.8716780E+02     0.3500000E+02
    -0.8725110E+02     0.3500000E+02
    -0.8733440E+02     0.3500000E+02
    -0.8741770E+02     0.3500000E+02
    -0.8750100E+02     0.3500000E+02
    -0.8758430E+02     0.3500000E+02
    -0.8766760E+02     0.3500000E+02
    -0.8775090E+02     0.3500000E+02
    -0.8783420E+02     0.3500000E+02
    -0.8791750E+02     0.3500000E+02
    -0.8800080E+02     0.3500000E+02
    -0.8808410E+02     0.3500000E+02
    -0.8816740E+02     0.3500000E+02
    -0.8819819E+02     0.3500000E+02
    -0.8821940E+02     0.3500000E+02
    -0.8825072E+02     0.3500000E+02
    -0.8826723E+02     0.3500000E+02
    -0.8833400E+02     0.3500000E+02
    -0.8837473E+02     0.3500000E+02
    -0.8841730E+02     0.3500000E+02
    -0.8850060E+02     0.3500000E+02
    -0.8858390E+02     0.3500000E+02
    -0.8866720E+02     0.3500000E+02
    -0.8875050E+02     0.3500000E+02
    -0.8883380E+02     0.3500000E+02
    -0.8891710E+02     0.3500000E+02
    -0.8900040E+02     0.3500000E+02
    -0.8908370E+02     0.3500000E+02
    -0.8916700E+02     0.3500000E+02
    -0.8925030E+02     0.3500000E+02
    -0.8933360E+02     0.3500000E+02
    -0.8941690E+02     0.3500000E+02
    -0.8950020E+02     0.3500000E+02
    -0.8958350E+02     0.3500000E+02
    -0.8966680E+02     0.3500000E+02
    -0.8975010E+02     0.3500000E+02
    -0.8983340E+02     0.3500000E+02
    -0.8991670E+02     0.3500000E+02
    -0.9000000E+02     0.3500000E+02
    -0.9000200E+02     0.3500000E+02
    -0.9008530E+02     0.3500000E+02
    -0.9016860E+02     0.3500000E+02
    -0.9025190E+02     0.3500000E+02
    -0.9028093E+02     0.3500038E+02
    -0.9028828E+02     0.3500029E+02
    -0.9030261E+02     0.3500020E+02
    -0.9030362E+02     0.3500019E+02
    -0.9031425E+02     0.3500000E+02
    -0.9031538E+02     0.3501016E+02
    -0.9030984E+02     0.3503072E+02
    -0.9030100E+02     0.3503837E+02
    -0.9029226E+02     0.3504189E+02
    -0.9027659E+02     0.3504323E+02
    -0.9025518E+02     0.3503987E+02
    -0.9024298E+02     0.3503614E+02
    -0.9024298E+02     0.3503614E+02
    -0.9023690E+02     0.3503428E+02
    -0.9022309E+02     0.3503931E+02
    -0.9021127E+02     0.3504869E+02
    -0.9018944E+02     0.3506601E+02
    -0.9018333E+02     0.3507531E+02
    -0.9018174E+02     0.3509318E+02
    -0.9017680E+02     0.3511099E+02
    -0.9016786E+02     0.3512116E+02
    -0.9014830E+02     0.3513158E+02
    -0.9013541E+02     0.3513250E+02
    -0.9012276E+02     0.3512614E+02
    -0.9011285E+02     0.3511969E+02
    -0.9010552E+02     0.3511746E+02
    -0.9009290E+02     0.3511828E+02
    -0.9007820E+02     0.3512620E+02
    -0.9006703E+02     0.3514140E+02
    -0.9006583E+02     0.3515889E+02
    -0.9007014E+02     0.3517165E+02
    -0.9007014E+02     0.3517165E+02
    -0.9008587E+02     0.3520569E+02
    -0.9008829E+02     0.3522960E+02
    -0.9010182E+02     0.3525625E+02
    -0.9010991E+02     0.3528807E+02
    -0.9010908E+02     0.3529239E+02
    -0.9010753E+02     0.3530048E+02
    -0.9010790E+02     0.3533048E+02
    -0.9010076E+02     0.3535559E+02
    -0.9007874E+02     0.3539167E+02
    -0.9008393E+02     0.3539635E+02
    -0.9009397E+02     0.3539838E+02
    -0.9010275E+02     0.3540543E+02
    -0.9010506E+02     0.3541027E+02
    -0.9010673E+02     0.3541376E+02
    -0.9010673E+02     0.3541376E+02
    -0.9012148E+02     0.3542211E+02
    -0.9013298E+02     0.3541771E+02
    -0.9014052E+02     0.3539135E+02
    -0.9013908E+02     0.3538394E+02
    -0.9013174E+02     0.3537339E+02
    -0.9013438E+02     0.3537140E+02
    -0.9016291E+02     0.3537381E+02
    -0.9017396E+02     0.3537954E+02
    -0.9017996E+02     0.3538517E+02
    -0.9018313E+02     0.3539189E+02
    -0.9018404E+02     0.3539879E+02
    -0.9018268E+02     0.3540680E+02
    -0.9017886E+02     0.3541246E+02
    -0.9015793E+02     0.3542764E+02
    -0.9014135E+02     0.3542845E+02
    -0.9012702E+02     0.3543825E+02
    -0.9012682E+02     0.3544233E+02
    -0.9012597E+02     0.3545887E+02
    -0.9012597E+02     0.3545887E+02
    -0.9012368E+02     0.3547076E+02
    -0.9011527E+02     0.3548047E+02
    -0.9010926E+02     0.3548472E+02
    -0.9009996E+02     0.3548592E+02
    -0.9008429E+02     0.3548425E+02
    -0.9007684E+02     0.3547952E+02
    -0.9006507E+02     0.3546875E+02
    -0.9005891E+02     0.3545853E+02
    -0.9004693E+02     0.3544545E+02
    -0.9004747E+02     0.3543605E+02
    -0.9004086E+02     0.3543203E+02
    -0.9003361E+02     0.3543188E+02
    -0.9003361E+02     0.3543188E+02
    -0.9001475E+02     0.3543244E+02
    -0.9000509E+02     0.3543661E+02
    -0.9000000E+02     0.3544412E+02
    -0.8999864E+02     0.3544613E+02
    -0.8999758E+02     0.3546332E+02
    -0.9000000E+02     0.3546982E+02
    -0.9000670E+02     0.3548782E+02
    -0.9000953E+02     0.3549899E+02
    -0.9001073E+02     0.3550373E+02
    -0.9000684E+02     0.3551215E+02
    -0.9000000E+02     0.3551785E+02
    -0.8999850E+02     0.3551910E+02
    -0.8998321E+02     0.3552316E+02
    -0.8997115E+02     0.3552269E+02
    -0.8991779E+02     0.3551291E+02
    -0.8990921E+02     0.3551801E+02
    -0.8990530E+02     0.3552665E+02
    -0.8991220E+02     0.3554272E+02
    -0.8991220E+02     0.3554272E+02
    -0.8992202E+02     0.3555912E+02
    -0.8992728E+02     0.3556036E+02
    -0.8994434E+02     0.3556439E+02
    -0.8995367E+02     0.3557215E+02
    -0.8996089E+02     0.3558468E+02
    -0.8996147E+02     0.3559364E+02
    -0.8995669E+02     0.3560342E+02
    -0.8994892E+02     0.3560923E+02
    -0.8993308E+02     0.3561149E+02
    -0.8993308E+02     0.3561149E+02
    -0.8990752E+02     0.3561138E+02
    -0.8988501E+02     0.3562125E+02
    -0.8986799E+02     0.3563513E+02
    -0.8986591E+02     0.3563876E+02
    -0.8985875E+02     0.3564297E+02
    -0.8985362E+02     0.3565411E+02
    -0.8985752E+02     0.3566452E+02
    -0.8986888E+02     0.3567408E+02
    -0.8986888E+02     0.3567408E+02
    -0.8987206E+02     0.3567675E+02
    -0.8989299E+02     0.3566410E+02
    -0.8990064E+02     0.3566157E+02
    -0.8990064E+02     0.3566157E+02
    -0.8990606E+02     0.3565977E+02
    -0.8991589E+02     0.3566043E+02
    -0.8992886E+02     0.3566873E+02
    -0.8993583E+02     0.3568057E+02
    -0.8993844E+02     0.3569691E+02
    -0.8993584E+02     0.3570880E+02
    -0.8993394E+02     0.3571109E+02
    -0.8992356E+02     0.3572370E+02
    -0.8991722E+02     0.3572862E+02
    -0.8990895E+02     0.3573190E+02
    -0.8987619E+02     0.3573490E+02
    -0.8985098E+02     0.3573989E+02
    -0.8980952E+02     0.3575922E+02
    -0.8980474E+02     0.3576784E+02
    -0.8980474E+02     0.3576784E+02
    -0.8980564E+02     0.3579050E+02
    -0.8980564E+02     0.3579050E+02
    -0.8980550E+02     0.3579439E+02
    -0.8979382E+02     0.3581052E+02
    -0.8978462E+02     0.3581584E+02
    -0.8977779E+02     0.3581776E+02
    -0.8977290E+02     0.3581560E+02
    -0.8977290E+02     0.3581560E+02
    -0.8973811E+02     0.3580704E+02
    -0.8973325E+02     0.3580900E+02
    -0.8972477E+02     0.3580973E+02
    -0.8971908E+02     0.3581348E+02
    -0.8971094E+02     0.3581884E+02
    -0.8970206E+02     0.3583150E+02
    -0.8970186E+02     0.3583792E+02
    -0.8970727E+02     0.3584492E+02
    -0.8971756E+02     0.3584928E+02
    -0.8973989E+02     0.3584770E+02
    -0.8975083E+02     0.3584954E+02
    -0.8976682E+02     0.3586136E+02
    -0.8976930E+02     0.3587174E+02
    -0.8976852E+02     0.3587884E+02
    -0.8975776E+02     0.3589263E+02
    -0.8975144E+02     0.3590073E+02
    -0.8974478E+02     0.3590587E+02
    -0.8973737E+02     0.3590823E+02
    -0.8971931E+02     0.3590807E+02
    -0.8970732E+02     0.3590345E+02
    -0.8968771E+02     0.3589062E+02
    -0.8966853E+02     0.3588194E+02
    -0.8965982E+02     0.3588060E+02
    -0.8965321E+02     0.3588412E+02
    -0.8964635E+02     0.3589521E+02
    -0.8964548E+02     0.3590438E+02
    -0.8964655E+02     0.3590788E+02
    -0.8964675E+02     0.3590854E+02
    -0.8966352E+02     0.3593048E+02
    -0.8971049E+02     0.3596181E+02
    -0.8971786E+02     0.3596954E+02
    -0.8972388E+02     0.3598436E+02
    -0.8972314E+02     0.3598985E+02
    -0.8971399E+02     0.3600771E+02
    -0.8970099E+02     0.3602747E+02
    -0.8969102E+02     0.3604676E+02
    -0.8968369E+02     0.3608033E+02
    -0.8967685E+02     0.3609051E+02
    -0.8966958E+02     0.3609631E+02
    -0.8965424E+02     0.3610009E+02
    -0.8964647E+02     0.3610200E+02
    -0.8961894E+02     0.3611263E+02
    -0.8959721E+02     0.3612751E+02
    -0.8959371E+02     0.3613868E+02
    -0.8959617E+02     0.3614952E+02
    -0.8960228E+02     0.3616136E+02
    -0.8962015E+02     0.3617714E+02
    -0.8963554E+02     0.3618544E+02
    -0.8966959E+02     0.3621080E+02
    -0.8968742E+02     0.3622407E+02
    -0.8969035E+02     0.3622987E+02
    -0.8968500E+02     0.3623733E+02
    -0.8967837E+02     0.3624063E+02
    -0.8966550E+02     0.3624401E+02
    -0.8964284E+02     0.3624351E+02
    -0.8962035E+02     0.3623773E+02
    -0.8960198E+02     0.3623617E+02
    -0.8958683E+02     0.3623996E+02
    -0.8957717E+02     0.3624475E+02
    -0.8957356E+02     0.3624654E+02
    -0.8956049E+02     0.3625565E+02
    -0.8955647E+02     0.3626519E+02
    -0.8955672E+02     0.3627415E+02
    -0.8956267E+02     0.3628278E+02
    -0.8957180E+02     0.3628918E+02
    -0.8959833E+02     0.3630149E+02
    -0.8960915E+02     0.3630862E+02
    -0.8961480E+02     0.3631747E+02
    -0.8961507E+02     0.3632642E+02
    -0.8961225E+02     0.3633393E+02
    -0.8960642E+02     0.3633947E+02
    -0.8960257E+02     0.3634312E+02
    -0.8958963E+02     0.3634811E+02
    -0.8957714E+02     0.3634805E+02
    -0.8954342E+02     0.3633833E+02
    -0.8953491E+02     0.3633813E+02
    -0.8952998E+02     0.3634100E+02
    -0.8952489E+02     0.3634846E+02
    -0.8951741E+02     0.3636756E+02
    -0.8951778E+02     0.3638088E+02
    -0.8952170E+02     0.3639764E+02
END
END
