utah
1
    -0.1114001E+03     0.3884314E+02
    -0.1122189E+03     0.4201015E+02
    -0.1121959E+03     0.4201145E+02
    -0.1121292E+03     0.4201151E+02
    -0.1121088E+03     0.4201152E+02
    -0.1121032E+03     0.4201267E+02
    -0.1120590E+03     0.4201081E+02
    -0.1120205E+03     0.4201217E+02
    -0.1119606E+03     0.4201209E+02
    -0.1117917E+03     0.4201171E+02
    -0.1116229E+03     0.4201106E+02
    -0.1114540E+03     0.4201113E+02
    -0.1112851E+03     0.4201093E+02
    -0.1111952E+03     0.4201072E+02
    -0.1111164E+03     0.4200786E+02
    -0.1110485E+03     0.4200536E+02
    -0.1110461E+03     0.4199790E+02
    -0.1110452E+03     0.4196482E+02
    -0.1110481E+03     0.4194640E+02
    -0.1110469E+03     0.4187987E+02
    -0.1110451E+03     0.4178300E+02
    -0.1110470E+03     0.4167090E+02
    -0.1110468E+03     0.4165719E+02
    -0.1110445E+03     0.4153139E+02
    -0.1110440E+03     0.4150411E+02
    -0.1110452E+03     0.4137831E+02
    -0.1110462E+03     0.4126882E+02
    -0.1110461E+03     0.4114304E+02
    -0.1110461E+03     0.4109237E+02
    -0.1110439E+03     0.4108721E+02
    -0.1110464E+03     0.4107863E+02
    -0.1110469E+03     0.4101777E+02
    -0.1110469E+03     0.4100988E+02
    -0.1110287E+03     0.4101077E+02
    -0.1109582E+03     0.4100912E+02
    -0.1108913E+03     0.4100907E+02
    -0.1107251E+03     0.4100875E+02
    -0.1105589E+03     0.4100817E+02
    -0.1105205E+03     0.4100800E+02
    -0.1103928E+03     0.4100931E+02
    -0.1103851E+03     0.4100938E+02
    -0.1103567E+03     0.4100732E+02
    -0.1102864E+03     0.4101139E+02
    -0.1102799E+03     0.4101031E+02
    -0.1102558E+03     0.4101041E+02
    -0.1101816E+03     0.4101065E+02
    -0.1100947E+03     0.4101250E+02
    -0.1100897E+03     0.4101198E+02
    -0.1100845E+03     0.4101143E+02
    -0.1100058E+03     0.4101234E+02
    -0.1100000E+03     0.4101220E+02
    -0.1099237E+03     0.4101046E+02
    -0.1098448E+03     0.4101192E+02
    -0.1097914E+03     0.4101289E+02
    -0.1096787E+03     0.4101313E+02
    -0.1095125E+03     0.4101329E+02
    -0.1094321E+03     0.4101328E+02
    -0.1094277E+03     0.4101206E+02
    -0.1094218E+03     0.4101328E+02
    -0.1093468E+03     0.4101200E+02
    -0.1091807E+03     0.4101298E+02
    -0.1091757E+03     0.4101301E+02
    -0.1091695E+03     0.4101166E+02
    -0.1091342E+03     0.4101265E+02
    -0.1091228E+03     0.4101139E+02
    -0.1090562E+03     0.4101236E+02
    -0.1090561E+03     0.4088661E+02
    -0.1090561E+03     0.4076086E+02
    -0.1090560E+03     0.4063514E+02
    -0.1090559E+03     0.4050941E+02
    -0.1090558E+03     0.4038371E+02
    -0.1090557E+03     0.4034607E+02
    -0.1090564E+03     0.4027656E+02
    -0.1090601E+03     0.4026581E+02
    -0.1090587E+03     0.4025846E+02
    -0.1090558E+03     0.4024208E+02
    -0.1090550E+03     0.4013295E+02
    -0.1090541E+03     0.4000729E+02
    -0.1090545E+03     0.4000000E+02
    -0.1090550E+03     0.3931641E+02
    -0.1090565E+03     0.3828825E+02
    -0.1090509E+03     0.3700286E+02
    -0.1100000E+03     0.3700662E+02
    -0.1103653E+03     0.3700807E+02
    -0.1118263E+03     0.3700003E+02
    -0.1130000E+03     0.3700145E+02
    -0.1140444E+03     0.3700180E+02
    -0.1140502E+03     0.3700175E+02
    -0.1140603E+03     0.4000000E+02
    -0.1140445E+03     0.4008813E+02
    -0.1140444E+03     0.4010838E+02
    -0.1140440E+03     0.4023405E+02
    -0.1140436E+03     0.4035974E+02
    -0.1140432E+03     0.4048545E+02
    -0.1140428E+03     0.4061116E+02
    -0.1140426E+03     0.4069482E+02
    -0.1140391E+03     0.4073682E+02
    -0.1140384E+03     0.4085448E+02
    -0.1140376E+03     0.4098023E+02
    -0.1140367E+03     0.4110600E+02
    -0.1140359E+03     0.4123177E+02
    -0.1140351E+03     0.4135756E+02
    -0.1140352E+03     0.4137030E+02
    -0.1140357E+03     0.4147355E+02
    -0.1140337E+03     0.4148495E+02
    -0.1140354E+03     0.4148796E+02
    -0.1140353E+03     0.4149574E+02
    -0.1140344E+03     0.4159506E+02
    -0.1140361E+03     0.4162005E+02
    -0.1140358E+03     0.4162149E+02
    -0.1140346E+03     0.4162688E+02
    -0.1140357E+03     0.4165827E+02
    -0.1140344E+03     0.4166625E+02
    -0.1140356E+03     0.4166628E+02
    -0.1140359E+03     0.4167567E+02
    -0.1140360E+03     0.4174628E+02
    -0.1140362E+03     0.4187210E+02
    -0.1140363E+03     0.4199794E+02
    -0.1138675E+03     0.4199994E+02
    -0.1136987E+03     0.4200168E+02
    -0.1135299E+03     0.4200317E+02
    -0.1133610E+03     0.4200439E+02
    -0.1131922E+03     0.4200536E+02
    -0.1130826E+03     0.4200586E+02
    -0.1130703E+03     0.4200476E+02
    -0.1130635E+03     0.4200637E+02
    -0.1130239E+03     0.4200437E+02
    -0.1130204E+03     0.4200586E+02
    -0.1129736E+03     0.4200704E+02
    -0.1128786E+03     0.4200745E+02
    -0.1128752E+03     0.4200847E+02
    -0.1128670E+03     0.4200704E+02
    -0.1128561E+03     0.4200772E+02
    -0.1128386E+03     0.4200880E+02
    -0.1128259E+03     0.4200927E+02
    -0.1128208E+03     0.4200772E+02
    -0.1127247E+03     0.4200906E+02
    -0.1126266E+03     0.4201033E+02
    -0.1125952E+03     0.4200986E+02
    -0.1125907E+03     0.4200854E+02
    -0.1125866E+03     0.4200999E+02
    -0.1125566E+03     0.4201018E+02
    -0.1123877E+03     0.4201104E+02
    -0.1122808E+03     0.4201145E+02
    -0.1122189E+03     0.4201015E+02
END
END
