vermont
1
    -0.7274996E+02     0.4401941E+02
    -0.7153727E+02     0.4500000E+02
    -0.7154046E+02     0.4499733E+02
    -0.7154167E+02     0.4498815E+02
    -0.7154472E+02     0.4498418E+02
    -0.7153162E+02     0.4496547E+02
    -0.7152274E+02     0.4496155E+02
    -0.7152222E+02     0.4495698E+02
    -0.7152466E+02     0.4494722E+02
    -0.7152688E+02     0.4493833E+02
    -0.7151480E+02     0.4492027E+02
    -0.7150354E+02     0.4491365E+02
    -0.7150176E+02     0.4490980E+02
    -0.7152654E+02     0.4487925E+02
    -0.7153248E+02     0.4487500E+02
    -0.7154670E+02     0.4486873E+02
    -0.7156081E+02     0.4484551E+02
    -0.7155914E+02     0.4484172E+02
    -0.7155723E+02     0.4483735E+02
    -0.7155895E+02     0.4483273E+02
    -0.7156519E+02     0.4482801E+02
    -0.7156755E+02     0.4482337E+02
    -0.7157356E+02     0.4482095E+02
    -0.7157936E+02     0.4482104E+02
    -0.7158429E+02     0.4481612E+02
    -0.7157764E+02     0.4481124E+02
    -0.7157610E+02     0.4480555E+02
    -0.7157887E+02     0.4479564E+02
    -0.7158433E+02     0.4478818E+02
    -0.7159721E+02     0.4478148E+02
    -0.7160593E+02     0.4477486E+02
    -0.7161852E+02     0.4476152E+02
    -0.7162388E+02     0.4475934E+02
    -0.7163255E+02     0.4475914E+02
    -0.7163794E+02     0.4475031E+02
    -0.7163676E+02     0.4474828E+02
    -0.7162765E+02     0.4473266E+02
    -0.7162765E+02     0.4473266E+02
    -0.7162016E+02     0.4471980E+02
    -0.7161042E+02     0.4471064E+02
    -0.7160790E+02     0.4469764E+02
    -0.7160126E+02     0.4469275E+02
    -0.7160136E+02     0.4468084E+02
    -0.7159763E+02     0.4467657E+02
    -0.7158984E+02     0.4467469E+02
    -0.7158880E+02     0.4467289E+02
    -0.7159143E+02     0.4466000E+02
    -0.7158919E+02     0.4465295E+02
    -0.7157898E+02     0.4464723E+02
    -0.7156898E+02     0.4464631E+02
    -0.7156459E+02     0.4464137E+02
    -0.7156695E+02     0.4463651E+02
    -0.7156644E+02     0.4463240E+02
    -0.7155611E+02     0.4462370E+02
    -0.7156128E+02     0.4461740E+02
    -0.7155904E+02     0.4461035E+02
    -0.7156072E+02     0.4460481E+02
    -0.7156628E+02     0.4459988E+02
    -0.7156180E+02     0.4459288E+02
    -0.7155698E+02     0.4459276E+02
    -0.7155171E+02     0.4458967E+02
    -0.7154661E+02     0.4459024E+02
    -0.7154420E+02     0.4458641E+02
    -0.7154280E+02     0.4458392E+02
    -0.7154831E+02     0.4457784E+02
    -0.7155306E+02     0.4457659E+02
    -0.7155737E+02     0.4457970E+02
    -0.7156023E+02     0.4457917E+02
    -0.7156293E+02     0.4457499E+02
    -0.7155837E+02     0.4457349E+02
    -0.7155667E+02     0.4457124E+02
    -0.7157170E+02     0.4456311E+02
    -0.7157646E+02     0.4456208E+02
    -0.7159572E+02     0.4456256E+02
    -0.7160077E+02     0.4456084E+02
    -0.7160311E+02     0.4455598E+02
    -0.7160264E+02     0.4455256E+02
    -0.7158783E+02     0.4454396E+02
    -0.7158247E+02     0.4453881E+02
    -0.7158127E+02     0.4453335E+02
    -0.7158266E+02     0.4452851E+02
    -0.7158756E+02     0.4452358E+02
    -0.7159541E+02     0.4451997E+02
    -0.7159721E+02     0.4451741E+02
    -0.7157735E+02     0.4451007E+02
    -0.7156808E+02     0.4450341E+02
    -0.7156828E+02     0.4450043E+02
    -0.7158693E+02     0.4450230E+02
    -0.7159296E+02     0.4450101E+02
    -0.7159662E+02     0.4449704E+02
    -0.7159888E+02     0.4449034E+02
    -0.7160616E+02     0.4448834E+02
    -0.7161200E+02     0.4448294E+02
    -0.7162296E+02     0.4448475E+02
    -0.7162995E+02     0.4447657E+02
    -0.7163628E+02     0.4447505E+02
    -0.7164090E+02     0.4447792E+02
    -0.7164375E+02     0.4447739E+02
    -0.7164868E+02     0.4447316E+02
    -0.7164980E+02     0.4446969E+02
    -0.7164505E+02     0.4446362E+02
    -0.7165230E+02     0.4446116E+02
    -0.7165691E+02     0.4445693E+02
    -0.7166573E+02     0.4444023E+02
    -0.7167671E+02     0.4443539E+02
    -0.7170235E+02     0.4441600E+02
    -0.7171735E+02     0.4440831E+02
    -0.7172336E+02     0.4440702E+02
    -0.7174129E+02     0.4440750E+02
    -0.7174801E+02     0.4440092E+02
    -0.7175178E+02     0.4439946E+02
    -0.7175344E+02     0.4440079E+02
    -0.7175344E+02     0.4440079E+02
    -0.7176762E+02     0.4440544E+02
    -0.7177483E+02     0.4440458E+02
    -0.7178715E+02     0.4439842E+02
    -0.7180302E+02     0.4439633E+02
    -0.7181631E+02     0.4437940E+02
    -0.7182030E+02     0.4436361E+02
    -0.7182168E+02     0.4435813E+02
    -0.7182674E+02     0.4435213E+02
    -0.7183525E+02     0.4434777E+02
    -0.7184769E+02     0.4434507E+02
    -0.7185367E+02     0.4434909E+02
    -0.7185593E+02     0.4434557E+02
    -0.7186305E+02     0.4434264E+02
    -0.7187693E+02     0.4433954E+02
    -0.7188911E+02     0.4434169E+02
    -0.7190042E+02     0.4434628E+02
    -0.7191010E+02     0.4434641E+02
    -0.7191681E+02     0.4434521E+02
    -0.7193806E+02     0.4433431E+02
    -0.7195595E+02     0.4433458E+02
    -0.7196770E+02     0.4433283E+02
    -0.7196770E+02     0.4433283E+02
    -0.7196858E+02     0.4433254E+02
    -0.7201545E+02     0.4431736E+02
    -0.7203389E+02     0.4431595E+02
    -0.7203963E+02     0.4429747E+02
    -0.7204382E+02     0.4429209E+02
    -0.7205379E+02     0.4428820E+02
    -0.7206868E+02     0.4427639E+02
    -0.7207123E+02     0.4426706E+02
    -0.7206392E+02     0.4425558E+02
    -0.7206499E+02     0.4425127E+02
    -0.7206602E+02     0.4424704E+02
    -0.7205555E+02     0.4424183E+02
    -0.7206485E+02     0.4420652E+02
    -0.7207346E+02     0.4418842E+02
    -0.7206847E+02     0.4417847E+02
    -0.7206357E+02     0.4417609E+02
    -0.7206052E+02     0.4417250E+02
    -0.7205671E+02     0.4416069E+02
    -0.7205082E+02     0.4415765E+02
    -0.7205304E+02     0.4415140E+02
    -0.7204741E+02     0.4413743E+02
    -0.7204741E+02     0.4413743E+02
    -0.7204536E+02     0.4413236E+02
    -0.7204556E+02     0.4413007E+02
    -0.7205665E+02     0.4411694E+02
    -0.7206155E+02     0.4410718E+02
    -0.7205875E+02     0.4410244E+02
    -0.7205950E+02     0.4409853E+02
    -0.7205495E+02     0.4409659E+02
    -0.7204793E+02     0.4410228E+02
    -0.7204407E+02     0.4410147E+02
    -0.7204019E+02     0.4409424E+02
    -0.7204216E+02     0.4408915E+02
    -0.7204653E+02     0.4408765E+02
    -0.7205060E+02     0.4408640E+02
    -0.7204356E+02     0.4407949E+02
    -0.7204566E+02     0.4407714E+02
    -0.7205217E+02     0.4407994E+02
    -0.7205660E+02     0.4407959E+02
    -0.7205989E+02     0.4406942E+02
    -0.7207407E+02     0.4405483E+02
    -0.7207471E+02     0.4404885E+02
    -0.7208186E+02     0.4404591E+02
    -0.7208599E+02     0.4403984E+02
    -0.7208811E+02     0.4402581E+02
    -0.7209179E+02     0.4402319E+02
    -0.7209904E+02     0.4402230E+02
    -0.7210181E+02     0.4402062E+02
    -0.7210188E+02     0.4400985E+02
    -0.7210863E+02     0.4401126E+02
    -0.7211200E+02     0.4400293E+02
    -0.7212158E+02     0.4399808E+02
    -0.7212386E+02     0.4399297E+02
    -0.7212205E+02     0.4398294E+02
    -0.7211816E+02     0.4397549E+02
    -0.7211816E+02     0.4397549E+02
    -0.7210714E+02     0.4397138E+02
    -0.7210507E+02     0.4396832E+02
    -0.7211636E+02     0.4395347E+02
    -0.7212437E+02     0.4395015E+02
    -0.7212729E+02     0.4393100E+02
    -0.7212988E+02     0.4392505E+02
    -0.7213354E+02     0.4392148E+02
    -0.7215231E+02     0.4391269E+02
    -0.7216106E+02     0.4390518E+02
    -0.7216688E+02     0.4389636E+02
    -0.7217196E+02     0.4389242E+02
    -0.7217952E+02     0.4389014E+02
    -0.7218219E+02     0.4388591E+02
    -0.7218141E+02     0.4388412E+02
    -0.7217787E+02     0.4387597E+02
    -0.7218295E+02     0.4387202E+02
    -0.7219099E+02     0.4386974E+02
    -0.7219458E+02     0.4386479E+02
    -0.7219469E+02     0.4385716E+02
    -0.7219069E+02     0.4384409E+02
    -0.7219668E+02     0.4382937E+02
    -0.7219073E+02     0.4381565E+02
    -0.7219511E+02     0.4380722E+02
    -0.7221143E+02     0.4378842E+02
    -0.7221194E+02     0.4377939E+02
    -0.7222068E+02     0.4377279E+02
    -0.7222068E+02     0.4377279E+02
    -0.7222678E+02     0.4376872E+02
    -0.7223340E+02     0.4375661E+02
    -0.7224035E+02     0.4375069E+02
    -0.7225583E+02     0.4374474E+02
    -0.7226434E+02     0.4373853E+02
    -0.7227275E+02     0.4373623E+02
    -0.7227275E+02     0.4373623E+02
    -0.7228607E+02     0.4373061E+02
    -0.7229230E+02     0.4372210E+02
    -0.7230753E+02     0.4370126E+02
    -0.7231012E+02     0.4367691E+02
    -0.7231343E+02     0.4366677E+02
    -0.7232103E+02     0.4365651E+02
    -0.7232195E+02     0.4364643E+02
    -0.7232368E+02     0.4364291E+02
    -0.7233375E+02     0.4363432E+02
    -0.7233906E+02     0.4362620E+02
    -0.7233909E+02     0.4361753E+02
    -0.7233577E+02     0.4360860E+02
    -0.7233241E+02     0.4360568E+02
    -0.7233241E+02     0.4360568E+02
    -0.7233198E+02     0.4360363E+02
    -0.7234016E+02     0.4359766E+02
    -0.7235059E+02     0.4359254E+02
    -0.7235235E+02     0.4359019E+02
    -0.7237902E+02     0.4357656E+02
    -0.7238323E+02     0.4356199E+02
    -0.7237913E+02     0.4355089E+02
    -0.7238227E+02     0.4353979E+02
    -0.7239343E+02     0.4352547E+02
    -0.7239627E+02     0.4352012E+02
    -0.7239538E+02     0.4351006E+02
    -0.7238271E+02     0.4349784E+02
    -0.7238171E+02     0.4349146E+02
    -0.7238599E+02     0.4347826E+02
    -0.7239241E+02     0.4346386E+02
    -0.7239021E+02     0.4345293E+02
    -0.7240279E+02     0.4340350E+02
    -0.7240444E+02     0.4339383E+02
    -0.7241206E+02     0.4338420E+02
    -0.7241374E+02     0.4337521E+02
    -0.7241193E+02     0.4336564E+02
    -0.7240890E+02     0.4336207E+02
    -0.7239081E+02     0.4335896E+02
    -0.7238942E+02     0.4335670E+02
    -0.7239021E+02     0.4335393E+02
    -0.7240509E+02     0.4333950E+02
    -0.7240845E+02     0.4333229E+02
    -0.7240788E+02     0.4332795E+02
    -0.7239870E+02     0.4332136E+02
    -0.7239424E+02     0.4331462E+02
    -0.7240379E+02     0.4330058E+02
    -0.7240472E+02     0.4328932E+02
    -0.7241447E+02     0.4327321E+02
    -0.7242862E+02     0.4326292E+02
    -0.7243684E+02     0.4325304E+02
    -0.7243739E+02     0.4324638E+02
    -0.7243382E+02     0.4323343E+02
    -0.7243703E+02     0.4321843E+02
    -0.7243452E+02     0.4320751E+02
    -0.7243557E+02     0.4320404E+02
    -0.7244572E+02     0.4319548E+02
    -0.7244772E+02     0.4319198E+02
    -0.7244228E+02     0.4318459E+02
    -0.7245102E+02     0.4317331E+02
    -0.7245012E+02     0.4315776E+02
    -0.7245447E+02     0.4314639E+02
    -0.7245275E+02     0.4314370E+02
    -0.7244396E+02     0.4313801E+02
    -0.7243905E+02     0.4312877E+02
    -0.7243524E+02     0.4312247E+02
    -0.7243343E+02     0.4311817E+02
    -0.7243994E+02     0.4310629E+02
    -0.7244025E+02     0.4310077E+02
    -0.7243352E+02     0.4308723E+02
    -0.7243480E+02     0.4308238E+02
    -0.7244207E+02     0.4307276E+02
    -0.7246341E+02     0.4305789E+02
    -0.7246502E+02     0.4305325E+02
    -0.7246065E+02     0.4304262E+02
    -0.7246140E+02     0.4302862E+02
    -0.7245655E+02     0.4302052E+02
    -0.7244587E+02     0.4301421E+02
    -0.7244583E+02     0.4300802E+02
    -0.7245054E+02     0.4300306E+02
    -0.7246339E+02     0.4299831E+02
    -0.7246777E+02     0.4299313E+02
    -0.7246568E+02     0.4298930E+02
    -0.7246606E+02     0.4298516E+02
    -0.7247163E+02     0.4297484E+02
    -0.7247163E+02     0.4297484E+02
    -0.7248260E+02     0.4297371E+02
    -0.7250671E+02     0.4296538E+02
    -0.7251755E+02     0.4296472E+02
    -0.7252888E+02     0.4295934E+02
    -0.7252888E+02     0.4295934E+02
    -0.7253571E+02     0.4295340E+02
    -0.7253059E+02     0.4294072E+02
    -0.7252721E+02     0.4292067E+02
    -0.7252721E+02     0.4292067E+02
    -0.7253089E+02     0.4291439E+02
    -0.7253332E+02     0.4290260E+02
    -0.7253332E+02     0.4290260E+02
    -0.7253750E+02     0.4289421E+02
    -0.7254723E+02     0.4289000E+02
    -0.7255442E+02     0.4288496E+02
    -0.7255808E+02     0.4287843E+02
    -0.7255864E+02     0.4285597E+02
    -0.7254984E+02     0.4283950E+02
    -0.7255042E+02     0.4282825E+02
    -0.7253876E+02     0.4281007E+02
    -0.7253876E+02     0.4281007E+02
    -0.7253719E+02     0.4280394E+02
    -0.7252953E+02     0.4279272E+02
    -0.7251838E+02     0.4278698E+02
    -0.7251485E+02     0.4277824E+02
    -0.7251611E+02     0.4277109E+02
    -0.7250982E+02     0.4276781E+02
    -0.7250168E+02     0.4277412E+02
    -0.7249815E+02     0.4277422E+02
    -0.7249049E+02     0.4277167E+02
    -0.7248310E+02     0.4276648E+02
    -0.7248310E+02     0.4276648E+02
    -0.7248037E+02     0.4276472E+02
    -0.7247688E+02     0.4275818E+02
    -0.7247511E+02     0.4274907E+02
    -0.7246339E+02     0.4273729E+02
    -0.7246339E+02     0.4273729E+02
    -0.7246210E+02     0.4272920E+02
    -0.7246210E+02     0.4272920E+02
    -0.7250243E+02     0.4273139E+02
    -0.7258331E+02     0.4273322E+02
    -0.7275407E+02     0.4273690E+02
    -0.7288337E+02     0.4273952E+02
    -0.7291030E+02     0.4274224E+02
    -0.7292460E+02     0.4274173E+02
    -0.7294507E+02     0.4274100E+02
    -0.7309534E+02     0.4274504E+02
    -0.7326611E+02     0.4274939E+02
    -0.7326871E+02     0.4275008E+02
    -0.7327811E+02     0.4276416E+02
    -0.7328249E+02     0.4277752E+02
    -0.7327803E+02     0.4281987E+02
    -0.7327682E+02     0.4287180E+02
    -0.7327479E+02     0.4295823E+02
    -0.7326981E+02     0.4298914E+02
    -0.7326999E+02     0.4299746E+02
    -0.7327067E+02     0.4302761E+02
    -0.7326552E+02     0.4308696E+02
    -0.7326474E+02     0.4312323E+02
    -0.7326250E+02     0.4322746E+02
    -0.7326131E+02     0.4324910E+02
    -0.7325431E+02     0.4337489E+02
    -0.7325144E+02     0.4342632E+02
    -0.7325270E+02     0.4342627E+02
    -0.7325019E+02     0.4347932E+02
    -0.7325065E+02     0.4349975E+02
    -0.7325097E+02     0.4351450E+02
    -0.7325097E+02     0.4351450E+02
    -0.7325331E+02     0.4352519E+02
    -0.7324794E+02     0.4353823E+02
    -0.7325452E+02     0.4354647E+02
    -0.7325833E+02     0.4355985E+02
    -0.7327099E+02     0.4357358E+02
    -0.7328223E+02     0.4357636E+02
    -0.7329028E+02     0.4358294E+02
    -0.7329499E+02     0.4358252E+02
    -0.7329769E+02     0.4358059E+02
    -0.7330035E+02     0.4358255E+02
    -0.7330205E+02     0.4358844E+02
    -0.7329647E+02     0.4359852E+02
    -0.7329546E+02     0.4360635E+02
    -0.7330316E+02     0.4361248E+02
    -0.7330470E+02     0.4362480E+02
    -0.7330807E+02     0.4362788E+02
    -0.7331763E+02     0.4362889E+02
    -0.7332127E+02     0.4363127E+02
    -0.7333314E+02     0.4362944E+02
    -0.7333705E+02     0.4363112E+02
    -0.7334420E+02     0.4362947E+02
    -0.7334710E+02     0.4363027E+02
    -0.7335365E+02     0.4362474E+02
    -0.7335995E+02     0.4362885E+02
    -0.7337319E+02     0.4362857E+02
    -0.7337550E+02     0.4362985E+02
    -0.7337844E+02     0.4362699E+02
    -0.7337848E+02     0.4361460E+02
    -0.7338248E+02     0.4360482E+02
    -0.7338878E+02     0.4360022E+02
    -0.7339252E+02     0.4357829E+02
    -0.7339660E+02     0.4357377E+02
    -0.7340335E+02     0.4357121E+02
    -0.7340335E+02     0.4357121E+02
    -0.7341579E+02     0.4357360E+02
    -0.7343052E+02     0.4357968E+02
    -0.7343052E+02     0.4357968E+02
    -0.7343295E+02     0.4358104E+02
    -0.7343349E+02     0.4359433E+02
    -0.7343349E+02     0.4359433E+02
    -0.7343246E+02     0.4359758E+02
    -0.7342945E+02     0.4359953E+02
    -0.7342945E+02     0.4359953E+02
    -0.7342633E+02     0.4361686E+02
    -0.7342633E+02     0.4361686E+02
    -0.7342351E+02     0.4362132E+02
    -0.7342552E+02     0.4362720E+02
    -0.7342814E+02     0.4363260E+02
    -0.7343137E+02     0.4363362E+02
    -0.7343137E+02     0.4363362E+02
    -0.7343471E+02     0.4364033E+02
    -0.7343307E+02     0.4364529E+02
    -0.7342496E+02     0.4365423E+02
    -0.7341859E+02     0.4366541E+02
    -0.7340981E+02     0.4369340E+02
    -0.7339342E+02     0.4371503E+02
    -0.7338627E+02     0.4371997E+02
    -0.7338627E+02     0.4371997E+02
    -0.7337876E+02     0.4372767E+02
    -0.7337730E+02     0.4372916E+02
    -0.7337476E+02     0.4374354E+02
    -0.7335860E+02     0.4376931E+02
    -0.7335754E+02     0.4377713E+02
    -0.7336533E+02     0.4379284E+02
    -0.7337994E+02     0.4380252E+02
    -0.7339754E+02     0.4382510E+02
    -0.7339594E+02     0.4383060E+02
    -0.7339080E+02     0.4383728E+02
    -0.7338782E+02     0.4383962E+02
    -0.7337994E+02     0.4384581E+02
    -0.7337971E+02     0.4385083E+02
    -0.7338381E+02     0.4385865E+02
    -0.7338435E+02     0.4386637E+02
    -0.7338214E+02     0.4387645E+02
    -0.7338251E+02     0.4388710E+02
    -0.7338669E+02     0.4389740E+02
    -0.7340107E+02     0.4390879E+02
    -0.7340757E+02     0.4391825E+02
    -0.7341103E+02     0.4392941E+02
    -0.7341308E+02     0.4393965E+02
    -0.7341213E+02     0.4395664E+02
    -0.7341191E+02     0.4396064E+02
    -0.7341454E+02     0.4397991E+02
    -0.7341328E+02     0.4399688E+02
    -0.7341007E+02     0.4400389E+02
    -0.7341015E+02     0.4401839E+02
    -0.7341569E+02     0.4402718E+02
    -0.7343116E+02     0.4403847E+02
    -0.7343499E+02     0.4404849E+02
    -0.7342387E+02     0.4407503E+02
    -0.7340858E+02     0.4411147E+02
    -0.7340865E+02     0.4412499E+02
    -0.7341192E+02     0.4413472E+02
    -0.7340697E+02     0.4414523E+02
    -0.7339297E+02     0.4415403E+02
    -0.7337959E+02     0.4419268E+02
    -0.7337881E+02     0.4419492E+02
    -0.7334971E+02     0.4422378E+02
    -0.7332028E+02     0.4424874E+02
    -0.7331622E+02     0.4425818E+02
    -0.7331497E+02     0.4427796E+02
    -0.7331767E+02     0.4429198E+02
    -0.7331822E+02     0.4430336E+02
    -0.7331911E+02     0.4432143E+02
    -0.7332687E+02     0.4434248E+02
    -0.7333263E+02     0.4435120E+02
    -0.7333544E+02     0.4436324E+02
    -0.7333219E+02     0.4437115E+02
    -0.7331319E+02     0.4439113E+02
    -0.7331073E+02     0.4440108E+02
    -0.7330087E+02     0.4442154E+02
    -0.7329295E+02     0.4443797E+02
    -0.7329240E+02     0.4444785E+02
    -0.7330055E+02     0.4448221E+02
    -0.7331139E+02     0.4450467E+02
    -0.7333060E+02     0.4453121E+02
    -0.7333873E+02     0.4453947E+02
    -0.7334169E+02     0.4454248E+02
    -0.7334970E+02     0.4455524E+02
    -0.7337621E+02     0.4457508E+02
    -0.7339082E+02     0.4459859E+02
    -0.7338939E+02     0.4461378E+02
    -0.7338103E+02     0.4465315E+02
    -0.7338085E+02     0.4465399E+02
    -0.7337082E+02     0.4468738E+02
    -0.7336641E+02     0.4472720E+02
    -0.7335802E+02     0.4474837E+02
    -0.7334318E+02     0.4477369E+02
    -0.7334262E+02     0.4477514E+02
    -0.7333838E+02     0.4478615E+02
    -0.7333913E+02     0.4479692E+02
    -0.7334465E+02     0.4480919E+02
    -0.7336715E+02     0.4483040E+02
    -0.7337600E+02     0.4484189E+02
    -0.7337816E+02     0.4484914E+02
    -0.7337466E+02     0.4486692E+02
    -0.7336432E+02     0.4489158E+02
    -0.7335551E+02     0.4491257E+02
    -0.7334758E+02     0.4491831E+02
    -0.7334203E+02     0.4493097E+02
    -0.7334174E+02     0.4496046E+02
    -0.7335000E+02     0.4498978E+02
    -0.7334934E+02     0.4500000E+02
    -0.7334934E+02     0.4500000E+02
    -0.7333400E+02     0.4500000E+02
    -0.7325070E+02     0.4500000E+02
    -0.7316740E+02     0.4500000E+02
    -0.7308410E+02     0.4500000E+02
    -0.7300080E+02     0.4500000E+02
    -0.7291750E+02     0.4500000E+02
    -0.7283420E+02     0.4500000E+02
    -0.7275090E+02     0.4500000E+02
    -0.7266760E+02     0.4500000E+02
    -0.7258430E+02     0.4500000E+02
    -0.7250100E+02     0.4500000E+02
    -0.7241770E+02     0.4500000E+02
    -0.7233440E+02     0.4500000E+02
    -0.7225110E+02     0.4500000E+02
    -0.7216780E+02     0.4500000E+02
    -0.7208450E+02     0.4500000E+02
    -0.7200120E+02     0.4500000E+02
    -0.7191790E+02     0.4500000E+02
    -0.7183460E+02     0.4500000E+02
    -0.7175130E+02     0.4500000E+02
    -0.7166800E+02     0.4500000E+02
    -0.7158470E+02     0.4500000E+02
    -0.7153727E+02     0.4500000E+02
END
END
