virgin_islands
1
    -0.6508115E+02     0.1834659E+02
    -0.6508463E+02     0.1834167E+02
    -0.6508628E+02     0.1834421E+02
    -0.6508259E+02     0.1835152E+02
    -0.6507644E+02     0.1835748E+02
    -0.6507663E+02     0.1834709E+02
    -0.6508295E+02     0.1834165E+02
    -0.6508463E+02     0.1834167E+02
END
2
    -0.6482673E+02     0.1845235E+02
    -0.6482784E+02     0.1844501E+02
    -0.6483181E+02     0.1845401E+02
    -0.6483151E+02     0.1845814E+02
    -0.6482479E+02     0.1845691E+02
    -0.6482127E+02     0.1845021E+02
    -0.6482784E+02     0.1844501E+02
END
3
    -0.6490952E+02     0.1840403E+02
    -0.6490910E+02     0.1839410E+02
    -0.6491167E+02     0.1840056E+02
    -0.6491525E+02     0.1840313E+02
    -0.6491806E+02     0.1840936E+02
    -0.6491730E+02     0.1841187E+02
    -0.6491322E+02     0.1841160E+02
    -0.6490486E+02     0.1840622E+02
    -0.6490085E+02     0.1840020E+02
    -0.6490549E+02     0.1839474E+02
    -0.6490910E+02     0.1839410E+02
END
4
    -0.6474958E+02     0.1833036E+02
    -0.6470699E+02     0.1830733E+02
    -0.6471528E+02     0.1831639E+02
    -0.6472372E+02     0.1831490E+02
    -0.6472335E+02     0.1832362E+02
    -0.6472840E+02     0.1832414E+02
    -0.6473445E+02     0.1832100E+02
    -0.6473878E+02     0.1832060E+02
    -0.6474925E+02     0.1832900E+02
    -0.6475359E+02     0.1832837E+02
    -0.6475701E+02     0.1832474E+02
    -0.6476569E+02     0.1832324E+02
    -0.6476814E+02     0.1831789E+02
    -0.6476841E+02     0.1831730E+02
    -0.6477032E+02     0.1831802E+02
    -0.6477361E+02     0.1832403E+02
    -0.6477602E+02     0.1832452E+02
    -0.6478690E+02     0.1832006E+02
    -0.6479072E+02     0.1832195E+02
    -0.6479353E+02     0.1832749E+02
    -0.6479809E+02     0.1832847E+02
    -0.6480163E+02     0.1833379E+02
    -0.6479869E+02     0.1833766E+02
    -0.6479911E+02     0.1834225E+02
    -0.6479517E+02     0.1834886E+02
    -0.6478957E+02     0.1835431E+02
    -0.6478499E+02     0.1835494E+02
    -0.6477866E+02     0.1836014E+02
    -0.6475500E+02     0.1836627E+02
    -0.6474900E+02     0.1836550E+02
    -0.6474893E+02     0.1837078E+02
    -0.6475149E+02     0.1837747E+02
    -0.6474876E+02     0.1837996E+02
    -0.6473823E+02     0.1837960E+02
    -0.6473637E+02     0.1837498E+02
    -0.6472486E+02     0.1837162E+02
    -0.6472073E+02     0.1837501E+02
    -0.6470750E+02     0.1837438E+02
    -0.6470444E+02     0.1836998E+02
    -0.6469292E+02     0.1836708E+02
    -0.6468724E+02     0.1836080E+02
    -0.6468196E+02     0.1836004E+02
    -0.6467816E+02     0.1835609E+02
    -0.6467408E+02     0.1835581E+02
    -0.6466262E+02     0.1834946E+02
    -0.6466243E+02     0.1834601E+02
    -0.6466393E+02     0.1834259E+02
    -0.6466682E+02     0.1834217E+02
    -0.6467197E+02     0.1833512E+02
    -0.6467719E+02     0.1833955E+02
    -0.6467928E+02     0.1834386E+02
    -0.6468187E+02     0.1834925E+02
    -0.6468620E+02     0.1834954E+02
    -0.6469178E+02     0.1834571E+02
    -0.6469490E+02     0.1834621E+02
    -0.6469607E+02     0.1834898E+02
    -0.6469260E+02     0.1835651E+02
    -0.6469519E+02     0.1835999E+02
    -0.6470457E+02     0.1835988E+02
    -0.6470582E+02     0.1835691E+02
    -0.6470374E+02     0.1835092E+02
    -0.6470449E+02     0.1834840E+02
    -0.6470715E+02     0.1834797E+02
    -0.6471066E+02     0.1835422E+02
    -0.6471330E+02     0.1835471E+02
    -0.6471503E+02     0.1835175E+02
    -0.6471412E+02     0.1834830E+02
    -0.6470271E+02     0.1833827E+02
    -0.6469967E+02     0.1833204E+02
    -0.6469902E+02     0.1832675E+02
    -0.6470245E+02     0.1832266E+02
    -0.6470158E+02     0.1831507E+02
    -0.6470312E+02     0.1830797E+02
    -0.6470699E+02     0.1830733E+02
END
5
    -0.6486361E+02     0.1836795E+02
    -0.6485441E+02     0.1836268E+02
    -0.6485944E+02     0.1836458E+02
    -0.6487530E+02     0.1836569E+02
    -0.6487719E+02     0.1836823E+02
    -0.6487112E+02     0.1837206E+02
    -0.6485961E+02     0.1836986E+02
    -0.6485334E+02     0.1837093E+02
    -0.6484930E+02     0.1836698E+02
    -0.6485152E+02     0.1836333E+02
    -0.6485441E+02     0.1836268E+02
END
6
    -0.6480589E+02     0.1836753E+02
    -0.6479901E+02     0.1836774E+02
    -0.6480434E+02     0.1836459E+02
    -0.6481085E+02     0.1836398E+02
    -0.6481491E+02     0.1836633E+02
    -0.6480747E+02     0.1836995E+02
    -0.6480042E+02     0.1837028E+02
    -0.6479901E+02     0.1836774E+02
END
7
    -0.6483331E+02     0.1836524E+02
    -0.6482694E+02     0.1836602E+02
    -0.6482914E+02     0.1836352E+02
    -0.6483710E+02     0.1836155E+02
    -0.6484068E+02     0.1836343E+02
    -0.6483752E+02     0.1836684E+02
    -0.6483367E+02     0.1836633E+02
    -0.6483125E+02     0.1836814E+02
    -0.6482694E+02     0.1836602E+02
END
8
    -0.6495143E+02     0.1832718E+02
    -0.6495507E+02     0.1831497E+02
    -0.6495867E+02     0.1831501E+02
    -0.6496056E+02     0.1831847E+02
    -0.6496415E+02     0.1831966E+02
    -0.6496363E+02     0.1832264E+02
    -0.6495953E+02     0.1832351E+02
    -0.6495706E+02     0.1832877E+02
    -0.6495368E+02     0.1832987E+02
    -0.6494807E+02     0.1833578E+02
    -0.6494446E+02     0.1833665E+02
    -0.6494310E+02     0.1832998E+02
    -0.6494457E+02     0.1832724E+02
    -0.6495181E+02     0.1832526E+02
    -0.6495507E+02     0.1831497E+02
END
9
    -0.6461597E+02     0.1832288E+02
    -0.6462923E+02     0.1831274E+02
    -0.6462968E+02     0.1831458E+02
    -0.6462621E+02     0.1832211E+02
    -0.6462161E+02     0.1832388E+02
    -0.6462110E+02     0.1832594E+02
    -0.6462467E+02     0.1832852E+02
    -0.6462321E+02     0.1833010E+02
    -0.6461386E+02     0.1832791E+02
    -0.6460107E+02     0.1833072E+02
    -0.6459459E+02     0.1832995E+02
    -0.6459296E+02     0.1832648E+02
    -0.6459468E+02     0.1832352E+02
    -0.6460743E+02     0.1832323E+02
    -0.6460963E+02     0.1832143E+02
    -0.6461019E+02     0.1831547E+02
    -0.6461238E+02     0.1831389E+02
    -0.6461838E+02     0.1831466E+02
    -0.6462249E+02     0.1831288E+02
    -0.6462923E+02     0.1831274E+02
END
10
    -0.6482931E+02     0.1831766E+02
    -0.6483510E+02     0.1831193E+02
    -0.6483677E+02     0.1831333E+02
    -0.6483305E+02     0.1832224E+02
    -0.6482560E+02     0.1832123E+02
    -0.6482299E+02     0.1831867E+02
    -0.6482446E+02     0.1831639E+02
    -0.6483510E+02     0.1831193E+02
END
11
    -0.6462163E+02     0.1779230E+02
    -0.6461919E+02     0.1778827E+02
    -0.6463140E+02     0.1778958E+02
    -0.6463185E+02     0.1779142E+02
    -0.6462605E+02     0.1779456E+02
    -0.6462077E+02     0.1779540E+02
    -0.6461479E+02     0.1779440E+02
    -0.6461268E+02     0.1779139E+02
    -0.6461919E+02     0.1778827E+02
END
12
    -0.6475627E+02     0.1774227E+02
    -0.6474940E+02     0.1771377E+02
    -0.6476540E+02     0.1769997E+02
    -0.6477043E+02     0.1769958E+02
    -0.6477686E+02     0.1770241E+02
    -0.6478764E+02     0.1770324E+02
    -0.6480876E+02     0.1769983E+02
    -0.6482343E+02     0.1769542E+02
    -0.6483623E+02     0.1768800E+02
    -0.6483857E+02     0.1768760E+02
    -0.6484127E+02     0.1768715E+02
    -0.6484815E+02     0.1769228E+02
    -0.6485245E+02     0.1769348E+02
    -0.6487376E+02     0.1769443E+02
    -0.6488721E+02     0.1769069E+02
    -0.6490002E+02     0.1768258E+02
    -0.6490553E+02     0.1768172E+02
    -0.6490741E+02     0.1768542E+02
    -0.6490735E+02     0.1769001E+02
    -0.6489985E+02     0.1769566E+02
    -0.6489661E+02     0.1770572E+02
    -0.6489201E+02     0.1770957E+02
    -0.6488901E+02     0.1771986E+02
    -0.6488940E+02     0.1772698E+02
    -0.6489121E+02     0.1773166E+02
    -0.6489729E+02     0.1774727E+02
    -0.6489690E+02     0.1775851E+02
    -0.6489566E+02     0.1776240E+02
    -0.6488376E+02     0.1777465E+02
    -0.6487965E+02     0.1777713E+02
    -0.6487389E+02     0.1777798E+02
    -0.6485958E+02     0.1777229E+02
    -0.6484380E+02     0.1776958E+02
    -0.6482407E+02     0.1777485E+02
    -0.6481628E+02     0.1778439E+02
    -0.6481068E+02     0.1778441E+02
    -0.6480262E+02     0.1778445E+02
    -0.6479127E+02     0.1779073E+02
    -0.6478719E+02     0.1779137E+02
    -0.6476951E+02     0.1778702E+02
    -0.6476452E+02     0.1778351E+02
    -0.6476344E+02     0.1777409E+02
    -0.6476035E+02     0.1777244E+02
    -0.6475883E+02     0.1777839E+02
    -0.6475429E+02     0.1777764E+02
    -0.6475392E+02     0.1778728E+02
    -0.6474393E+02     0.1778390E+02
    -0.6473929E+02     0.1777034E+02
    -0.6472974E+02     0.1776792E+02
    -0.6472112E+02     0.1775971E+02
    -0.6471338E+02     0.1775485E+02
    -0.6469854E+02     0.1775351E+02
    -0.6468908E+02     0.1775607E+02
    -0.6468294E+02     0.1775514E+02
    -0.6468195E+02     0.1775720E+02
    -0.6468314E+02     0.1775767E+02
    -0.6469396E+02     0.1775822E+02
    -0.6469556E+02     0.1776059E+02
    -0.6469460E+02     0.1776126E+02
    -0.6468787E+02     0.1776209E+02
    -0.6467461E+02     0.1776766E+02
    -0.6467033E+02     0.1776600E+02
    -0.6466553E+02     0.1776639E+02
    -0.6465662E+02     0.1776926E+02
    -0.6463798E+02     0.1776510E+02
    -0.6462623E+02     0.1776564E+02
    -0.6462436E+02     0.1776622E+02
    -0.6461925E+02     0.1776784E+02
    -0.6461115E+02     0.1776451E+02
    -0.6458691E+02     0.1776671E+02
    -0.6457159E+02     0.1776535E+02
    -0.6456518E+02     0.1776090E+02
    -0.6457368E+02     0.1775321E+02
    -0.6460125E+02     0.1775244E+02
    -0.6461268E+02     0.1774135E+02
    -0.6462398E+02     0.1773852E+02
    -0.6462641E+02     0.1773735E+02
    -0.6464062E+02     0.1773048E+02
    -0.6465337E+02     0.1772953E+02
    -0.6465936E+02     0.1772775E+02
    -0.6467168E+02     0.1772057E+02
    -0.6468493E+02     0.1771500E+02
    -0.6469575E+02     0.1771239E+02
    -0.6470893E+02     0.1771187E+02
    -0.6471666E+02     0.1770761E+02
    -0.6472122E+02     0.1770698E+02
    -0.6472954E+02     0.1771168E+02
    -0.6474200E+02     0.1771115E+02
    -0.6474940E+02     0.1771377E+02
END
13
    -0.6492975E+02     0.1835597E+02
    -0.6500000E+02     0.1835591E+02
    -0.6501020E+02     0.1835003E+02
    -0.6501740E+02     0.1835149E+02
    -0.6501931E+02     0.1835107E+02
    -0.6502633E+02     0.1834953E+02
    -0.6503635E+02     0.1835652E+02
    -0.6503823E+02     0.1835999E+02
    -0.6503723E+02     0.1836296E+02
    -0.6502919E+02     0.1837160E+02
    -0.6501646E+02     0.1837031E+02
    -0.6500703E+02     0.1837387E+02
    -0.6500313E+02     0.1837842E+02
    -0.6500000E+02     0.1837827E+02
    -0.6499688E+02     0.1837812E+02
    -0.6499104E+02     0.1838288E+02
    -0.6496751E+02     0.1837917E+02
    -0.6496099E+02     0.1838116E+02
    -0.6495574E+02     0.1837788E+02
    -0.6495206E+02     0.1838404E+02
    -0.6494714E+02     0.1838115E+02
    -0.6494608E+02     0.1838053E+02
    -0.6493805E+02     0.1836895E+02
    -0.6493422E+02     0.1836753E+02
    -0.6492818E+02     0.1836907E+02
    -0.6492548E+02     0.1837386E+02
    -0.6492759E+02     0.1837824E+02
    -0.6493496E+02     0.1838522E+02
    -0.6494382E+02     0.1838899E+02
    -0.6494354E+02     0.1839175E+02
    -0.6493322E+02     0.1838956E+02
    -0.6492848E+02     0.1838377E+02
    -0.6491512E+02     0.1837511E+02
    -0.6490814E+02     0.1837480E+02
    -0.6488258E+02     0.1836049E+02
    -0.6488124E+02     0.1836020E+02
    -0.6487131E+02     0.1835806E+02
    -0.6484843E+02     0.1834102E+02
    -0.6484777E+02     0.1833665E+02
    -0.6485000E+02     0.1833163E+02
    -0.6484592E+02     0.1833089E+02
    -0.6483793E+02     0.1833470E+02
    -0.6483363E+02     0.1833212E+02
    -0.6483367E+02     0.1832914E+02
    -0.6483779E+02     0.1832689E+02
    -0.6483784E+02     0.1832276E+02
    -0.6484438E+02     0.1831939E+02
    -0.6485732E+02     0.1832299E+02
    -0.6486407E+02     0.1832147E+02
    -0.6486934E+02     0.1832360E+02
    -0.6487105E+02     0.1832201E+02
    -0.6487063E+02     0.1831696E+02
    -0.6487553E+02     0.1831013E+02
    -0.6487794E+02     0.1830970E+02
    -0.6489275E+02     0.1831745E+02
    -0.6491697E+02     0.1832279E+02
    -0.6492221E+02     0.1832721E+02
    -0.6492554E+02     0.1833396E+02
    -0.6492643E+02     0.1833576E+02
    -0.6493075E+02     0.1833649E+02
    -0.6493201E+02     0.1833169E+02
    -0.6493420E+02     0.1833011E+02
    -0.6493803E+02     0.1833176E+02
    -0.6493990E+02     0.1833614E+02
    -0.6493863E+02     0.1834118E+02
    -0.6494052E+02     0.1834396E+02
    -0.6494656E+02     0.1834127E+02
    -0.6494990E+02     0.1834406E+02
    -0.6495231E+02     0.1834363E+02
    -0.6496809E+02     0.1833142E+02
    -0.6497423E+02     0.1834113E+02
    -0.6498753E+02     0.1835460E+02
    -0.6499304E+02     0.1835719E+02
    -0.6499809E+02     0.1835701E+02
    -0.6500000E+02     0.1835591E+02
END
END
