west_virginia
1
    -0.8048940E+02     0.3884640E+02
    -0.8051490E+02     0.4063011E+02
    -0.8051527E+02     0.4046551E+02
    -0.8051643E+02     0.4033972E+02
    -0.8051759E+02     0.4021394E+02
    -0.8051874E+02     0.4008818E+02
    -0.8052411E+02     0.4000000E+02
    -0.8052355E+02     0.3999250E+02
    -0.8052489E+02     0.3996777E+02
    -0.8052187E+02     0.3988243E+02
    -0.8052374E+02     0.3987005E+02
    -0.8052086E+02     0.3985886E+02
    -0.8052099E+02     0.3983299E+02
    -0.8051960E+02     0.3980165E+02
    -0.8051900E+02     0.3978792E+02
    -0.8051659E+02     0.3975338E+02
    -0.8051870E+02     0.3973801E+02
    -0.8051878E+02     0.3972565E+02
    -0.8051706E+02     0.3971236E+02
    -0.8050605E+02     0.3971067E+02
    -0.8042364E+02     0.3971333E+02
    -0.8041323E+02     0.3971138E+02
    -0.8039814E+02     0.3971381E+02
    -0.8037975E+02     0.3971376E+02
    -0.8036110E+02     0.3971576E+02
    -0.8035158E+02     0.3971402E+02
    -0.8028693E+02     0.3971437E+02
    -0.8026818E+02     0.3971340E+02
    -0.8026764E+02     0.3971384E+02
    -0.8025786E+02     0.3971416E+02
    -0.8024539E+02     0.3971380E+02
    -0.8023056E+02     0.3971347E+02
    -0.8023058E+02     0.3971438E+02
    -0.8021400E+02     0.3971658E+02
    -0.8020358E+02     0.3971460E+02
    -0.8019469E+02     0.3971467E+02
    -0.8019020E+02     0.3971173E+02
    -0.8018757E+02     0.3971473E+02
    -0.8017651E+02     0.3971468E+02
    -0.8013122E+02     0.3971447E+02
    -0.8012555E+02     0.3971223E+02
    -0.8005317E+02     0.3971091E+02
    -0.8003807E+02     0.3971307E+02
    -0.8003034E+02     0.3971152E+02
    -0.8002026E+02     0.3971204E+02
    -0.8000000E+02     0.3971247E+02
    -0.7998913E+02     0.3971270E+02
    -0.7996838E+02     0.3971444E+02
    -0.7996155E+02     0.3971242E+02
    -0.7994405E+02     0.3971206E+02
    -0.7993126E+02     0.3970985E+02
    -0.7992981E+02     0.3971215E+02
    -0.7992225E+02     0.3970929E+02
    -0.7992061E+02     0.3971128E+02
    -0.7991319E+02     0.3971140E+02
    -0.7989688E+02     0.3971165E+02
    -0.7980584E+02     0.3971189E+02
    -0.7978271E+02     0.3971201E+02
    -0.7977261E+02     0.3971045E+02
    -0.7976224E+02     0.3971141E+02
    -0.7974385E+02     0.3971149E+02
    -0.7971746E+02     0.3971206E+02
    -0.7963352E+02     0.3971078E+02
    -0.7961782E+02     0.3971381E+02
    -0.7960891E+02     0.3971178E+02
    -0.7957095E+02     0.3971007E+02
    -0.7956532E+02     0.3971123E+02
    -0.7953981E+02     0.3971222E+02
    -0.7952795E+02     0.3971065E+02
    -0.7952202E+02     0.3971227E+02
    -0.7947635E+02     0.3971254E+02
    -0.7947707E+02     0.3967186E+02
    -0.7947843E+02     0.3963980E+02
    -0.7948065E+02     0.3960408E+02
    -0.7948140E+02     0.3956790E+02
    -0.7948244E+02     0.3953195E+02
    -0.7948534E+02     0.3951935E+02
    -0.7948295E+02     0.3951294E+02
    -0.7948287E+02     0.3949462E+02
    -0.7948449E+02     0.3945592E+02
    -0.7948524E+02     0.3942271E+02
    -0.7948538E+02     0.3941733E+02
    -0.7948550E+02     0.3941309E+02
    -0.7948688E+02     0.3938972E+02
    -0.7948799E+02     0.3937323E+02
    -0.7948819E+02     0.3935102E+02
    -0.7948809E+02     0.3932605E+02
    -0.7948891E+02     0.3929480E+02
    -0.7949038E+02     0.3923809E+02
    -0.7948915E+02     0.3922687E+02
    -0.7949054E+02     0.3920556E+02
    -0.7948991E+02     0.3919709E+02
    -0.7947253E+02     0.3919667E+02
    -0.7945889E+02     0.3919526E+02
    -0.7945889E+02     0.3919526E+02
    -0.7944185E+02     0.3921150E+02
    -0.7943797E+02     0.3921669E+02
    -0.7943304E+02     0.3922314E+02
    -0.7942109E+02     0.3923331E+02
    -0.7941674E+02     0.3923952E+02
    -0.7938754E+02     0.3926378E+02
    -0.7938055E+02     0.3926682E+02
    -0.7937522E+02     0.3926914E+02
    -0.7936344E+02     0.3927060E+02
    -0.7935257E+02     0.3927456E+02
    -0.7934589E+02     0.3928377E+02
    -0.7934332E+02     0.3929157E+02
    -0.7933630E+02     0.3929643E+02
    -0.7932278E+02     0.3930087E+02
    -0.7931068E+02     0.3930141E+02
    -0.7929912E+02     0.3929598E+02
    -0.7929499E+02     0.3929647E+02
    -0.7928944E+02     0.3930131E+02
    -0.7928690E+02     0.3931232E+02
    -0.7928049E+02     0.3931992E+02
    -0.7926888E+02     0.3933240E+02
    -0.7926764E+02     0.3933374E+02
    -0.7926058E+02     0.3933653E+02
    -0.7925914E+02     0.3933974E+02
    -0.7925954E+02     0.3935051E+02
    -0.7925604E+02     0.3935442E+02
    -0.7925281E+02     0.3935604E+02
    -0.7924130E+02     0.3935703E+02
    -0.7922364E+02     0.3936286E+02
    -0.7920956E+02     0.3937233E+02
    -0.7920606E+02     0.3937761E+02
    -0.7919903E+02     0.3938338E+02
    -0.7919402E+02     0.3938524E+02
    -0.7918045E+02     0.3938646E+02
    -0.7917280E+02     0.3939016E+02
    -0.7917110E+02     0.3939819E+02
    -0.7916452E+02     0.3941121E+02
    -0.7916413E+02     0.3941196E+02
    -0.7916119E+02     0.3941381E+02
    -0.7915677E+02     0.3941452E+02
    -0.7915409E+02     0.3941224E+02
    -0.7915105E+02     0.3940195E+02
    -0.7914780E+02     0.3940220E+02
    -0.7913174E+02     0.3942495E+02
    -0.7912002E+02     0.3943692E+02
    -0.7911213E+02     0.3944795E+02
    -0.7910835E+02     0.3945644E+02
    -0.7910729E+02     0.3947110E+02
    -0.7910109E+02     0.3947227E+02
    -0.7909041E+02     0.3946752E+02
    -0.7908154E+02     0.3946824E+02
    -0.7907770E+02     0.3947073E+02
    -0.7907654E+02     0.3947147E+02
    -0.7907211E+02     0.3947172E+02
    -0.7906645E+02     0.3946740E+02
    -0.7906231E+02     0.3946719E+02
    -0.7905614E+02     0.3947225E+02
    -0.7904671E+02     0.3947641E+02
    -0.7903330E+02     0.3946365E+02
    -0.7902589E+02     0.3946024E+02
    -0.7901257E+02     0.3945869E+02
    -0.7898084E+02     0.3944439E+02
    -0.7896365E+02     0.3943781E+02
    -0.7896011E+02     0.3943829E+02
    -0.7895428E+02     0.3945457E+02
    -0.7895371E+02     0.3945617E+02
    -0.7893343E+02     0.3947662E+02
    -0.7891898E+02     0.3948308E+02
    -0.7891251E+02     0.3948951E+02
    -0.7890578E+02     0.3950213E+02
    -0.7889045E+02     0.3951294E+02
    -0.7887835E+02     0.3951916E+02
    -0.7885541E+02     0.3954739E+02
    -0.7885266E+02     0.3954966E+02
    -0.7884656E+02     0.3955474E+02
    -0.7883710E+02     0.3955705E+02
    -0.7882880E+02     0.3955593E+02
    -0.7882466E+02     0.3955800E+02
    -0.7881966E+02     0.3956374E+02
    -0.7882265E+02     0.3957174E+02
    -0.7882003E+02     0.3958136E+02
    -0.7881297E+02     0.3959237E+02
    -0.7880058E+02     0.3960476E+02
    -0.7879887E+02     0.3961942E+02
    -0.7879504E+02     0.3962607E+02
    -0.7879002E+02     0.3962906E+02
    -0.7877490E+02     0.3963000E+02
    -0.7876425E+02     0.3963438E+02
    -0.7877012E+02     0.3961903E+02
    -0.7877010E+02     0.3961514E+02
    -0.7876565E+02     0.3961194E+02
    -0.7875943E+02     0.3961218E+02
    -0.7874937E+02     0.3961792E+02
    -0.7874168E+02     0.3961863E+02
    -0.7873098E+02     0.3960949E+02
    -0.7873008E+02     0.3960605E+02
    -0.7873923E+02     0.3959917E+02
    -0.7874695E+02     0.3960076E+02
    -0.7875701E+02     0.3959937E+02
    -0.7876735E+02     0.3959179E+02
    -0.7876347E+02     0.3958424E+02
    -0.7875307E+02     0.3957556E+02
    -0.7874834E+02     0.3957397E+02
    -0.7874048E+02     0.3957398E+02
    -0.7873562E+02     0.3957834E+02
    -0.7872820E+02     0.3957584E+02
    -0.7872253E+02     0.3956279E+02
    -0.7871037E+02     0.3955159E+02
    -0.7866591E+02     0.3953151E+02
    -0.7865080E+02     0.3952741E+02
    -0.7861589E+02     0.3953111E+02
    -0.7860825E+02     0.3953051E+02
    -0.7860435E+02     0.3953020E+02
    -0.7859102E+02     0.3952678E+02
    -0.7857858E+02     0.3952083E+02
    -0.7856230E+02     0.3951580E+02
    -0.7854958E+02     0.3951466E+02
    -0.7852798E+02     0.3951741E+02
    -0.7851170E+02     0.3951741E+02
    -0.7848270E+02     0.3951077E+02
    -0.7847649E+02     0.3951191E+02
    -0.7846703E+02     0.3951031E+02
    -0.7846210E+02     0.3951069E+02
    -0.7846111E+02     0.3951077E+02
    -0.7845252E+02     0.3952198E+02
    -0.7844985E+02     0.3953411E+02
    -0.7845162E+02     0.3953961E+02
    -0.7845014E+02     0.3954305E+02
    -0.7844748E+02     0.3954350E+02
    -0.7843771E+02     0.3953663E+02
    -0.7843269E+02     0.3953571E+02
    -0.7843002E+02     0.3953800E+02
    -0.7843002E+02     0.3954372E+02
    -0.7842735E+02     0.3954441E+02
    -0.7841699E+02     0.3953959E+02
    -0.7841285E+02     0.3954005E+02
    -0.7840989E+02     0.3954279E+02
    -0.7841550E+02     0.3954806E+02
    -0.7844688E+02     0.3956365E+02
    -0.7845132E+02     0.3956915E+02
    -0.7845196E+02     0.3957399E+02
    -0.7845250E+02     0.3957808E+02
    -0.7844627E+02     0.3958220E+02
    -0.7844006E+02     0.3958403E+02
    -0.7842880E+02     0.3958379E+02
    -0.7840453E+02     0.3957507E+02
    -0.7839534E+02     0.3957598E+02
    -0.7839178E+02     0.3957987E+02
    -0.7839503E+02     0.3958537E+02
    -0.7840599E+02     0.3958973E+02
    -0.7842020E+02     0.3960096E+02
    -0.7842256E+02     0.3960600E+02
    -0.7842285E+02     0.3961240E+02
    -0.7841811E+02     0.3961629E+02
    -0.7841040E+02     0.3961674E+02
    -0.7839386E+02     0.3960972E+02
    -0.7837961E+02     0.3960367E+02
    -0.7837368E+02     0.3960275E+02
    -0.7837131E+02     0.3960480E+02
    -0.7837514E+02     0.3961580E+02
    -0.7837218E+02     0.3961969E+02
    -0.7836655E+02     0.3962060E+02
    -0.7835766E+02     0.3961853E+02
    -0.7835292E+02     0.3961921E+02
    -0.7835025E+02     0.3962127E+02
    -0.7834904E+02     0.3962882E+02
    -0.7834223E+02     0.3963064E+02
    -0.7831467E+02     0.3962762E+02
    -0.7829011E+02     0.3961568E+02
    -0.7827264E+02     0.3961015E+02
    -0.7826435E+02     0.3960876E+02
    -0.7825871E+02     0.3961311E+02
    -0.7825721E+02     0.3962020E+02
    -0.7824977E+02     0.3962820E+02
    -0.7823641E+02     0.3963641E+02
    -0.7822095E+02     0.3964874E+02
    -0.7822064E+02     0.3965400E+02
    -0.7822335E+02     0.3965730E+02
    -0.7822950E+02     0.3966478E+02
    -0.7822712E+02     0.3966730E+02
    -0.7819746E+02     0.3966769E+02
    -0.7819093E+02     0.3967225E+02
    -0.7818258E+02     0.3968207E+02
    -0.7817693E+02     0.3968457E+02
    -0.7816862E+02     0.3968570E+02
    -0.7815352E+02     0.3968222E+02
    -0.7813188E+02     0.3967964E+02
    -0.7809339E+02     0.3966830E+02
    -0.7807328E+02     0.3965908E+02
    -0.7806059E+02     0.3964827E+02
    -0.7802842E+02     0.3962572E+02
    -0.7801652E+02     0.3961058E+02
    -0.7801652E+02     0.3961058E+02
    -0.7801024E+02     0.3960209E+02
    -0.7800792E+02     0.3959843E+02
    -0.7800321E+02     0.3959731E+02
    -0.7799615E+02     0.3959580E+02
    -0.7799335E+02     0.3959396E+02
    -0.7798817E+02     0.3959320E+02
    -0.7798346E+02     0.3959280E+02
    -0.7797874E+02     0.3959277E+02
    -0.7797120E+02     0.3959272E+02
    -0.7796363E+02     0.3959486E+02
    -0.7795841E+02     0.3959701E+02
    -0.7795462E+02     0.3959881E+02
    -0.7795132E+02     0.3959879E+02
    -0.7794709E+02     0.3959730E+02
    -0.7794616E+02     0.3959620E+02
    -0.7794435E+02     0.3958998E+02
    -0.7794163E+02     0.3958121E+02
    -0.7793884E+02     0.3957791E+02
    -0.7793365E+02     0.3957824E+02
    -0.7793221E+02     0.3958078E+02
    -0.7793122E+02     0.3958369E+02
    -0.7793027E+02     0.3958478E+02
    -0.7793018E+02     0.3959208E+02
    -0.7793013E+02     0.3959608E+02
    -0.7793523E+02     0.3960378E+02
    -0.7793752E+02     0.3960854E+02
    -0.7793751E+02     0.3961000E+02
    -0.7793467E+02     0.3961071E+02
    -0.7793279E+02     0.3961069E+02
    -0.7792854E+02     0.3960993E+02
    -0.7791644E+02     0.3959781E+02
    -0.7791128E+02     0.3959522E+02
    -0.7790517E+02     0.3959372E+02
    -0.7789480E+02     0.3959292E+02
    -0.7788868E+02     0.3959178E+02
    -0.7788304E+02     0.3959064E+02
    -0.7788068E+02     0.3959099E+02
    -0.7787782E+02     0.3959279E+02
    -0.7787688E+02     0.3959315E+02
    -0.7787685E+02     0.3959497E+02
    -0.7788101E+02     0.3960157E+02
    -0.7788146E+02     0.3960340E+02
    -0.7788144E+02     0.3960522E+02
    -0.7787860E+02     0.3960556E+02
    -0.7787625E+02     0.3960482E+02
    -0.7786357E+02     0.3960071E+02
    -0.7785322E+02     0.3959917E+02
    -0.7784285E+02     0.3959837E+02
    -0.7783580E+02     0.3959685E+02
    -0.7783015E+02     0.3959608E+02
    -0.7782735E+02     0.3959350E+02
    -0.7782504E+02     0.3959057E+02
    -0.7782414E+02     0.3958691E+02
    -0.7782327E+02     0.3958216E+02
    -0.7782428E+02     0.3957670E+02
    -0.7782728E+02     0.3956433E+02
    -0.7782923E+02     0.3955960E+02
    -0.7783021E+02     0.3955705E+02
    -0.7783447E+02     0.3955563E+02
    -0.7784910E+02     0.3955392E+02
    -0.7787364E+02     0.3955155E+02
    -0.7787696E+02     0.3955012E+02
    -0.7787981E+02     0.3954868E+02
    -0.7787936E+02     0.3954649E+02
    -0.7787938E+02     0.3954539E+02
    -0.7787750E+02     0.3954465E+02
    -0.7787423E+02     0.3954280E+02
    -0.7786814E+02     0.3953947E+02
    -0.7786440E+02     0.3953762E+02
    -0.7786022E+02     0.3953248E+02
    -0.7785934E+02     0.3952847E+02
    -0.7785989E+02     0.3952227E+02
    -0.7786045E+02     0.3951498E+02
    -0.7785954E+02     0.3951242E+02
    -0.7785580E+02     0.3951020E+02
    -0.7785206E+02     0.3950871E+02
    -0.7784734E+02     0.3950868E+02
    -0.7783932E+02     0.3950971E+02
    -0.7783456E+02     0.3951332E+02
    -0.7783452E+02     0.3951661E+02
    -0.7783447E+02     0.3952061E+02
    -0.7783347E+02     0.3952425E+02
    -0.7782970E+02     0.3952459E+02
    -0.7782404E+02     0.3952528E+02
    -0.7782123E+02     0.3952416E+02
    -0.7782030E+02     0.3952306E+02
    -0.7781796E+02     0.3952195E+02
    -0.7781757E+02     0.3951611E+02
    -0.7781857E+02     0.3951210E+02
    -0.7781955E+02     0.3950883E+02
    -0.7783524E+02     0.3949801E+02
    -0.7783669E+02     0.3949546E+02
    -0.7783577E+02     0.3949400E+02
    -0.7783392E+02     0.3949070E+02
    -0.7783112E+02     0.3948922E+02
    -0.7782690E+02     0.3948773E+02
    -0.7781938E+02     0.3948694E+02
    -0.7781328E+02     0.3948544E+02
    -0.7779775E+02     0.3948458E+02
    -0.7778976E+02     0.3948379E+02
    -0.7778455E+02     0.3948520E+02
    -0.7778026E+02     0.3948954E+02
    -0.7777788E+02     0.3949135E+02
    -0.7777455E+02     0.3949314E+02
    -0.7776890E+02     0.3949347E+02
    -0.7776466E+02     0.3949270E+02
    -0.7776186E+02     0.3949122E+02
    -0.7776098E+02     0.3948720E+02
    -0.7776054E+02     0.3948537E+02
    -0.7776199E+02     0.3948283E+02
    -0.7776814E+02     0.3948069E+02
    -0.7777380E+02     0.3948001E+02
    -0.7777853E+02     0.3947786E+02
    -0.7778326E+02     0.3947680E+02
    -0.7778754E+02     0.3947356E+02
    -0.7778902E+02     0.3946919E+02
    -0.7778904E+02     0.3946737E+02
    -0.7778531E+02     0.3946478E+02
    -0.7778064E+02     0.3946255E+02
    -0.7777548E+02     0.3946106E+02
    -0.7777410E+02     0.3945885E+02
    -0.7777413E+02     0.3945667E+02
    -0.7777603E+02     0.3945522E+02
    -0.7778685E+02     0.3945568E+02
    -0.7779016E+02     0.3945498E+02
    -0.7779114E+02     0.3945206E+02
    -0.7779022E+02     0.3945060E+02
    -0.7778558E+02     0.3944582E+02
    -0.7778233E+02     0.3944287E+02
    -0.7778049E+02     0.3943958E+02
    -0.7778240E+02     0.3943777E+02
    -0.7779234E+02     0.3943347E+02
    -0.7779237E+02     0.3943201E+02
    -0.7779286E+02     0.3942983E+02
    -0.7779289E+02     0.3942764E+02
    -0.7778822E+02     0.3942578E+02
    -0.7778304E+02     0.3942537E+02
    -0.7777319E+02     0.3942383E+02
    -0.7776145E+02     0.3942154E+02
    -0.7775536E+02     0.3942003E+02
    -0.7774976E+02     0.3941707E+02
    -0.7774654E+02     0.3941193E+02
    -0.7773641E+02     0.3939653E+02
    -0.7773328E+02     0.3938592E+02
    -0.7773332E+02     0.3938300E+02
    -0.7773526E+02     0.3937901E+02
    -0.7774424E+02     0.3937616E+02
    -0.7774755E+02     0.3937473E+02
    -0.7774853E+02     0.3937219E+02
    -0.7774667E+02     0.3937035E+02
    -0.7774390E+02     0.3936668E+02
    -0.7774023E+02     0.3936117E+02
    -0.7774032E+02     0.3935461E+02
    -0.7774131E+02     0.3934613E+02
    -0.7775033E+02     0.3934111E+02
    -0.7775338E+02     0.3933651E+02
    -0.7775462E+02     0.3933328E+02
    -0.7775346E+02     0.3933096E+02
    -0.7775050E+02     0.3932954E+02
    -0.7774577E+02     0.3932626E+02
    -0.7773508E+02     0.3932339E+02
    -0.7773035E+02     0.3932104E+02
    -0.7772532E+02     0.3932001E+02
    -0.7772532E+02     0.3932001E+02
    -0.7773901E+02     0.3929208E+02
    -0.7774636E+02     0.3927751E+02
    -0.7775284E+02     0.3926223E+02
    -0.7775056E+02     0.3925785E+02
    -0.7776227E+02     0.3924654E+02
    -0.7777114E+02     0.3922900E+02
    -0.7777538E+02     0.3922332E+02
    -0.7777515E+02     0.3921942E+02
    -0.7778893E+02     0.3919071E+02
    -0.7779176E+02     0.3918158E+02
    -0.7780570E+02     0.3915951E+02
    -0.7782421E+02     0.3912856E+02
    -0.7784113E+02     0.3913744E+02
    -0.7785332E+02     0.3914743E+02
    -0.7792081E+02     0.3919186E+02
    -0.7793602E+02     0.3920281E+02
    -0.7794481E+02     0.3920542E+02
    -0.7795036E+02     0.3920891E+02
    -0.7795672E+02     0.3921608E+02
    -0.7796985E+02     0.3922445E+02
    -0.7797833E+02     0.3922797E+02
    -0.7799437E+02     0.3924085E+02
    -0.7799702E+02     0.3924053E+02
    -0.7800253E+02     0.3924493E+02
    -0.7805508E+02     0.3927932E+02
    -0.7806445E+02     0.3928506E+02
    -0.7807671E+02     0.3929257E+02
    -0.7810622E+02     0.3931230E+02
    -0.7811709E+02     0.3931606E+02
    -0.7812820E+02     0.3932348E+02
    -0.7813022E+02     0.3932648E+02
    -0.7815128E+02     0.3933994E+02
    -0.7819843E+02     0.3936895E+02
    -0.7821336E+02     0.3937800E+02
    -0.7821539E+02     0.3938099E+02
    -0.7822243E+02     0.3938540E+02
    -0.7829718E+02     0.3943222E+02
    -0.7830602E+02     0.3943457E+02
    -0.7832713E+02     0.3944892E+02
    -0.7833504E+02     0.3945515E+02
    -0.7833918E+02     0.3945541E+02
    -0.7834070E+02     0.3945176E+02
    -0.7834171E+02     0.3944077E+02
    -0.7834741E+02     0.3943211E+02
    -0.7835654E+02     0.3940835E+02
    -0.7835634E+02     0.3939942E+02
    -0.7834564E+02     0.3937828E+02
    -0.7835526E+02     0.3936322E+02
    -0.7836212E+02     0.3935617E+02
    -0.7835950E+02     0.3935226E+02
    -0.7834742E+02     0.3935080E+02
    -0.7834157E+02     0.3934618E+02
    -0.7833927E+02     0.3934021E+02
    -0.7835275E+02     0.3932267E+02
    -0.7835397E+02     0.3931878E+02
    -0.7835783E+02     0.3931652E+02
    -0.7836024E+02     0.3931081E+02
    -0.7836678E+02     0.3930719E+02
    -0.7837335E+02     0.3929875E+02
    -0.7837638E+02     0.3929121E+02
    -0.7838800E+02     0.3928029E+02
    -0.7841039E+02     0.3925341E+02
    -0.7841045E+02     0.3924699E+02
    -0.7840260E+02     0.3923664E+02
    -0.7840301E+02     0.3922564E+02
    -0.7840541E+02     0.3922131E+02
    -0.7841492E+02     0.3921243E+02
    -0.7842115E+02     0.3920858E+02
    -0.7842861E+02     0.3919877E+02
    -0.7842899E+02     0.3919121E+02
    -0.7840740E+02     0.3916977E+02
    -0.7839982E+02     0.3916285E+02
    -0.7840697E+02     0.3915696E+02
    -0.7841941E+02     0.3914671E+02
    -0.7844379E+02     0.3912120E+02
    -0.7845184E+02     0.3911163E+02
    -0.7846246E+02     0.3910756E+02
    -0.7847958E+02     0.3910148E+02
    -0.7850027E+02     0.3909014E+02
    -0.7852757E+02     0.3906302E+02
    -0.7853468E+02     0.3905642E+02
    -0.7855777E+02     0.3903706E+02
    -0.7856313E+02     0.3902838E+02
    -0.7856200E+02     0.3902379E+02
    -0.7855379E+02     0.3902008E+02
    -0.7855179E+02     0.3901412E+02
    -0.7855389E+02     0.3900955E+02
    -0.7856396E+02     0.3899791E+02
    -0.7857643E+02     0.3898148E+02
    -0.7857526E+02     0.3898147E+02
    -0.7858701E+02     0.3896913E+02
    -0.7858829E+02     0.3896778E+02
    -0.7859509E+02     0.3896117E+02
    -0.7861263E+02     0.3897226E+02
    -0.7861820E+02     0.3897343E+02
    -0.7862380E+02     0.3897047E+02
    -0.7865250E+02     0.3894058E+02
    -0.7866519E+02     0.3892941E+02
    -0.7867049E+02     0.3892691E+02
    -0.7868613E+02     0.3891438E+02
    -0.7869643E+02     0.3890960E+02
    -0.7870264E+02     0.3890207E+02
    -0.7870913E+02     0.3889728E+02
    -0.7871348E+02     0.3890509E+02
    -0.7871371E+02     0.3891494E+02
    -0.7871308E+02     0.3892296E+02
    -0.7871687E+02     0.3892572E+02
    -0.7872421E+02     0.3892575E+02
    -0.7873393E+02     0.3892029E+02
    -0.7876284E+02     0.3889312E+02
    -0.7876580E+02     0.3888786E+02
    -0.7878198E+02     0.3887944E+02
    -0.7879554E+02     0.3886596E+02
    -0.7879942E+02     0.3885176E+02
    -0.7882305E+02     0.3881540E+02
    -0.7885195E+02     0.3877308E+02
    -0.7885991E+02     0.3876050E+02
    -0.7886314E+02     0.3875867E+02
    -0.7887280E+02     0.3876077E+02
    -0.7890260E+02     0.3878032E+02
    -0.7890728E+02     0.3878285E+02
    -0.7891284E+02     0.3878378E+02
    -0.7892015E+02     0.3878861E+02
    -0.7892130E+02     0.3879319E+02
    -0.7898800E+02     0.3883641E+02
    -0.7899093E+02     0.3883687E+02
    -0.7899857E+02     0.3882863E+02
    -0.7899917E+02     0.3882474E+02
    -0.7901473E+02     0.3881284E+02
    -0.7902090E+02     0.3880529E+02
    -0.7902999E+02     0.3879957E+02
    -0.7903088E+02     0.3879613E+02
    -0.7902942E+02     0.3879384E+02
    -0.7903646E+02     0.3878698E+02
    -0.7904994E+02     0.3878516E+02
    -0.7905640E+02     0.3878104E+02
    -0.7906405E+02     0.3875492E+02
    -0.7907139E+02     0.3874026E+02
    -0.7908606E+02     0.3871690E+02
    -0.7908958E+02     0.3870475E+02
    -0.7908755E+02     0.3868756E+02
    -0.7908553E+02     0.3867266E+02
    -0.7908904E+02     0.3866671E+02
    -0.7909344E+02     0.3865845E+02
    -0.7910310E+02     0.3865250E+02
    -0.7910748E+02     0.3865205E+02
    -0.7911187E+02     0.3865136E+02
    -0.7912064E+02     0.3864999E+02
    -0.7913117E+02     0.3864496E+02
    -0.7914141E+02     0.3863534E+02
    -0.7914989E+02     0.3862250E+02
    -0.7915633E+02     0.3860188E+02
    -0.7915604E+02     0.3859569E+02
    -0.7916452E+02     0.3857873E+02
    -0.7919169E+02     0.3854205E+02
    -0.7919869E+02     0.3852922E+02
    -0.7920307E+02     0.3852532E+02
    -0.7921210E+02     0.3849552E+02
    -0.7922639E+02     0.3847167E+02
    -0.7923367E+02     0.3846158E+02
    -0.7924621E+02     0.3845034E+02
    -0.7925758E+02     0.3844461E+02
    -0.7926545E+02     0.3844094E+02
    -0.7928816E+02     0.3841753E+02
    -0.7929079E+02     0.3841409E+02
    -0.7929865E+02     0.3841203E+02
    -0.7930856E+02     0.3840606E+02
    -0.7931409E+02     0.3840582E+02
    -0.7932430E+02     0.3840741E+02
    -0.7942759E+02     0.3843661E+02
    -0.7945211E+02     0.3844321E+02
    -0.7947518E+02     0.3844958E+02
    -0.7948750E+02     0.3846605E+02
    -0.7949396E+02     0.3847636E+02
    -0.7951983E+02     0.3852031E+02
    -0.7953130E+02     0.3853770E+02
    -0.7954303E+02     0.3854798E+02
    -0.7957639E+02     0.3855934E+02
    -0.7960506E+02     0.3856750E+02
    -0.7962585E+02     0.3857821E+02
    -0.7963844E+02     0.3858229E+02
    -0.7964867E+02     0.3858179E+02
    -0.7965624E+02     0.3857832E+02
    -0.7966203E+02     0.3856982E+02
    -0.7966489E+02     0.3856018E+02
    -0.7966686E+02     0.3854871E+02
    -0.7967526E+02     0.3853722E+02
    -0.7967289E+02     0.3853150E+02
    -0.7966315E+02     0.3851480E+02
    -0.7966778E+02     0.3850882E+02
    -0.7967303E+02     0.3850766E+02
    -0.7968523E+02     0.3850004E+02
    -0.7969939E+02     0.3847821E+02
    -0.7970139E+02     0.3847224E+02
    -0.7970191E+02     0.3846353E+02
    -0.7969416E+02     0.3843925E+02
    -0.7969466E+02     0.3842779E+02
    -0.7969927E+02     0.3841837E+02
    -0.7971579E+02     0.3840455E+02
    -0.7973112E+02     0.3838821E+02
    -0.7973600E+02     0.3837764E+02
    -0.7973796E+02     0.3836731E+02
    -0.7973849E+02     0.3835974E+02
    -0.7974138E+02     0.3835629E+02
    -0.7976172E+02     0.3834978E+02
    -0.7977245E+02     0.3834331E+02
    -0.7978945E+02     0.3832076E+02
    -0.7980511E+02     0.3831266E+02
    -0.7980911E+02     0.3830347E+02
    -0.7980408E+02     0.3829317E+02
    -0.7979379E+02     0.3827969E+02
    -0.7979258E+02     0.3827512E+02
    -0.7979372E+02     0.3827190E+02
    -0.7980325E+02     0.3826268E+02
    -0.7983305E+02     0.3824235E+02
    -0.7986631E+02     0.3822108E+02
    -0.7988422E+02     0.3820860E+02
    -0.7989173E+02     0.3820282E+02
    -0.7989374E+02     0.3819983E+02
    -0.7990154E+02     0.3819497E+02
    -0.7990585E+02     0.3818898E+02
    -0.7991624E+02     0.3818136E+02
    -0.7991908E+02     0.3817492E+02
    -0.7992664E+02     0.3814529E+02
    -0.7993264E+02     0.3813494E+02
    -0.7994276E+02     0.3813029E+02
    -0.7994501E+02     0.3812363E+02
    -0.7994292E+02     0.3811722E+02
    -0.7993294E+02     0.3810627E+02
    -0.7993258E+02     0.3809939E+02
    -0.7993892E+02     0.3809431E+02
    -0.7994873E+02     0.3808829E+02
    -0.7996668E+02     0.3805561E+02
    -0.7997868E+02     0.3803787E+02
    -0.7997951E+02     0.3803351E+02
    -0.7998001E+02     0.3802571E+02
    -0.7999260E+02     0.3800935E+02
    -0.8000000E+02     0.3799997E+02
    -0.8000462E+02     0.3799413E+02
    -0.8002328E+02     0.3797772E+02
    -0.8002728E+02     0.3797196E+02
    -0.8005264E+02     0.3795700E+02
    -0.8005521E+02     0.3795549E+02
    -0.8007132E+02     0.3794528E+02
    -0.8009344E+02     0.3792883E+02
    -0.8011439E+02     0.3791216E+02
    -0.8013042E+02     0.3789645E+02
    -0.8014074E+02     0.3788857E+02
    -0.8016586E+02     0.3788264E+02
    -0.8016871E+02     0.3787918E+02
    -0.8017033E+02     0.3787045E+02
    -0.8018179E+02     0.3786072E+02
    -0.8018598E+02     0.3784945E+02
    -0.8018482E+02     0.3784946E+02
    -0.8018613E+02     0.3783867E+02
    -0.8018729E+02     0.3783866E+02
    -0.8019415E+02     0.3783195E+02
    -0.8020789E+02     0.3782129E+02
    -0.8021613E+02     0.3781020E+02
    -0.8022926E+02     0.3779725E+02
    -0.8022976E+02     0.3779128E+02
    -0.8022242E+02     0.3778308E+02
    -0.8022063E+02     0.3777874E+02
    -0.8022491E+02     0.3777504E+02
    -0.8024049E+02     0.3777238E+02
    -0.8024937E+02     0.3776657E+02
    -0.8025420E+02     0.3776056E+02
    -0.8025603E+02     0.3774450E+02
    -0.8026286E+02     0.3773824E+02
    -0.8025578E+02     0.3772820E+02
    -0.8026371E+02     0.3771690E+02
    -0.8026916E+02     0.3771386E+02
    -0.8028295E+02     0.3770869E+02
    -0.8028693E+02     0.3770453E+02
    -0.8029868E+02     0.3769777E+02
    -0.8030066E+02     0.3769500E+02
    -0.8031155E+02     0.3768894E+02
    -0.8031760E+02     0.3768751E+02
    -0.8032041E+02     0.3768289E+02
    -0.8031979E+02     0.3767992E+02
    -0.8030114E+02     0.3766839E+02
    -0.8023274E+02     0.3762861E+02
    -0.8022861E+02     0.3762245E+02
    -0.8022887E+02     0.3761969E+02
    -0.8023427E+02     0.3761345E+02
    -0.8023972E+02     0.3761089E+02
    -0.8025031E+02     0.3760483E+02
    -0.8026291E+02     0.3759830E+02
    -0.8026289E+02     0.3759738E+02
    -0.8027100E+02     0.3759209E+02
    -0.8028605E+02     0.3758226E+02
    -0.8030868E+02     0.3757173E+02
    -0.8031961E+02     0.3756957E+02
    -0.8032674E+02     0.3756491E+02
    -0.8032871E+02     0.3756145E+02
    -0.8032191E+02     0.3754959E+02
    -0.8032381E+02     0.3754177E+02
    -0.8032975E+02     0.3753414E+02
    -0.8032999E+02     0.3753116E+02
    -0.8032446E+02     0.3752731E+02
    -0.8031319E+02     0.3752535E+02
    -0.8030235E+02     0.3753279E+02
    -0.8029196E+02     0.3753219E+02
    -0.8029017E+02     0.3752762E+02
    -0.8029492E+02     0.3751771E+02
    -0.8030827E+02     0.3750428E+02
    -0.8032169E+02     0.3749636E+02
    -0.8034174E+02     0.3748814E+02
    -0.8034491E+02     0.3748834E+02
    -0.8035788E+02     0.3748845E+02
    -0.8036617E+02     0.3748424E+02
    -0.8037498E+02     0.3747681E+02
    -0.8039126E+02     0.3746748E+02
    -0.8041042E+02     0.3745857E+02
    -0.8042095E+02     0.3745135E+02
    -0.8042811E+02     0.3744852E+02
    -0.8045949E+02     0.3743100E+02
    -0.8047522E+02     0.3742464E+02
    -0.8049046E+02     0.3742356E+02
    -0.8049507E+02     0.3742420E+02
    -0.8049741E+02     0.3742624E+02
    -0.8049892E+02     0.3743012E+02
    -0.8049846E+02     0.3743724E+02
    -0.8049731E+02     0.3745400E+02
    -0.8050702E+02     0.3746652E+02
    -0.8051458E+02     0.3747057E+02
    -0.8052791E+02     0.3747501E+02
    -0.8054115E+02     0.3747486E+02
    -0.8056209E+02     0.3746935E+02
    -0.8057093E+02     0.3746490E+02
    -0.8062278E+02     0.3743424E+02
    -0.8063364E+02     0.3742976E+02
    -0.8063760E+02     0.3742604E+02
    -0.8067070E+02     0.3741119E+02
    -0.8068953E+02     0.3740269E+02
    -0.8070433E+02     0.3739425E+02
    -0.8071747E+02     0.3738904E+02
    -0.8074457E+02     0.3737769E+02
    -0.8077462E+02     0.3736996E+02
    -0.8078070E+02     0.3737171E+02
    -0.8078114E+02     0.3737882E+02
    -0.8078526E+02     0.3738359E+02
    -0.8079630E+02     0.3738849E+02
    -0.8081101E+02     0.3739059E+02
    -0.8082219E+02     0.3740192E+02
    -0.8082607E+02     0.3740829E+02
    -0.8083249E+02     0.3741279E+02
    -0.8083872E+02     0.3741475E+02
    -0.8084404E+02     0.3741208E+02
    -0.8084747E+02     0.3740966E+02
    -0.8084848E+02     0.3740686E+02
    -0.8084848E+02     0.3740686E+02
    -0.8085393E+02     0.3739904E+02
    -0.8086021E+02     0.3739185E+02
    -0.8086307E+02     0.3738815E+02
    -0.8086650E+02     0.3738573E+02
    -0.8086970E+02     0.3738439E+02
    -0.8087371E+02     0.3738346E+02
    -0.8087746E+02     0.3738297E+02
    -0.8088016E+02     0.3738293E+02
    -0.8088230E+02     0.3738268E+02
    -0.8088417E+02     0.3738222E+02
    -0.8088468E+02     0.3738113E+02
    -0.8088386E+02     0.3738029E+02
    -0.8088246E+02     0.3737860E+02
    -0.8087505E+02     0.3737292E+02
    -0.8087288E+02     0.3737232E+02
    -0.8087012E+02     0.3736936E+02
    -0.8087012E+02     0.3736936E+02
    -0.8085934E+02     0.3734978E+02
    -0.8085950E+02     0.3734404E+02
    -0.8086685E+02     0.3733844E+02
    -0.8088651E+02     0.3732990E+02
    -0.8090482E+02     0.3731335E+02
    -0.8092732E+02     0.3730386E+02
    -0.8093124E+02     0.3729898E+02
    -0.8094064E+02     0.3729518E+02
    -0.8095582E+02     0.3729289E+02
    -0.8097733E+02     0.3729120E+02
    -0.8099098E+02     0.3729743E+02
    -0.8100307E+02     0.3729817E+02
    -0.8104278E+02     0.3728793E+02
    -0.8105103E+02     0.3728460E+02
    -0.8105674E+02     0.3728290E+02
    -0.8107455E+02     0.3728308E+02
    -0.8108628E+02     0.3728061E+02
    -0.8110895E+02     0.3727934E+02
    -0.8113177E+02     0.3727301E+02
    -0.8115521E+02     0.3726804E+02
    -0.8117825E+02     0.3725872E+02
    -0.8122218E+02     0.3723642E+02
    -0.8123217E+02     0.3723373E+02
    -0.8124491E+02     0.3723788E+02
    -0.8126491E+02     0.3725338E+02
    -0.8127526E+02     0.3726436E+02
    -0.8127535E+02     0.3726733E+02
    -0.8128474E+02     0.3727011E+02
    -0.8128944E+02     0.3726997E+02
    -0.8129794E+02     0.3727579E+02
    -0.8131469E+02     0.3728947E+02
    -0.8132259E+02     0.3729484E+02
    -0.8133556E+02     0.3730609E+02
    -0.8134891E+02     0.3732100E+02
    -0.8136122E+02     0.3732951E+02
    -0.8136983E+02     0.3732912E+02
    -0.8137586E+02     0.3731846E+02
    -0.8138439E+02     0.3731509E+02
    -0.8139630E+02     0.3730937E+02
    -0.8140417E+02     0.3730303E+02
    -0.8140875E+02     0.3729239E+02
    -0.8141317E+02     0.3727601E+02
    -0.8141872E+02     0.3726903E+02
    -0.8143134E+02     0.3726857E+02
    -0.8144279E+02     0.3726586E+02
    -0.8144644E+02     0.3726416E+02
    -0.8146572E+02     0.3725531E+02
    -0.8148191E+02     0.3724903E+02
    -0.8150145E+02     0.3724936E+02
    -0.8150480E+02     0.3724608E+02
    -0.8150677E+02     0.3723502E+02
    -0.8151254E+02     0.3722643E+02
    -0.8152322E+02     0.3721841E+02
    -0.8154060E+02     0.3721418E+02
    -0.8156314E+02     0.3720938E+02
    -0.8157877E+02     0.3720426E+02
    -0.8159249E+02     0.3720215E+02
    -0.8163805E+02     0.3719940E+02
    -0.8164349E+02     0.3719907E+02
    -0.8166644E+02     0.3719860E+02
    -0.8168060E+02     0.3720107E+02
    -0.8169978E+02     0.3720848E+02
    -0.8172722E+02     0.3723087E+02
    -0.8174209E+02     0.3723767E+02
    -0.8174835E+02     0.3724466E+02
    -0.8174931E+02     0.3725611E+02
    -0.8175731E+02     0.3726352E+02
    -0.8178448E+02     0.3727672E+02
    -0.8179520E+02     0.3727971E+02
    -0.8181578E+02     0.3727628E+02
    -0.8183101E+02     0.3727618E+02
    -0.8185358E+02     0.3728074E+02
    -0.8186127E+02     0.3728677E+02
    -0.8186104E+02     0.3729688E+02
    -0.8186289E+02     0.3730051E+02
    -0.8187228E+02     0.3730604E+02
    -0.8187337E+02     0.3731244E+02
    -0.8188168E+02     0.3731983E+02
    -0.8190989E+02     0.3733711E+02
    -0.8192617E+02     0.3735029E+02
    -0.8193646E+02     0.3736475E+02
    -0.8194083E+02     0.3737406E+02
    -0.8193737E+02     0.3739021E+02
    -0.8193259E+02     0.3740156E+02
    -0.8193291E+02     0.3740364E+02
    -0.8193483E+02     0.3741597E+02
    -0.8194035E+02     0.3742526E+02
    -0.8194091E+02     0.3743305E+02
    -0.8194206E+02     0.3743302E+02
    -0.8195302E+02     0.3744150E+02
    -0.8196465E+02     0.3744445E+02
    -0.8198391E+02     0.3745158E+02
    -0.8199336E+02     0.3745802E+02
    -0.8199861E+02     0.3746777E+02
    -0.8199495E+02     0.3747795E+02
    -0.8198595E+02     0.3748390E+02
    -0.8196910E+02     0.3748819E+02
    -0.8196125E+02     0.3749433E+02
    -0.8195747E+02     0.3750130E+02
    -0.8195783E+02     0.3751162E+02
    -0.8196246E+02     0.3752001E+02
    -0.8197401E+02     0.3752847E+02
    -0.8197913E+02     0.3752991E+02
    -0.8197913E+02     0.3752991E+02
    -0.8198098E+02     0.3753546E+02
    -0.8198738E+02     0.3753759E+02
    -0.8199892E+02     0.3753758E+02
    -0.8201445E+02     0.3753078E+02
    -0.8202279E+02     0.3753009E+02
    -0.8202565E+02     0.3753070E+02
    -0.8203036E+02     0.3753170E+02
    -0.8204610E+02     0.3754158E+02
    -0.8205107E+02     0.3754281E+02
    -0.8205377E+02     0.3753883E+02
    -0.8205111E+02     0.3753111E+02
    -0.8205185E+02     0.3752833E+02
    -0.8205521E+02     0.3752617E+02
    -0.8205985E+02     0.3752672E+02
    -0.8206873E+02     0.3753151E+02
    -0.8207442E+02     0.3754236E+02
    -0.8208156E+02     0.3754697E+02
    -0.8209064E+02     0.3754969E+02
    -0.8210797E+02     0.3755010E+02
    -0.8211921E+02     0.3755597E+02
    -0.8212463E+02     0.3755466E+02
    -0.8213076E+02     0.3754989E+02
    -0.8213596E+02     0.3754996E+02
    -0.8214095E+02     0.3755162E+02
    -0.8214358E+02     0.3755249E+02
    -0.8215385E+02     0.3756229E+02
    -0.8214748E+02     0.3756776E+02
    -0.8214059E+02     0.3756865E+02
    -0.8213780E+02     0.3757080E+02
    -0.8213599E+02     0.3757521E+02
    -0.8214015E+02     0.3758382E+02
    -0.8214733E+02     0.3758911E+02
    -0.8216090E+02     0.3759536E+02
    -0.8218578E+02     0.3761436E+02
    -0.8218923E+02     0.3762000E+02
    -0.8218279E+02     0.3763029E+02
    -0.8218707E+02     0.3764141E+02
    -0.8219087E+02     0.3764407E+02
    -0.8219357E+02     0.3764420E+02
    -0.8219598E+02     0.3764045E+02
    -0.8219507E+02     0.3763337E+02
    -0.8219753E+02     0.3762434E+02
    -0.8220143E+02     0.3762147E+02
    -0.8221383E+02     0.3762086E+02
    -0.8221913E+02     0.3762300E+02
    -0.8222579E+02     0.3762945E+02
    -0.8223292E+02     0.3764531E+02
    -0.8224314E+02     0.3765349E+02
    -0.8224990E+02     0.3765580E+02
    -0.8225939E+02     0.3765483E+02
    -0.8227631E+02     0.3765821E+02
    -0.8228018E+02     0.3766039E+02
    -0.8228362E+02     0.3766579E+02
    -0.8229673E+02     0.3766835E+02
    -0.8230289E+02     0.3766956E+02
    -0.8230654E+02     0.3767334E+02
    -0.8230846E+02     0.3767719E+02
    -0.8230849E+02     0.3768935E+02
    -0.8231140E+02     0.3770143E+02
    -0.8232246E+02     0.3771463E+02
    -0.8233006E+02     0.3772771E+02
    -0.8234055E+02     0.3774092E+02
    -0.8233871E+02     0.3774465E+02
    -0.8233117E+02     0.3775017E+02
    -0.8232542E+02     0.3775677E+02
    -0.8232940E+02     0.3776101E+02
    -0.8233949E+02     0.3776024E+02
    -0.8234516E+02     0.3776373E+02
    -0.8234611E+02     0.3776627E+02
    -0.8235184E+02     0.3778166E+02
    -0.8236179E+02     0.3778938E+02
    -0.8237800E+02     0.3779507E+02
    -0.8238821E+02     0.3780232E+02
    -0.8239534E+02     0.3781174E+02
    -0.8240000E+02     0.3781227E+02
    -0.8240643E+02     0.3780771E+02
    -0.8241022E+02     0.3780805E+02
    -0.8241298E+02     0.3781118E+02
    -0.8241154E+02     0.3781719E+02
    -0.8241257E+02     0.3782588E+02
    -0.8242588E+02     0.3784267E+02
    -0.8243034E+02     0.3785310E+02
    -0.8243345E+02     0.3786034E+02
    -0.8243078E+02     0.3786478E+02
    -0.8242535E+02     0.3786633E+02
    -0.8242461E+02     0.3786888E+02
    -0.8242999E+02     0.3787766E+02
    -0.8243603E+02     0.3788252E+02
    -0.8244566E+02     0.3789506E+02
    -0.8247407E+02     0.3791182E+02
    -0.8247782E+02     0.3791147E+02
    -0.8247887E+02     0.3790363E+02
    -0.8248289E+02     0.3790305E+02
    -0.8248590E+02     0.3790501E+02
    -0.8249704E+02     0.3792416E+02
    -0.8250610E+02     0.3792916E+02
    -0.8251078E+02     0.3793175E+02
    -0.8251270E+02     0.3793513E+02
    -0.8250021E+02     0.3794609E+02
    -0.8248942E+02     0.3795058E+02
    -0.8248791E+02     0.3795499E+02
    -0.8249292E+02     0.3796217E+02
    -0.8249314E+02     0.3796629E+02
    -0.8248952E+02     0.3796939E+02
    -0.8247872E+02     0.3797365E+02
    -0.8247739E+02     0.3797599E+02
    -0.8247968E+02     0.3798096E+02
    -0.8248696E+02     0.3798141E+02
    -0.8249382E+02     0.3797935E+02
    -0.8250802E+02     0.3799565E+02
    -0.8252320E+02     0.3799722E+02
    -0.8252918E+02     0.3800070E+02
    -0.8253297E+02     0.3800542E+02
    -0.8254068E+02     0.3801501E+02
    -0.8255157E+02     0.3803416E+02
    -0.8255750E+02     0.3805302E+02
    -0.8256307E+02     0.3805949E+02
    -0.8258315E+02     0.3807627E+02
    -0.8259334E+02     0.3808764E+02
    -0.8260422E+02     0.3810633E+02
    -0.8261022E+02     0.3810980E+02
    -0.8261401E+02     0.3810991E+02
    -0.8261746E+02     0.3811461E+02
    -0.8264372E+02     0.3813255E+02
    -0.8265342E+02     0.3815036E+02
    -0.8265305E+02     0.3815744E+02
    -0.8265299E+02     0.3815863E+02
    -0.8264999E+02     0.3816768E+02
    -0.8264804E+02     0.3816936E+02
    -0.8262868E+02     0.3817184E+02
    -0.8262144E+02     0.3817782E+02
    -0.8261359E+02     0.3819415E+02
    -0.8261294E+02     0.3820381E+02
    -0.8261530E+02     0.3821520E+02
    -0.8262493E+02     0.3823186E+02
    -0.8262146E+02     0.3823772E+02
    -0.8259975E+02     0.3824555E+02
    -0.8259272E+02     0.3825037E+02
    -0.8258892E+02     0.3825555E+02
    -0.8259173E+02     0.3829722E+02
    -0.8258758E+02     0.3831227E+02
    -0.8258920E+02     0.3832071E+02
    -0.8260204E+02     0.3833727E+02
    -0.8260678E+02     0.3833872E+02
    -0.8260841E+02     0.3834188E+02
    -0.8261061E+02     0.3835029E+02
    -0.8260917E+02     0.3836918E+02
    -0.8260972E+02     0.3839874E+02
    -0.8260204E+02     0.3841236E+02
    -0.8260204E+02     0.3841236E+02
    -0.8259569E+02     0.3840689E+02
    -0.8258650E+02     0.3840021E+02
    -0.8258418E+02     0.3839979E+02
    -0.8258418E+02     0.3839979E+02
    -0.8258036E+02     0.3839909E+02
    -0.8256261E+02     0.3839833E+02
    -0.8254816E+02     0.3839702E+02
    -0.8254208E+02     0.3839721E+02
    -0.8253339E+02     0.3840051E+02
    -0.8252190E+02     0.3840347E+02
    -0.8249345E+02     0.3841042E+02
    -0.8246828E+02     0.3841639E+02
    -0.8244859E+02     0.3842132E+02
    -0.8243222E+02     0.3842659E+02
    -0.8242405E+02     0.3842944E+02
    -0.8241752E+02     0.3843180E+02
    -0.8240970E+02     0.3843029E+02
    -0.8239860E+02     0.3842974E+02
    -0.8237372E+02     0.3843046E+02
    -0.8236544E+02     0.3843114E+02
    -0.8236274E+02     0.3843252E+02
    -0.8235674E+02     0.3843443E+02
    -0.8234842E+02     0.3843423E+02
    -0.8234013E+02     0.3843447E+02
    -0.8233582E+02     0.3843721E+02
    -0.8232946E+02     0.3844348E+02
    -0.8232166E+02     0.3845459E+02
    -0.8231963E+02     0.3845856E+02
    -0.8231866E+02     0.3846213E+02
    -0.8231866E+02     0.3846213E+02
    -0.8231678E+02     0.3846909E+02
    -0.8231445E+02     0.3847873E+02
    -0.8231037E+02     0.3848668E+02
    -0.8230800E+02     0.3849545E+02
    -0.8230871E+02     0.3851110E+02
    -0.8230906E+02     0.3851893E+02
    -0.8230430E+02     0.3852385E+02
    -0.8229929E+02     0.3853574E+02
    -0.8229782E+02     0.3854014E+02
    -0.8229839E+02     0.3855274E+02
    -0.8229868E+02     0.3855927E+02
    -0.8229374E+02     0.3857246E+02
    -0.8228736E+02     0.3857873E+02
    -0.8228210E+02     0.3858497E+02
    -0.8227893E+02     0.3858854E+02
    -0.8227293E+02     0.3859089E+02
    -0.8226628E+02     0.3859107E+02
    -0.8225405E+02     0.3859054E+02
    -0.8224290E+02     0.3858911E+02
    -0.8223003E+02     0.3858685E+02
    -0.8221060E+02     0.3858652E+02
    -0.8220063E+02     0.3858679E+02
    -0.8219302E+02     0.3859048E+02
    -0.8218542E+02     0.3859417E+02
    -0.8217915E+02     0.3860304E+02
    -0.8217648E+02     0.3861835E+02
    -0.8217738E+02     0.3862616E+02
    -0.8218118E+02     0.3863693E+02
    -0.8218200E+02     0.3864301E+02
    -0.8219424E+02     0.3866878E+02
    -0.8219593E+02     0.3868223E+02
    -0.8219282E+02     0.3868710E+02
    -0.8219106E+02     0.3869759E+02
    -0.8219032E+02     0.3870631E+02
    -0.8219173E+02     0.3871324E+02
    -0.8219480E+02     0.3871968E+02
    -0.8219742E+02     0.3872875E+02
    -0.8220163E+02     0.3874865E+02
    -0.8220345E+02     0.3875208E+02
    -0.8220640E+02     0.3875592E+02
    -0.8221151E+02     0.3875839E+02
    -0.8221955E+02     0.3876426E+02
    -0.8222200E+02     0.3876942E+02
    -0.8222560E+02     0.3877541E+02
    -0.8222591E+02     0.3878236E+02
    -0.8222334E+02     0.3878722E+02
    -0.8222028E+02     0.3879340E+02
    -0.8221432E+02     0.3879704E+02
    -0.8220956E+02     0.3880239E+02
    -0.8220465E+02     0.3880470E+02
    -0.8219750E+02     0.3880664E+02
    -0.8219202E+02     0.3880853E+02
    -0.8218432E+02     0.3881047E+02
    -0.8217447E+02     0.3881422E+02
    -0.8216479E+02     0.3882188E+02
    -0.8215890E+02     0.3882726E+02
    -0.8214986E+02     0.3883708E+02
    -0.8214690E+02     0.3884586E+02
    -0.8214497E+02     0.3885244E+02
    -0.8214638E+02     0.3885936E+02
    -0.8214800E+02     0.3888412E+02
    -0.8214668E+02     0.3889198E+02
    -0.8214570E+02     0.3889505E+02
    -0.8213982E+02     0.3890087E+02
    -0.8211594E+02     0.3892848E+02
    -0.8211024E+02     0.3893863E+02
    -0.8209150E+02     0.3896958E+02
    -0.8208879E+02     0.3897139E+02
    -0.8208339E+02     0.3897545E+02
    -0.8208124E+02     0.3897725E+02
    -0.8207578E+02     0.3898000E+02
    -0.8206978E+02     0.3898320E+02
    -0.8206380E+02     0.3898684E+02
    -0.8205849E+02     0.3899306E+02
    -0.8204377E+02     0.3901433E+02
    -0.8204178E+02     0.3902003E+02
    -0.8203856E+02     0.3902316E+02
    -0.8202977E+02     0.3902644E+02
    -0.8201749E+02     0.3902632E+02
    -0.8201241E+02     0.3902471E+02
    -0.8200777E+02     0.3902048E+02
    -0.8200469E+02     0.3901360E+02
    -0.8199992E+02     0.3900632E+02
    -0.8199458E+02     0.3899863E+02
    -0.8198876E+02     0.3899269E+02
    -0.8198477E+02     0.3899061E+02
    -0.8197969E+02     0.3898900E+02
    -0.8197076E+02     0.3898879E+02
    -0.8196069E+02     0.3898818E+02
    -0.8195568E+02     0.3898830E+02
    -0.8195177E+02     0.3898797E+02
    -0.8195177E+02     0.3898797E+02
    -0.8194663E+02     0.3898505E+02
    -0.8194424E+02     0.3898120E+02
    -0.8194182E+02     0.3897647E+02
    -0.8193710E+02     0.3897007E+02
    -0.8193344E+02     0.3896233E+02
    -0.8192982E+02     0.3895546E+02
    -0.8192458E+02     0.3894994E+02
    -0.8192042E+02     0.3894351E+02
    -0.8191685E+02     0.3893795E+02
    -0.8191444E+02     0.3893365E+02
    -0.8191261E+02     0.3892935E+02
    -0.8191194E+02     0.3892676E+02
    -0.8191234E+02     0.3892283E+02
    -0.8191337E+02     0.3892063E+02
    -0.8191545E+02     0.3891710E+02
    -0.8191919E+02     0.3891309E+02
    -0.8192135E+02     0.3891130E+02
    -0.8192400E+02     0.3890819E+02
    -0.8193209E+02     0.3890146E+02
    -0.8193471E+02     0.3889748E+02
    -0.8193790E+02     0.3889392E+02
    -0.8193832E+02     0.3889043E+02
    -0.8193697E+02     0.3888437E+02
    -0.8193524E+02     0.3888311E+02
    -0.8193118E+02     0.3887886E+02
    -0.8192717E+02     0.3887635E+02
    -0.8191704E+02     0.3887356E+02
    -0.8190748E+02     0.3887119E+02
    -0.8190022E+02     0.3887049E+02
    -0.8189465E+02     0.3887063E+02
    -0.8188919E+02     0.3887338E+02
    -0.8187824E+02     0.3887800E+02
    -0.8185757E+02     0.3889025E+02
    -0.8185496E+02     0.3889466E+02
    -0.8185402E+02     0.3889904E+02
    -0.8185313E+02     0.3890472E+02
    -0.8185337E+02     0.3891080E+02
    -0.8185246E+02     0.3891604E+02
    -0.8185044E+02     0.3892131E+02
    -0.8184839E+02     0.3892571E+02
    -0.8184524E+02     0.3893058E+02
    -0.8184099E+02     0.3893590E+02
    -0.8183670E+02     0.3894035E+02
    -0.8182838E+02     0.3894143E+02
    -0.8182338E+02     0.3894154E+02
    -0.8181887E+02     0.3894035E+02
    -0.8181536E+02     0.3893608E+02
    -0.8181075E+02     0.3893228E+02
    -0.8180676E+02     0.3892976E+02
    -0.8179993E+02     0.3892601E+02
    -0.8179362E+02     0.3892138E+02
    -0.8178402E+02     0.3891813E+02
    -0.8177733E+02     0.3891785E+02
    -0.8177294E+02     0.3891970E+02
    -0.8177078E+02     0.3892149E+02
    -0.8176865E+02     0.3892415E+02
    -0.8176766E+02     0.3892722E+02
    -0.8176778E+02     0.3893026E+02
    -0.8177013E+02     0.3893369E+02
    -0.8177476E+02     0.3893792E+02
    -0.8177823E+02     0.3894132E+02
    -0.8178175E+02     0.3894602E+02
    -0.8178529E+02     0.3895116E+02
    -0.8178884E+02     0.3895630E+02
    -0.8179061E+02     0.3895886E+02
    -0.8179081E+02     0.3896408E+02
    -0.8178983E+02     0.3896758E+02
    -0.8178680E+02     0.3897548E+02
    -0.8178088E+02     0.3898128E+02
    -0.8177771E+02     0.3898570E+02
    -0.8177511E+02     0.3899055E+02
    -0.8177262E+02     0.3899844E+02
    -0.8177188E+02     0.3900803E+02
    -0.8177434E+02     0.3901406E+02
    -0.8177794E+02     0.3902050E+02
    -0.8178201E+02     0.3902475E+02
    -0.8178607E+02     0.3902900E+02
    -0.8179290E+02     0.3903232E+02
    -0.8179855E+02     0.3903436E+02
    -0.8180317E+02     0.3903816E+02
    -0.8180891E+02     0.3904237E+02
    -0.8181244E+02     0.3904707E+02
    -0.8181767E+02     0.3905217E+02
    -0.8182010E+02     0.3905733E+02
    -0.8182201E+02     0.3906337E+02
    -0.8182336E+02     0.3906943E+02
    -0.8182343E+02     0.3907117E+02
    -0.8182132E+02     0.3907426E+02
    -0.8181804E+02     0.3907608E+02
    -0.8181302E+02     0.3907620E+02
    -0.8180908E+02     0.3907542E+02
    -0.8180626E+02     0.3907462E+02
    -0.8179781E+02     0.3907265E+02
    -0.8178384E+02     0.3907211E+02
    -0.8177996E+02     0.3907308E+02
    -0.8177666E+02     0.3907446E+02
    -0.8176950E+02     0.3907681E+02
    -0.8176244E+02     0.3908176E+02
    -0.8175809E+02     0.3908490E+02
    -0.8175320E+02     0.3908850E+02
    -0.8175168E+02     0.3909245E+02
    -0.8174827E+02     0.3910558E+02
    -0.8174846E+02     0.3912514E+02
    -0.8174895E+02     0.3913818E+02
    -0.8175086E+02     0.3914422E+02
    -0.8175514E+02     0.3915369E+02
    -0.8175806E+02     0.3915710E+02
    -0.8176109E+02     0.3916312E+02
    -0.8176290E+02     0.3916655E+02
    -0.8176534E+02     0.3917171E+02
    -0.8176434E+02     0.3917478E+02
    -0.8176227E+02     0.3917918E+02
    -0.8175455E+02     0.3918197E+02
    -0.8174909E+02     0.3918558E+02
    -0.8174473E+02     0.3918829E+02
    -0.8174215E+02     0.3919400E+02
    -0.8173796E+02     0.3920149E+02
    -0.8173584E+02     0.3920459E+02
    -0.8173148E+02     0.3920730E+02
    -0.8172707E+02     0.3920914E+02
    -0.8172101E+02     0.3921146E+02
    -0.8171433E+02     0.3921248E+02
    -0.8170715E+02     0.3921482E+02
    -0.8170607E+02     0.3921572E+02
    -0.8170226E+02     0.3921841E+02
    -0.8170010E+02     0.3922064E+02
    -0.8169975E+02     0.3922166E+02
    -0.8169975E+02     0.3922166E+02
    -0.8169904E+02     0.3923719E+02
    -0.8169927E+02     0.3924327E+02
    -0.8169618E+02     0.3925030E+02
    -0.8169421E+02     0.3925730E+02
    -0.8168990E+02     0.3926175E+02
    -0.8168559E+02     0.3926619E+02
    -0.8167894E+02     0.3926809E+02
    -0.8166949E+02     0.3926961E+02
    -0.8166110E+02     0.3926980E+02
    -0.8165156E+02     0.3926914E+02
    -0.8162044E+02     0.3926648E+02
    -0.8162044E+02     0.3926648E+02
    -0.8160329E+02     0.3926501E+02
    -0.8158022E+02     0.3926161E+02
    -0.8157745E+02     0.3926254E+02
    -0.8157362E+02     0.3926480E+02
    -0.8156947E+02     0.3927402E+02
    -0.8156907E+02     0.3927838E+02
    -0.8157036E+02     0.3928313E+02
    -0.8157072E+02     0.3929313E+02
    -0.8156926E+02     0.3929924E+02
    -0.8156569E+02     0.3930889E+02
    -0.8156500E+02     0.3932108E+02
    -0.8156458E+02     0.3932500E+02
    -0.8156213E+02     0.3933462E+02
    -0.8155627E+02     0.3934301E+02
    -0.8155077E+02     0.3934574E+02
    -0.8154473E+02     0.3934935E+02
    -0.8153312E+02     0.3935351E+02
    -0.8150993E+02     0.3936314E+02
    -0.8150388E+02     0.3936851E+02
    -0.8150388E+02     0.3936851E+02
    -0.8150340E+02     0.3936893E+02
    -0.8149414E+02     0.3937653E+02
    -0.8148715E+02     0.3938493E+02
    -0.8147731E+02     0.3939210E+02
    -0.8146859E+02     0.3939924E+02
    -0.8145916E+02     0.3940205E+02
    -0.8145415E+02     0.3940302E+02
    -0.8144627E+02     0.3940232E+02
    -0.8143949E+02     0.3940072E+02
    -0.8143547E+02     0.3939776E+02
    -0.8143137E+02     0.3939263E+02
    -0.8142673E+02     0.3938795E+02
    -0.8142211E+02     0.3938413E+02
    -0.8141809E+02     0.3938117E+02
    -0.8141575E+02     0.3937818E+02
    -0.8141390E+02     0.3937343E+02
    -0.8141037E+02     0.3936829E+02
    -0.8140907E+02     0.3936310E+02
    -0.8140420E+02     0.3935146E+02
    -0.8139951E+02     0.3934547E+02
    -0.8139263E+02     0.3934083E+02
    -0.8138580E+02     0.3933749E+02
    -0.8137626E+02     0.3933682E+02
    -0.8136954E+02     0.3933696E+02
    -0.8136285E+02     0.3933796E+02
    -0.8135844E+02     0.3934023E+02
    -0.8132587E+02     0.3935436E+02
    -0.8130990E+02     0.3936294E+02
    -0.8129556E+02     0.3937018E+02
    -0.8128336E+02     0.3937390E+02
    -0.8127065E+02     0.3937937E+02
    -0.8125446E+02     0.3938142E+02
    -0.8124721E+02     0.3938243E+02
    -0.8124049E+02     0.3938256E+02
    -0.8123091E+02     0.3938101E+02
    -0.8122371E+02     0.3938375E+02
    -0.8122044E+02     0.3938686E+02
    -0.8121474E+02     0.3940175E+02
    -0.8120815E+02     0.3940579E+02
    -0.8120384E+02     0.3941152E+02
    -0.8119837E+02     0.3941597E+02
    -0.8119290E+02     0.3942043E+02
    -0.8118855E+02     0.3942442E+02
    -0.8118359E+02     0.3942756E+02
    -0.8117697E+02     0.3943116E+02
    -0.8116585E+02     0.3943398E+02
    -0.8114246E+02     0.3943962E+02
    -0.8113635E+02     0.3944148E+02
    -0.8113192E+02     0.3944330E+02
    -0.8112761E+02     0.3944903E+02
    -0.8112069E+02     0.3946133E+02
    -0.8110342E+02     0.3948425E+02
    -0.8109630E+02     0.3949002E+02
    -0.8109028E+02     0.3949535E+02
    -0.8108206E+02     0.3950202E+02
    -0.8107324E+02     0.3950739E+02
    -0.8103482E+02     0.3953763E+02
    -0.8101890E+02     0.3955008E+02
    -0.8100788E+02     0.3955766E+02
    -0.8095493E+02     0.3959204E+02
    -0.8094167E+02     0.3960052E+02
    -0.8093388E+02     0.3960326E+02
    -0.8092552E+02     0.3960601E+02
    -0.8091492E+02     0.3960879E+02
    -0.8089700E+02     0.3961083E+02
    -0.8088914E+02     0.3961139E+02
    -0.8088304E+02     0.3961454E+02
    -0.8087695E+02     0.3961811E+02
    -0.8087489E+02     0.3962466E+02
    -0.8087186E+02     0.3963775E+02
    -0.8086968E+02     0.3966125E+02
    -0.8087155E+02     0.3966817E+02
    -0.8086996E+02     0.3967167E+02
    -0.8086903E+02     0.3967908E+02
    -0.8086137E+02     0.3968702E+02
    -0.8085584E+02     0.3969059E+02
    -0.8084361E+02     0.3969643E+02
    -0.8083807E+02     0.3969957E+02
    -0.8083485E+02     0.3970570E+02
    -0.8083496E+02     0.3970961E+02
    -0.8083958E+02     0.3971388E+02
    -0.8084311E+02     0.3971991E+02
    -0.8084658E+02     0.3972332E+02
    -0.8087259E+02     0.3974854E+02
    -0.8087270E+02     0.3975288E+02
    -0.8087229E+02     0.3975853E+02
    -0.8087025E+02     0.3976639E+02
    -0.8086417E+02     0.3977083E+02
    -0.8086086E+02     0.3977306E+02
    -0.8083817E+02     0.3978863E+02
    -0.8083156E+02     0.3979395E+02
    -0.8082883E+02     0.3979747E+02
    -0.8082671E+02     0.3980228E+02
    -0.8082463E+02     0.3980927E+02
    -0.8082594E+02     0.3981576E+02
    -0.8082835E+02     0.3982224E+02
    -0.8083016E+02     0.3982655E+02
    -0.8083085E+02     0.3983132E+02
    -0.8082765E+02     0.3983832E+02
    -0.8082666E+02     0.3984355E+02
    -0.8081112E+02     0.3985292E+02
    -0.8080223E+02     0.3985784E+02
    -0.8079612E+02     0.3986141E+02
    -0.8079507E+02     0.3986447E+02
    -0.8079346E+02     0.3986797E+02
    -0.8079473E+02     0.3987316E+02
    -0.8079997E+02     0.3987960E+02
    -0.8080401E+02     0.3988301E+02
    -0.8080870E+02     0.3988988E+02
    -0.8081166E+02     0.3989505E+02
    -0.8081236E+02     0.3990025E+02
    -0.8081139E+02     0.3990635E+02
    -0.8081033E+02     0.3990897E+02
    -0.8080758E+02     0.3991162E+02
    -0.8080305E+02     0.3991126E+02
    -0.8079685E+02     0.3991135E+02
    -0.8079403E+02     0.3991140E+02
    -0.8079115E+02     0.3990927E+02
    -0.8078716E+02     0.3990760E+02
    -0.8078087E+02     0.3990422E+02
    -0.8077406E+02     0.3990259E+02
    -0.8077127E+02     0.3990393E+02
    -0.8076398E+02     0.3990578E+02
    -0.8076124E+02     0.3990887E+02
    -0.8076134E+02     0.3991321E+02
    -0.8076385E+02     0.3992316E+02
    -0.8076826E+02     0.3994090E+02
    -0.8076721E+02     0.3994396E+02
    -0.8076512E+02     0.3995050E+02
    -0.8076241E+02     0.3995489E+02
    -0.8075800E+02     0.3995930E+02
    -0.8075468E+02     0.3996196E+02
    -0.8075134E+02     0.3996375E+02
    -0.8074802E+02     0.3996640E+02
    -0.8074580E+02     0.3996774E+02
    -0.8074363E+02     0.3997125E+02
    -0.8074323E+02     0.3997777E+02
    -0.8074467E+02     0.3998991E+02
    -0.8074492E+02     0.4000000E+02
    -0.8073131E+02     0.4004032E+02
    -0.8073386E+02     0.4005664E+02
    -0.8073473E+02     0.4007154E+02
    -0.8071267E+02     0.4008700E+02
    -0.8070866E+02     0.4009497E+02
    -0.8070881E+02     0.4012203E+02
    -0.8070792E+02     0.4013688E+02
    -0.8069246E+02     0.4015932E+02
    -0.8067899E+02     0.4017778E+02
    -0.8066912E+02     0.4019501E+02
    -0.8066245E+02     0.4021777E+02
    -0.8065617E+02     0.4023378E+02
    -0.8064317E+02     0.4024414E+02
    -0.8062866E+02     0.4025038E+02
    -0.8061557E+02     0.4026209E+02
    -0.8061306E+02     0.4027417E+02
    -0.8060652E+02     0.4029423E+02
    -0.8059854E+02     0.4030882E+02
    -0.8059922E+02     0.4032643E+02
    -0.8060898E+02     0.4034031E+02
    -0.8060782E+02     0.4035921E+02
    -0.8061068E+02     0.4037014E+02
    -0.8062078E+02     0.4037862E+02
    -0.8062382E+02     0.4038684E+02
    -0.8061448E+02     0.4039463E+02
    -0.8061028E+02     0.4040530E+02
    -0.8060365E+02     0.4042670E+02
    -0.8059894E+02     0.4044548E+02
    -0.8059591E+02     0.4046566E+02
    -0.8060030E+02     0.4048071E+02
    -0.8061481E+02     0.4050423E+02
    -0.8062266E+02     0.4052075E+02
    -0.8063718E+02     0.4054427E+02
    -0.8064884E+02     0.4055686E+02
    -0.8065897E+02     0.4056534E+02
    -0.8066194E+02     0.4057491E+02
    -0.8064677E+02     0.4059061E+02
    -0.8063168E+02     0.4060496E+02
    -0.8061505E+02     0.4061519E+02
    -0.8060255E+02     0.4061610E+02
    -0.8059386E+02     0.4061308E+02
    -0.8058161E+02     0.4060993E+02
    -0.8056937E+02     0.4060678E+02
    -0.8056025E+02     0.4061051E+02
    -0.8054919E+02     0.4061687E+02
    -0.8053635E+02     0.4062317E+02
    -0.8051490E+02     0.4063011E+02
END
END
