wyoming
1
    -0.1075000E+03     0.4324698E+02
    -0.1098417E+03     0.4501157E+02
    -0.1098224E+03     0.4501057E+02
    -0.1098049E+03     0.4501274E+02
    -0.1097686E+03     0.4501058E+02
    -0.1097363E+03     0.4501208E+02
    -0.1096647E+03     0.4501184E+02
    -0.1095105E+03     0.4501115E+02
    -0.1094924E+03     0.4501347E+02
    -0.1094875E+03     0.4501294E+02
    -0.1094774E+03     0.4501184E+02
    -0.1093287E+03     0.4501051E+02
    -0.1093101E+03     0.4501106E+02
    -0.1092942E+03     0.4501153E+02
    -0.1092840E+03     0.4501317E+02
    -0.1092608E+03     0.4501146E+02
    -0.1091383E+03     0.4501133E+02
    -0.1091342E+03     0.4501290E+02
    -0.1091336E+03     0.4501275E+02
    -0.1091156E+03     0.4500847E+02
    -0.1091095E+03     0.4500554E+02
    -0.1090905E+03     0.4500222E+02
    -0.1090667E+03     0.4500594E+02
    -0.1090465E+03     0.4500622E+02
    -0.1090315E+03     0.4500476E+02
    -0.1090177E+03     0.4500637E+02
    -0.1090000E+03     0.4500237E+02
    -0.1089289E+03     0.4500242E+02
    -0.1087514E+03     0.4500216E+02
    -0.1085739E+03     0.4500163E+02
    -0.1083964E+03     0.4500082E+02
    -0.1083340E+03     0.4500000E+02
    -0.1082507E+03     0.4499994E+02
    -0.1082189E+03     0.4500000E+02
    -0.1081674E+03     0.4500000E+02
    -0.1080841E+03     0.4500000E+02
    -0.1080008E+03     0.4500000E+02
    -0.1079175E+03     0.4500000E+02
    -0.1078342E+03     0.4500000E+02
    -0.1077509E+03     0.4500000E+02
    -0.1076676E+03     0.4500000E+02
    -0.1075843E+03     0.4499977E+02
    -0.1075193E+03     0.4500035E+02
    -0.1075010E+03     0.4500000E+02
    -0.1074177E+03     0.4500000E+02
    -0.1073344E+03     0.4500000E+02
    -0.1072511E+03     0.4500000E+02
    -0.1071678E+03     0.4500000E+02
    -0.1070845E+03     0.4500000E+02
    -0.1070012E+03     0.4500000E+02
    -0.1069179E+03     0.4500000E+02
    -0.1068346E+03     0.4500000E+02
    -0.1067513E+03     0.4500000E+02
    -0.1066680E+03     0.4500000E+02
    -0.1065847E+03     0.4500000E+02
    -0.1065014E+03     0.4500000E+02
    -0.1064181E+03     0.4500000E+02
    -0.1063348E+03     0.4500000E+02
    -0.1062515E+03     0.4500000E+02
    -0.1061682E+03     0.4500000E+02
    -0.1060849E+03     0.4500000E+02
    -0.1060016E+03     0.4500000E+02
    -0.1059183E+03     0.4500000E+02
    -0.1058350E+03     0.4500000E+02
    -0.1057517E+03     0.4500000E+02
    -0.1056684E+03     0.4500000E+02
    -0.1055851E+03     0.4500000E+02
    -0.1055018E+03     0.4500000E+02
    -0.1054185E+03     0.4500000E+02
    -0.1053352E+03     0.4500000E+02
    -0.1052519E+03     0.4500000E+02
    -0.1051686E+03     0.4500000E+02
    -0.1050853E+03     0.4500000E+02
    -0.1050020E+03     0.4500000E+02
    -0.1050000E+03     0.4500000E+02
    -0.1049167E+03     0.4500000E+02
    -0.1048334E+03     0.4500000E+02
    -0.1047501E+03     0.4500000E+02
    -0.1046668E+03     0.4500000E+02
    -0.1045835E+03     0.4500000E+02
    -0.1045002E+03     0.4500000E+02
    -0.1044169E+03     0.4500000E+02
    -0.1043336E+03     0.4500000E+02
    -0.1042503E+03     0.4500000E+02
    -0.1041670E+03     0.4500000E+02
    -0.1040837E+03     0.4500000E+02
    -0.1040648E+03     0.4500000E+02
    -0.1040645E+03     0.4486798E+02
    -0.1040641E+03     0.4474215E+02
    -0.1040638E+03     0.4461632E+02
    -0.1040635E+03     0.4449048E+02
    -0.1040631E+03     0.4436464E+02
    -0.1040628E+03     0.4423879E+02
    -0.1040625E+03     0.4412799E+02
    -0.1040617E+03     0.4400214E+02
    -0.1040609E+03     0.4387628E+02
    -0.1040601E+03     0.4375042E+02
    -0.1040593E+03     0.4362457E+02
    -0.1040586E+03     0.4349870E+02
    -0.1040578E+03     0.4337284E+02
    -0.1040574E+03     0.4330397E+02
    -0.1040566E+03     0.4317458E+02
    -0.1040561E+03     0.4304873E+02
    -0.1040558E+03     0.4300143E+02
    -0.1040545E+03     0.4287797E+02
    -0.1040546E+03     0.4275211E+02
    -0.1040547E+03     0.4262626E+02
    -0.1040548E+03     0.4250041E+02
    -0.1040549E+03     0.4237457E+02
    -0.1040550E+03     0.4224873E+02
    -0.1040551E+03     0.4216677E+02
    -0.1040544E+03     0.4204094E+02
    -0.1040537E+03     0.4191512E+02
    -0.1040532E+03     0.4182549E+02
    -0.1040535E+03     0.4178931E+02
    -0.1040545E+03     0.4166350E+02
    -0.1040555E+03     0.4153770E+02
    -0.1040565E+03     0.4141191E+02
    -0.1040575E+03     0.4128614E+02
    -0.1040576E+03     0.4127228E+02
    -0.1040562E+03     0.4114651E+02
    -0.1040549E+03     0.4102076E+02
    -0.1040547E+03     0.4100295E+02
    -0.1042208E+03     0.4100245E+02
    -0.1043869E+03     0.4100170E+02
    -0.1044998E+03     0.4100104E+02
    -0.1045530E+03     0.4100198E+02
    -0.1046903E+03     0.4100429E+02
    -0.1047191E+03     0.4100327E+02
    -0.1047335E+03     0.4100276E+02
    -0.1048852E+03     0.4100224E+02
    -0.1050000E+03     0.4100169E+02
    -0.1050514E+03     0.4100143E+02
    -0.1052175E+03     0.4100037E+02
    -0.1052287E+03     0.4100029E+02
    -0.1053836E+03     0.4100185E+02
    -0.1055497E+03     0.4100327E+02
    -0.1057159E+03     0.4100444E+02
    -0.1058820E+03     0.4100536E+02
    -0.1060481E+03     0.4100602E+02
    -0.1060559E+03     0.4100605E+02
    -0.1062221E+03     0.4100449E+02
    -0.1063882E+03     0.4100267E+02
    -0.1063977E+03     0.4100256E+02
    -0.1065543E+03     0.4100392E+02
    -0.1067204E+03     0.4100512E+02
    -0.1068866E+03     0.4100606E+02
    -0.1070527E+03     0.4100675E+02
    -0.1071021E+03     0.4100690E+02
    -0.1072189E+03     0.4100636E+02
    -0.1073850E+03     0.4100537E+02
    -0.1075006E+03     0.4100454E+02
    -0.1075511E+03     0.4100472E+02
    -0.1077173E+03     0.4100515E+02
    -0.1078280E+03     0.4100530E+02
    -0.1078503E+03     0.4101043E+02
    -0.1078761E+03     0.4100876E+02
    -0.1078823E+03     0.4100866E+02
    -0.1079800E+03     0.4100691E+02
    -0.1080483E+03     0.4100358E+02
    -0.1080749E+03     0.4100227E+02
    -0.1082143E+03     0.4100108E+02
    -0.1083544E+03     0.4099971E+02
    -0.1085205E+03     0.4100103E+02
    -0.1086866E+03     0.4100211E+02
    -0.1088528E+03     0.4100292E+02
    -0.1090000E+03     0.4100342E+02
    -0.1090050E+03     0.4101366E+02
    -0.1090562E+03     0.4101236E+02
    -0.1091228E+03     0.4101139E+02
    -0.1091342E+03     0.4101265E+02
    -0.1091695E+03     0.4101166E+02
    -0.1091757E+03     0.4101301E+02
    -0.1091807E+03     0.4101298E+02
    -0.1093468E+03     0.4101200E+02
    -0.1094218E+03     0.4101328E+02
    -0.1094277E+03     0.4101206E+02
    -0.1094321E+03     0.4101328E+02
    -0.1095125E+03     0.4101329E+02
    -0.1096787E+03     0.4101313E+02
    -0.1097914E+03     0.4101289E+02
    -0.1098448E+03     0.4101192E+02
    -0.1099237E+03     0.4101046E+02
    -0.1100000E+03     0.4101220E+02
    -0.1100058E+03     0.4101234E+02
    -0.1100845E+03     0.4101143E+02
    -0.1100897E+03     0.4101198E+02
    -0.1100947E+03     0.4101250E+02
    -0.1101816E+03     0.4101065E+02
    -0.1102558E+03     0.4101041E+02
    -0.1102799E+03     0.4101031E+02
    -0.1102864E+03     0.4101139E+02
    -0.1103567E+03     0.4100732E+02
    -0.1103851E+03     0.4100938E+02
    -0.1103928E+03     0.4100931E+02
    -0.1105205E+03     0.4100800E+02
    -0.1105589E+03     0.4100817E+02
    -0.1107251E+03     0.4100875E+02
    -0.1108913E+03     0.4100907E+02
    -0.1109582E+03     0.4100912E+02
    -0.1110287E+03     0.4101077E+02
    -0.1110469E+03     0.4100988E+02
    -0.1110469E+03     0.4101777E+02
    -0.1110464E+03     0.4107863E+02
    -0.1110439E+03     0.4108721E+02
    -0.1110461E+03     0.4109237E+02
    -0.1110461E+03     0.4114304E+02
    -0.1110462E+03     0.4126882E+02
    -0.1110452E+03     0.4137831E+02
    -0.1110440E+03     0.4150411E+02
    -0.1110445E+03     0.4153139E+02
    -0.1110468E+03     0.4165719E+02
    -0.1110470E+03     0.4167090E+02
    -0.1110451E+03     0.4178300E+02
    -0.1110469E+03     0.4187987E+02
    -0.1110481E+03     0.4194640E+02
    -0.1110452E+03     0.4196482E+02
    -0.1110461E+03     0.4199790E+02
    -0.1110485E+03     0.4200536E+02
    -0.1110467E+03     0.4213119E+02
    -0.1110456E+03     0.4221073E+02
    -0.1110485E+03     0.4223336E+02
    -0.1110468E+03     0.4224451E+02
    -0.1110469E+03     0.4225686E+02
    -0.1110472E+03     0.4238271E+02
    -0.1110475E+03     0.4250856E+02
    -0.1110478E+03     0.4263442E+02
    -0.1110481E+03     0.4276028E+02
    -0.1110484E+03     0.4286008E+02
    -0.1110502E+03     0.4287049E+02
    -0.1110491E+03     0.4288604E+02
    -0.1110481E+03     0.4289952E+02
    -0.1110484E+03     0.4298328E+02
    -0.1110434E+03     0.4299656E+02
    -0.1110435E+03     0.4301139E+02
    -0.1110445E+03     0.4313726E+02
    -0.1110454E+03     0.4326313E+02
    -0.1110463E+03     0.4338900E+02
    -0.1110473E+03     0.4351487E+02
    -0.1110475E+03     0.4354510E+02
    -0.1110455E+03     0.4356978E+02
    -0.1110483E+03     0.4357705E+02
    -0.1110470E+03     0.4358363E+02
    -0.1110485E+03     0.4370286E+02
    -0.1110501E+03     0.4382872E+02
    -0.1110513E+03     0.4392637E+02
    -0.1110515E+03     0.4395459E+02
    -0.1110521E+03     0.4408045E+02
    -0.1110528E+03     0.4420631E+02
    -0.1110534E+03     0.4433217E+02
    -0.1110541E+03     0.4445802E+02
    -0.1110542E+03     0.4448468E+02
    -0.1110553E+03     0.4461053E+02
    -0.1110564E+03     0.4473637E+02
    -0.1110574E+03     0.4486221E+02
    -0.1110580E+03     0.4492524E+02
    -0.1110570E+03     0.4498803E+02
    -0.1110568E+03     0.4500000E+02
    -0.1110568E+03     0.4500500E+02
    -0.1109032E+03     0.4500575E+02
    -0.1108116E+03     0.4500610E+02
    -0.1108025E+03     0.4500977E+02
    -0.1107937E+03     0.4501023E+02
    -0.1107612E+03     0.4500261E+02
    -0.1107550E+03     0.4500000E+02
    -0.1107463E+03     0.4499633E+02
    -0.1107313E+03     0.4499515E+02
    -0.1107299E+03     0.4499503E+02
    -0.1106970E+03     0.4498737E+02
    -0.1106871E+03     0.4498892E+02
    -0.1105558E+03     0.4498903E+02
    -0.1103987E+03     0.4498896E+02
    -0.1103805E+03     0.4499540E+02
    -0.1103675E+03     0.4500000E+02
    -0.1103577E+03     0.4500347E+02
    -0.1103509E+03     0.4500287E+02
    -0.1103436E+03     0.4500477E+02
    -0.1103297E+03     0.4500171E+02
    -0.1103257E+03     0.4500000E+02
    -0.1103059E+03     0.4499144E+02
    -0.1102855E+03     0.4499399E+02
    -0.1102113E+03     0.4499210E+02
    -0.1101715E+03     0.4499107E+02
    -0.1101526E+03     0.4499482E+02
    -0.1101445E+03     0.4499780E+02
    -0.1101416E+03     0.4500000E+02
    -0.1101339E+03     0.4500570E+02
    -0.1101264E+03     0.4500917E+02
    -0.1100418E+03     0.4500996E+02
    -0.1100000E+03     0.4501030E+02
    -0.1098643E+03     0.4501140E+02
    -0.1098417E+03     0.4501157E+02
END
END
